-0.000000 0.000004 -0.000000
-0.000000 0.000004 -0.000000
-0.000000 0.000004 -0.000000
-0.000000 0.000004 -0.000000
-0.000000 0.000004 -0.000000
-0.000000 0.000004 -0.000000
-0.000000 0.000004 -0.000000
-0.000000 0.000004 -0.000000
-0.000000 0.000004 -0.000000
-0.000000 0.000004 -0.000000
-0.000000 0.000004 -0.000000
-0.000000 0.000004 -0.000000
-0.000000 0.000004 -0.000000
-0.000000 0.000004 -0.000000
-0.000000 0.000004 -0.000000
-0.000000 0.000004 -0.000000
-0.000000 0.000004 -0.000000
-0.000000 0.000004 -0.000000
-0.000000 0.000004 -0.000000
-0.000000 0.000004 -0.000000
-0.000000 0.000004 -0.000000
-0.000000 0.000004 -0.000000
-0.000000 0.000004 -0.000000
-0.000000 0.000004 -0.000000
-0.000000 0.000004 -0.000000
-0.000000 0.000004 -0.000000
-0.000000 0.000004 -0.000000
-0.000000 0.000004 -0.000000
-0.000000 0.000004 -0.000000
-0.000000 0.000004 -0.000000
-0.000000 0.000004 -0.000000
-0.000000 0.000004 -0.000000
-0.000000 0.000004 -0.000000
-0.107874 -1.964332 -0.000000
-0.217334 -2.417071 -0.000000
0.131669 -2.496532 -0.000000
0.122151 -2.880898 -0.000001
-0.483846 -3.344725 -0.000001
-1.199303 -3.767898 -0.000001
-1.876687 -4.152265 -0.000002
-2.528689 -4.547719 -0.000002
-3.286978 -4.917302 -0.000003
-4.076995 -5.455045 -0.000004
-4.855908 -6.129535 -0.000005
-5.763317 -6.565643 -0.000006
-6.540643 -6.953705 -0.000007
-7.122845 -7.561669 -0.000008
-7.440121 -8.276812 -0.000010
-7.987423 -8.690745 -0.000011
-8.377672 -8.877385 -0.000012
-9.126444 -9.051088 -0.000013
-10.378098 -9.692314 -0.000016
-11.375932 -10.703123 -0.000019
-12.288102 -11.614145 -0.000022
-13.295455 -12.458642 -0.000026
-14.060091 -13.101716 -0.000029
-14.607393 -13.796532 -0.000032
-15.115037 -14.805494 -0.000035
-15.833668 -15.640751 -0.000039
-16.777566 -16.307847 -0.000043
-17.640559 -17.061796 -0.000047
-18.481342 -17.754763 -0.000052
-19.433172 -18.384901 -0.000056
-20.312028 -19.120370 -0.000061
-21.225786 -20.016608 -0.000067
-22.290250 -20.947956 -0.000073
-23.031091 -21.365583 -0.000077
-23.810006 -21.853431 -0.000082
-24.468355 -22.337584 -0.000086
-25.256789 -23.080445 -0.000092
-26.100746 -23.775259 -0.000098
-26.751164 -24.270499 -0.000102
-27.322263 -24.743564 -0.000107
-28.096420 -25.560342 -0.000113
-28.810294 -26.358640 -0.000120
-29.511478 -27.387927 -0.000127
-30.428410 -28.295252 -0.000136
-31.270781 -29.099093 -0.000143
-32.397116 -29.886302 -0.000153
-33.256938 -30.631010 -0.000160
-33.981918 -31.440395 -0.000168
-34.914714 -32.393917 -0.000178
-36.074364 -33.497119 -0.000190
-37.603641 -34.302805 -0.000203
-39.205892 -35.241541 -0.000218
-40.519421 -36.121144 -0.000231
-41.564852 -36.928680 -0.000243
-42.505581 -37.688170 -0.000253
-43.216284 -38.419942 -0.000262
-43.827045 -39.148018 -0.000271
-44.480639 -39.940772 -0.000281
-45.359499 -40.709501 -0.000292
-46.212977 -41.515189 -0.000303
-46.918921 -42.108367 -0.000312
-47.707358 -42.725568 -0.000322
-48.562422 -43.464731 -0.000333
-49.196980 -44.093019 -0.000343
-50.171023 -44.619671 -0.000354
-51.308465 -45.390247 -0.000368
-52.249195 -46.103538 -0.000381
-53.145505 -46.635733 -0.000392
-53.781649 -47.214128 -0.000402
-54.265499 -47.696431 -0.000410
-54.708104 -48.263740 -0.000418
-55.650420 -48.923441 -0.000431
-56.691094 -49.669994 -0.000446
-57.730181 -50.471984 -0.000462
-58.951702 -51.129835 -0.000478
-59.692549 -51.983568 -0.000492
-60.709426 -52.506523 -0.000506
-61.423304 -53.155137 -0.000518
-62.170496 -53.820383 -0.000531
-62.727321 -54.367363 -0.000541
-63.258765 -55.173051 -0.000553
-63.858425 -56.006458 -0.000566
-64.466016 -56.802906 -0.000579
-65.183068 -57.625225 -0.000594
-65.800177 -58.382867 -0.000607
-66.706009 -59.170074 -0.000624
-67.421474 -59.757706 -0.000637
-68.232122 -60.289901 -0.000651
-68.955518 -60.820248 -0.000664
-69.910528 -61.505819 -0.000681
-71.025763 -62.202476 -0.000700
-71.695225 -63.089472 -0.000716
-72.612163 -63.967226 -0.000735
-73.808305 -64.706384 -0.000756
-74.931474 -65.510220 -0.000778
-76.008637 -66.282641 -0.000798
-77.025518 -67.012560 -0.000818
-78.155033 -67.921727 -0.000842
-79.197297 -68.731107 -0.000863
-80.047607 -69.401894 -0.000881
-81.010550 -70.050505 -0.000900
-81.906864 -70.617809 -0.000918
-82.977683 -71.379142 -0.000940
-84.130995 -72.251349 -0.000965
-85.300172 -73.238127 -0.000992
-86.410652 -74.065985 -0.001017
-87.492576 -74.866123 -0.001041
-88.469800 -75.740180 -0.001065
-89.237620 -76.651196 -0.001086
-89.800797 -77.604716 -0.001106
-90.287828 -78.694983 -0.001126
-90.797069 -79.761226 -0.001146
-91.192089 -80.779425 -0.001165
-91.571246 -81.854909 -0.001184
-91.737824 -82.736363 -0.001198
-91.622025 -83.505098 -0.001206
-91.499878 -84.166653 -0.001213
-91.130255 -84.867016 -0.001217
-90.681314 -85.781739 -0.001223
-90.119740 -86.762987 -0.001229
-89.161567 -87.640756 -0.001227
-88.458802 -88.466780 -0.001229
-87.829012 -89.314979 -0.001232
-87.326133 -90.218615 -0.001238
-86.767732 -91.334761 -0.001246
-86.491707 -92.203284 -0.001255
-86.472679 -93.208551 -0.001269
-86.342604 -94.313606 -0.001284
-86.226808 -95.633019 -0.001302
-86.141151 -96.690028 -0.001317
-86.182406 -97.717469 -0.001333
-86.439410 -98.750452 -0.001353
-86.729729 -99.814850 -0.001373
-86.850305 -101.106542 -0.001395
-86.824932 -102.135832 -0.001411
-86.618712 -103.525467 -0.001431
-86.680590 -104.597258 -0.001450
-86.828133 -105.589588 -0.001468
-86.560041 -106.605944 -0.001481
-86.331609 -107.711000 -0.001497
-86.334792 -108.965735 -0.001518
-86.342735 -110.316562 -0.001542
-86.366540 -111.410528 -0.001561
-86.277711 -112.543301 -0.001580
-86.155569 -113.759231 -0.001600
-86.014391 -115.134082 -0.001623
-85.835138 -116.390667 -0.001643
-85.387788 -118.075970 -0.001668
-85.029274 -119.419408 -0.001689
-84.680279 -120.945790 -0.001713
-84.374118 -122.612613 -0.001741
-84.374130 -124.142688 -0.001771
-84.285302 -125.469493 -0.001795
-84.156814 -126.711293 -0.001818
-84.041018 -128.041794 -0.001844
-83.880802 -129.318706 -0.001867
-83.536564 -130.654752 -0.001890
-83.209775 -131.774592 -0.001909
-82.805251 -132.816820 -0.001925
-82.462597 -133.807306 -0.001942
-82.227816 -134.594520 -0.001955
-82.072357 -135.640442 -0.001976
-82.032705 -136.634621 -0.001996
-81.713845 -137.408900 -0.002009
-81.298216 -138.373516 -0.002025
-81.180829 -139.317802 -0.002044
-81.126898 -140.090231 -0.002060
-81.022201 -140.753634 -0.002073
-80.852463 -141.681290 -0.002092
-80.777908 -142.427848 -0.002108
-80.709699 -143.272347 -0.002126
-80.506647 -144.187067 -0.002144
-80.487619 -145.293969 -0.002169
-80.433687 -146.038679 -0.002185
-80.408312 -147.090144 -0.002209
-80.495572 -148.099106 -0.002234
-80.528894 -149.039695 -0.002256
-80.665332 -150.000610 -0.002281
-80.722449 -150.837716 -0.002301
-80.708179 -151.828199 -0.002325
-80.455949 -152.872274 -0.002346
-80.256070 -153.862758 -0.002368
-79.910242 -154.834765 -0.002387
-79.610419 -155.840034 -0.002408
-79.372468 -157.022702 -0.002434
-78.848964 -158.223851 -0.002457
-78.434921 -159.290102 -0.002479
-77.947903 -160.291676 -0.002498
-77.516407 -161.132481 -0.002514
-77.072223 -162.294824 -0.002538
-76.870757 -163.279765 -0.002561
-76.482096 -164.362647 -0.002584
-76.109298 -165.225626 -0.002602
-76.121995 -166.042405 -0.002624
-76.080755 -166.925709 -0.002646
-75.793624 -168.019678 -0.002672
-75.358957 -169.180172 -0.002698
-74.843384 -170.381322 -0.002724
-74.291323 -171.373657 -0.002744
-74.034333 -172.406644 -0.002769
-73.644083 -173.214186 -0.002786
-72.949246 -174.489253 -0.002813
-72.203645 -175.810518 -0.002841
-71.711868 -177.092975 -0.002871
-71.277201 -178.253470 -0.002899
-71.145538 -179.548860 -0.002934
-71.088434 -180.507929 -0.002960
-70.936146 -181.550154 -0.002988
-70.603007 -182.439004 -0.003010
-70.403125 -183.263176 -0.003032
-70.549081 -184.172350 -0.003060
-70.604611 -185.085220 -0.003087
-70.617308 -185.894607 -0.003110
-70.530061 -186.777912 -0.003135
-70.628426 -187.838615 -0.003168
-70.731549 -188.873448 -0.003200
-70.511045 -189.902738 -0.003228
-70.376209 -191.114972 -0.003263
-70.298483 -192.255137 -0.003296
-70.225517 -193.668793 -0.003338
-69.890794 -195.063972 -0.003377
-69.694089 -196.418496 -0.003417
-69.405371 -197.686169 -0.003453
-68.916766 -199.107219 -0.003492
-68.509072 -201.008728 -0.003548
-68.104549 -202.843711 -0.003602
-67.647671 -204.006053 -0.003634
-67.373230 -205.197961 -0.003670
-67.024227 -206.349215 -0.003703
-67.008370 -207.474596 -0.003740
-66.752965 -208.514974 -0.003771
-66.646683 -209.777102 -0.003812
-66.283403 -210.908029 -0.003845
-65.885221 -212.109177 -0.003881
-65.699620 -213.471092 -0.003925
-65.196734 -214.565062 -0.003956
-64.763652 -215.799472 -0.003994
-64.330568 -216.854635 -0.004025
-63.757880 -217.991107 -0.004059
-63.464401 -219.184862 -0.004097
-63.232791 -220.240024 -0.004131
-63.026566 -221.579764 -0.004175
-62.923457 -222.958310 -0.004223
-62.560177 -224.301748 -0.004266
-61.984318 -225.696928 -0.004310
-61.343414 -226.933187 -0.004348
-60.777073 -228.459569 -0.004397
-60.163140 -229.974864 -0.004446
-59.480992 -231.601034 -0.004499
-58.816291 -232.791096 -0.004536
-58.015156 -233.561681 -0.004557
-57.263198 -233.885071 -0.004562
-56.749200 -233.894313 -0.004558
-56.249478 -233.563539 -0.004541
-55.592699 -232.935251 -0.004513
-54.880395 -232.192392 -0.004479
-54.091945 -231.617694 -0.004452
-52.992557 -230.970929 -0.004419
-51.652034 -230.346340 -0.004385
-50.152872 -229.958285 -0.004359
-48.853597 -229.475985 -0.004332
-47.635231 -229.276416 -0.004315
-46.453353 -229.185873 -0.004303
-45.136629 -228.969673 -0.004286
-43.891294 -228.792278 -0.004271
-42.622162 -228.598252 -0.004255
-41.356204 -228.481839 -0.004243
-40.432912 -228.686961 -0.004244
-39.179647 -228.930891 -0.004245
