0.000000 0.000000 0.000000
-0.000000 -0.000000 0.000000
-0.014029 -0.011038 0.000120
-0.032326 -0.018267 -0.003043
-0.036854 -0.017572 -0.004456
-0.038892 -0.015755 -0.007882
-0.052061 -0.030297 -0.018593
-0.074729 -0.053837 -0.015386
-0.112759 -0.122879 0.001559
-0.153560 -0.200954 0.003854
-0.207031 -0.246064 -0.061188
-0.252367 -0.239904 -0.110304
-0.220323 -0.206546 -0.053583
-0.179498 -0.181286 -0.078305
-0.140691 0.039608 -0.083366
0.270265 -0.040686 -0.155542
-0.064147 -0.141120 -0.146146
0.045619 -0.093035 -0.125260
0.083465 -0.118962 -0.163069
0.077469 -0.101879 -0.173812
0.071651 -0.087492 -0.140744
0.057616 -0.055057 -0.167661
-0.008285 0.011222 -0.205583
-0.047977 0.070257 -0.198636
-0.064675 0.097639 -0.182228
-0.007956 0.086667 -0.168522
-0.016765 0.177860 -0.137594
-0.004851 0.280887 -0.113744
0.840779 -0.071205 -0.106337
1.371960 -0.226966 -0.088889
1.943785 -0.285366 -0.080587
2.464387 -0.253515 -0.108510
2.812930 -0.240475 -0.105923
3.382350 -0.139915 -0.088879
4.064150 -0.051163 -0.069006
4.724265 0.099680 -0.081028
5.575447 0.230736 -0.054396
6.148825 0.264119 -0.015846
6.872542 0.419190 -0.015882
7.598128 0.364212 0.027850
8.325575 0.399020 0.034623
9.084523 0.353055 0.074657
9.982345 0.398174 0.075651
10.925334 0.437049 0.128996
11.903631 0.352451 0.154098
12.800313 0.363033 0.172058
13.700328 0.311512 0.189701
14.638440 0.426851 0.193908
15.552139 0.372054 0.217873
16.455041 0.353505 0.221456
17.391321 0.386688 0.261599
18.168093 0.356076 0.277313
18.902266 0.312893 0.289367
19.857817 0.371226 0.306235
20.622232 0.352567 0.308380
21.497062 0.288437 0.335331
22.419818 0.245447 0.326150
23.429348 0.204925 0.352670
24.230056 0.285477 0.361081
25.008853 0.261916 0.392289
25.965076 0.250582 0.406219
26.910443 0.292622 0.405471
27.953335 0.279666 0.429639
28.866541 0.247793 0.424788
29.932846 0.149463 0.466670
30.893435 0.046942 0.480640
31.968690 0.036141 0.494824
32.960413 -0.007766 0.516073
33.996259 -0.083749 0.533275
34.969174 -0.257688 0.570233
36.006844 -0.365263 0.573042
36.992944 -0.343590 0.585215
38.023785 -0.426327 0.602147
39.016201 -0.574919 0.611796
40.229082 -0.667932 0.666254
41.323954 -0.711353 0.666774
42.419233 -0.750414 0.684701
43.461609 -0.810613 0.716541
44.514933 -0.869362 0.717523
45.552381 -1.040187 0.758372
46.716011 -1.123706 0.752782
47.818261 -1.246550 0.769644
48.925313 -1.386782 0.808719
50.046812 -1.463741 0.820484
51.203242 -1.623899 0.833903
52.491352 -1.752331 0.824126
53.766462 -1.815538 0.829703
55.059411 -1.928539 0.852968
56.286910 -2.155742 0.870283
57.483872 -2.312348 0.891236
58.632493 -2.391831 0.912869
59.921614 -2.578856 0.897561
61.168487 -2.678010 0.910674
62.397986 -2.803814 0.947593
63.659199 -2.989559 0.954613
64.918737 -3.123734 0.987369
66.140712 -3.207798 0.977193
67.353527 -3.281418 0.989196
68.553991 -3.380299 1.027362
69.806895 -3.532894 1.037669
71.086482 -3.692863 1.067303
72.319230 -3.850477 1.108993
73.500582 -3.959101 1.114494
74.496770 -4.100780 1.130275
75.733928 -4.192924 1.158925
76.925164 -4.277238 1.153747
78.086072 -4.343734 1.181145
79.392170 -4.443703 1.210851
80.629346 -4.620447 1.216561
81.736471 -4.753997 1.214419
82.958461 -4.914426 1.238060
84.099180 -5.052416 1.238563
85.196486 -5.203536 1.247769
86.392334 -5.406736 1.290240
87.574387 -5.522122 1.307061
88.789115 -5.641662 1.324942
89.926313 -5.774743 1.326566
90.990308 -5.896654 1.348664
92.212972 -6.040242 1.370490
93.426549 -6.121864 1.380313
94.595271 -6.198850 1.401368
95.883108 -6.281315 1.432251
97.182927 -6.359385 1.432886
98.494270 -6.453415 1.431637
99.745368 -6.536715 1.466302
100.777775 -6.718127 1.475853
102.033276 -6.826434 1.469120
103.166946 -6.932696 1.513559
104.425530 -7.027719 1.542019
105.673317 -7.158025 1.554005
106.732614 -7.325753 1.575847
108.027897 -7.485567 1.595844
109.247207 -7.620275 1.623669
110.257878 -7.771558 1.636018
111.548068 -7.909584 1.682607
112.766600 -8.058786 1.712915
114.035873 -8.137995 1.701936
115.264507 -8.277719 1.729964
116.609590 -8.457404 1.758677
117.805198 -8.570207 1.770270
118.840287 -8.692536 1.783705
119.817825 -8.716601 1.842806
120.840607 -8.712857 1.844397
121.788380 -8.567799 1.875605
122.771577 -8.302229 1.923958
123.719306 -7.892005 1.938390
124.600870 -7.362048 1.973103
125.122452 -6.654215 1.992658
125.415044 -5.851678 2.037528
125.556178 -4.838483 2.080864
125.461558 -3.849687 2.207585
125.558748 -2.830938 2.278083
125.827445 -1.788493 2.328264
126.353127 -0.785212 2.356948
126.936069 0.074516 2.397758
127.664575 1.092834 2.447165
128.327081 2.083399 2.465733
128.915820 3.001946 2.507959
129.640624 4.010072 2.527309
130.218944 4.929654 2.530336
130.736566 5.923093 2.585493
131.361556 6.950712 2.579585
131.985091 7.919298 2.595358
132.657899 8.901880 2.629644
133.290770 9.904001 2.637505
133.864948 10.689309 2.668127
134.594469 11.667997 2.684557
135.339187 12.651658 2.682344
135.872750 13.438046 2.715020
136.597023 14.475840 2.732457
137.256073 15.275554 2.744916
138.024229 16.098288 2.797207
138.821608 17.020367 2.807471
139.500335 17.960925 2.819935
140.219193 18.847097 2.868717
140.957377 19.729599 2.876621
141.766216 20.550794 2.906125
142.508065 21.349180 2.964083
143.355755 22.248753 2.971330
144.170125 23.180148 2.966843
145.053261 24.166040 3.010450
145.781122 24.997329 3.051343
146.616994 25.902814 3.039565
147.388444 26.951109 3.036797
148.177932 28.000205 3.063314
149.000484 29.017856 3.079360
149.805189 30.136661 3.089785
150.520456 31.224768 3.101258
151.281729 32.296866 3.179332
152.004725 33.377425 3.199162
152.651961 34.402534 3.223776
153.176381 35.270818 3.193490
153.812015 36.312615 3.219272
154.491037 37.397546 3.263403
155.280016 38.493351 3.318020
155.927569 39.407755 3.406007
156.759167 40.273316 3.425059
157.609129 41.266920 3.439600
158.480764 42.179435 3.458821
159.189576 42.993498 3.516976
159.889985 43.875006 3.514461
160.587631 44.687417 3.550206
161.199646 45.449235 3.595419
161.971451 46.332377 3.613866
162.774814 47.312671 3.640111
163.361084 48.127468 3.683858
164.123918 49.240832 3.693248
164.885275 50.200517 3.733823
165.610458 51.081058 3.773970
166.362150 51.946574 3.785424
167.066865 52.821753 3.842395
167.818185 53.809774 3.883000
168.450877 54.704238 3.891874
168.890443 55.185092 3.913136
169.588170 56.098556 3.938388
170.143561 56.773556 3.964867
170.637076 57.445115 4.034720
171.229738 58.165593 4.037174
171.929788 58.975507 4.058635
172.475759 59.659833 4.101513
172.966955 60.394527 4.096432
173.490705 61.373564 4.130347
173.959802 62.115214 4.153586
174.394824 62.843104 4.170837
174.878187 63.630046 4.223763
175.539721 64.506793 4.242953
176.255919 65.417968 4.272756
177.035168 66.360681 4.299524
177.671772 67.252647 4.302543
178.239993 68.078311 4.314980
178.765252 68.943136 4.370999
179.329010 69.659519 4.395790
179.769818 70.580188 4.431107
180.332684 71.702721 4.469883
180.936138 72.800747 4.468406
181.348825 73.767801 4.492025
181.734340 74.715915 4.539053
182.151908 75.661770 4.548798
182.661507 76.566151 4.577612
183.315454 77.670733 4.612299
183.844852 78.646378 4.598940
184.297961 79.671692 4.631042
184.955245 80.706536 4.657853
185.495895 81.689623 4.664520
185.949279 82.507556 4.724568
186.500505 83.520793 4.732097
187.008819 84.470228 4.715786
187.538620 85.381071 4.767033
188.126514 86.304663 4.784595
188.856107 87.309588 4.780162
189.456892 88.139336 4.848994
190.152725 89.071890 4.866945
190.808137 90.018584 4.876847
191.411639 91.004218 4.918168
191.914316 91.897193 4.941621
192.529352 92.915708 4.944832
193.212466 93.839431 4.974837
193.921552 94.833009 5.017274
194.697469 96.018440 5.034028
195.323627 97.055785 5.053715
196.012144 98.165184 5.091083
196.726042 99.187126 5.092509
197.365697 100.155514 5.124590
198.000491 101.133309 5.189005
198.712635 102.291058 5.208756
199.368515 103.278883 5.222974
200.108231 104.293058 5.249032
200.794587 105.269722 5.294186
201.544108 106.269739 5.315589
202.106733 107.122155 5.370823
202.527830 108.268516 5.416182
202.978806 109.366913 5.431307
203.390787 110.400001 5.478917
203.884719 111.413516 5.487789
204.405755 112.487721 5.497639
204.847550 113.520337 5.481272
205.278439 114.665270 5.423601
205.542657 115.847979 5.425788
205.784232 117.018777 5.498837
205.974445 118.399039 5.558691
206.170941 119.625826 5.604903
206.454046 120.821114 5.655624
206.691492 121.656913 5.682818
206.622798 122.375128 5.732430
206.310301 122.838607 5.715064
205.566792 123.370820 5.767268
204.753596 124.059835 5.757980
203.796160 124.759421 5.813415
202.893251 125.556197 5.825736
201.962687 126.378054 5.851889
200.846667 127.201641 5.909044
199.731891 127.882226 5.915431
198.568664 128.649878 5.904532
197.440710 129.387729 5.945008
196.309284 130.192331 5.977618
195.176389 130.994734 5.979774
194.129988 131.638701 6.034482
192.977518 132.341169 6.065951
191.825006 133.205988 6.084120
190.782260 133.901012 6.072690
189.813251 134.538301 6.113184
188.838286 135.200386 6.158745
