1461161170.97319 -0.00000092 0.00000774 0.00000337 0.00000696 0.00000017 -0.00000513 1.00000000
1461161171.17307 -0.03788482 -0.02034287 0.04122336 0.03737800 0.00563639 0.00093375 0.99928487
1461161171.31308 -0.07040038 -0.03511896 0.07774351 0.05575698 -0.00267012 0.01366996 0.99834722
1461161171.43324 -0.10373906 -0.05389827 0.11049446 0.07578742 -0.01416189 0.01989105 0.99682499
1461161171.55307 -0.13536375 -0.07570659 0.14099548 0.09231939 -0.01304842 0.04938231 0.99441855
1461161171.67298 -0.17079395 -0.09625553 0.16970020 0.10240429 -0.01585478 0.06316093 0.99260903
1461161171.79300 -0.21063913 -0.11676052 0.19925341 0.12669178 -0.01519850 0.05136773 0.99049460
1461161171.91303 -0.25108368 -0.13429491 0.23055221 0.13773822 -0.00921299 0.06840797 0.98806055
1461161172.03302 -0.29436257 -0.15365018 0.26006280 0.14407088 -0.01631894 0.09320009 0.98503351
1461161172.13307 -0.33449264 -0.17083214 0.28111443 0.15320305 -0.04079262 0.11134000 0.98105463
1461161172.23309 -0.37666552 -0.18697123 0.29736026 0.16057286 -0.06081413 0.11283538 0.97866551
1461161172.35301 -0.42579188 -0.20370420 0.31411590 0.16209519 -0.07241880 0.12135034 0.97660369
1461161172.47306 -0.47455778 -0.21867110 0.32397641 0.18030061 -0.07998419 0.13196293 0.97143194
1461161172.57307 -0.52010594 -0.22462984 0.32818392 0.18274145 -0.09936129 0.14791141 0.96687906
1461161172.69298 -0.58040610 -0.22843961 0.33108452 0.17901005 -0.11582324 0.16683561 0.96265583
1461161172.81297 -0.64213992 -0.23333413 0.33052398 0.17950637 -0.11495486 0.16885835 0.96231476
1461161172.91294 -0.69577363 -0.23622038 0.32782137 0.16611033 -0.12305673 0.17847509 0.96198287
1461161173.03493 -0.76027076 -0.23883558 0.32063263 0.17522949 -0.12555203 0.17634119 0.96043485
1461161173.15300 -0.82789284 -0.23899602 0.31127911 0.17680178 -0.13610746 0.17409289 0.95911811
1461161173.25294 -0.88567072 -0.23099608 0.30294878 0.16868165 -0.14756804 0.18170906 0.95747166
1461161173.35296 -0.94476588 -0.22291888 0.29331395 0.16079947 -0.14909787 0.18342151 0.95826401
1461161173.43470 -0.99259944 -0.21477700 0.28359857 0.13075677 -0.15703976 0.20115442 0.95800735
1461161173.53469 -1.05017483 -0.21726495 0.26922067 0.12576628 -0.16686127 0.21014911 0.95507984
1461161173.63495 -1.10897504 -0.22022748 0.25350365 0.13004552 -0.17075581 0.20630151 0.95465717
1461161173.71300 -1.16096673 -0.21769700 0.24003153 0.12666944 -0.18705164 0.19909161 0.95358747
1461161173.79299 -1.21283257 -0.21003188 0.22590014 0.11915586 -0.20550523 0.20050703 0.95045590
1461161173.89294 -1.27319966 -0.19579826 0.20855826 0.12045680 -0.21114584 0.19508047 0.95018483
1461161173.99295 -1.33513108 -0.17570565 0.19257915 0.10768514 -0.22316858 0.18880786 0.95023749
1461161174.09293 -1.39304663 -0.15872380 0.17855119 0.11098828 -0.22302655 0.16856771 0.95369056
1461161174.19302 -1.45276562 -0.13642781 0.16742712 0.09492741 -0.23239240 0.15019893 0.95625459
1461161174.27289 -1.49883404 -0.11664692 0.16106705 0.07348346 -0.24379584 0.12935766 0.95834773
1461161174.35278 -1.54333846 -0.09269806 0.15442187 0.05971580 -0.25455276 0.10569407 0.95940903
1461161174.43497 -1.58385852 -0.06811542 0.14834420 0.04199969 -0.26742579 0.09664119 0.95779954
1461161174.53294 -1.62333933 -0.03895005 0.14237800 0.02898337 -0.26283131 0.08828188 0.96035721
1461161174.65293 -1.65698964 -0.00692338 0.13831731 0.02295714 -0.24639087 0.07443083 0.96603549
1461161174.77284 -1.67604698 0.02364553 0.13516987 0.01384054 -0.22826663 0.04869994 0.97228139
1461161174.89280 -1.68514790 0.05613093 0.13102204 -0.00187066 -0.21963115 0.01018117 0.97552806
1461161175.05284 -1.68045932 0.08935732 0.12348887 -0.01511436 -0.20820480 -0.01625597 0.97783335
1461161175.21276 -1.65767003 0.11717352 0.11860389 -0.04063193 -0.18346783 -0.01913151 0.98199928
1461161175.35298 -1.62449169 0.13050740 0.11708703 -0.05476670 -0.15966899 -0.01890193 0.98546900
1461161175.49278 -1.57930457 0.13567154 0.12156200 -0.06476854 -0.13295653 -0.01006678 0.98895210
1461161175.61276 -1.52911695 0.14119098 0.12766139 -0.06251716 -0.10641724 -0.02030473 0.99214651
1461161175.73279 -1.47483472 0.14817726 0.13140376 -0.07008833 -0.08839705 -0.02274771 0.99335599
1461161175.83628 -1.42309584 0.15845149 0.13292085 -0.08741154 -0.06199127 -0.01943809 0.99405154
1461161175.93271 -1.37215619 0.16646661 0.13235444 -0.10836703 -0.05359841 -0.00478335 0.99265347
1461161176.05274 -1.31252065 0.16160172 0.13676429 -0.09310503 -0.05502883 -0.02350865 0.99385644
1461161176.13271 -1.26673577 0.15294190 0.14193090 -0.07697333 -0.03566712 -0.03917190 0.99562469
1461161176.25279 -1.19986583 0.14430042 0.15354135 -0.08566896 -0.03198290 -0.01710354 0.99566329
1461161176.33282 -1.15268507 0.13692079 0.16431871 -0.07531903 -0.00817314 -0.03260452 0.99659279
1461161176.41273 -1.10605458 0.13041613 0.17760243 -0.06197037 0.01170293 -0.03342962 0.99744933
1461161176.51272 -1.05013995 0.12295202 0.19735861 -0.04275072 0.01997168 -0.03703991 0.99819915
1461161176.61286 -0.99634682 0.11317645 0.21771669 -0.02019579 0.02903429 -0.04162555 0.99850711
1461161176.73472 -0.93831528 0.10382970 0.24124326 -0.01161139 0.04760957 -0.05108290 0.99749137
1461161176.81290 -0.89966610 0.09620877 0.25825892 -0.00443480 0.07847721 -0.05073092 0.99561440
1461161176.89268 -0.86150129 0.09231818 0.27786616 -0.01678073 0.11139958 -0.04508897 0.99261046
1461161177.01339 -0.81196781 0.08584291 0.31580146 -0.00968804 0.12992155 -0.03660682 0.99080092
1461161177.15268 -0.76082710 0.08651135 0.37066298 -0.00799987 0.14016352 -0.01868227 0.98991978
1461161177.27283 -0.71888762 0.08497529 0.41928285 -0.01231089 0.16024025 -0.01698091 0.98685518
1461161177.41293 -0.68716660 0.07520692 0.47650930 -0.00950491 0.16220442 -0.01247337 0.98663255
1461161177.55268 -0.66271348 0.06910468 0.53900549 -0.01323205 0.16749847 -0.00902809 0.98574219
1461161177.67271 -0.64206921 0.07441138 0.59943909 -0.01762396 0.17467188 -0.00961956 0.98442196
1461161177.79274 -0.62251859 0.08399888 0.66242361 -0.02703436 0.18440225 -0.02964046 0.98203177
1461161177.89277 -0.60094261 0.09040044 0.71349966 -0.03349428 0.21089359 -0.03329279 0.97636756
1461161177.97273 -0.58025283 0.09284067 0.75366752 -0.03444414 0.24563915 -0.02053240 0.96853159
1461161178.07279 -0.56306664 0.09304015 0.80368753 -0.03691404 0.25960799 -0.01029845 0.96495336
1461161178.17283 -0.54850008 0.09247005 0.85574027 -0.03645130 0.26047497 -0.01084241 0.96473133
1461161178.27268 -0.53277390 0.09400726 0.90931079 -0.03451629 0.25707700 -0.00784432 0.96574246
1461161178.35274 -0.51855690 0.09396144 0.95157941 -0.02054363 0.26337808 -0.00676196 0.96445022
1461161178.43454 -0.50474476 0.09529394 0.99403970 -0.01321685 0.25943503 -0.00020448 0.96567010
1461161178.49271 -0.49119832 0.09667628 1.02407950 -0.01888493 0.27883756 -0.00675897 0.96012879
1461161178.57297 -0.48052683 0.09521485 1.06580415 -0.01833114 0.25616875 -0.00387748 0.96645047
1461161178.65286 -0.46787755 0.08957290 1.10293698 -0.01789391 0.25657746 -0.01688941 0.96621041
1461161178.71268 -0.46154568 0.08410280 1.13088682 0.00051098 0.23217165 -0.00846319 0.97263788
1461161178.77268 -0.45162508 0.08199415 1.15634709 -0.00434236 0.23744706 -0.00708756 0.97136492
1461161178.83469 -0.44229827 0.07974510 1.18166483 -0.00410473 0.23728490 -0.00999000 0.97138006
1461161178.89261 -0.43329123 0.07688047 1.20617043 0.00587736 0.23674359 -0.00852935 0.97151695
1461161178.95263 -0.42610124 0.07459495 1.23136332 0.01614206 0.22525939 -0.00879153 0.97412543
1461161179.01261 -0.41830032 0.07282394 1.25553012 0.02303818 0.22025433 -0.01000217 0.97511908
1461161179.07266 -0.40879151 0.06941204 1.27787014 0.04042158 0.23069927 -0.01553331 0.97206104
1461161179.13494 -0.40148854 0.06903577 1.30120919 0.04248279 0.23500903 -0.01990077 0.97086041
1461161179.19299 -0.39398253 0.07096130 1.32307887 0.02971821 0.24217971 -0.02459743 0.96946417
1461161179.23484 -0.38906354 0.07126098 1.33757009 0.02814864 0.24743053 -0.02325571 0.96821741
1461161179.29262 -0.38299090 0.07179094 1.35969946 0.02410918 0.24307599 -0.02084904 0.96948343
1461161179.35330 -0.37628849 0.07277200 1.38101980 0.01721712 0.24067797 -0.02564720 0.97011335
1461161179.43523 -0.36673429 0.07410528 1.40668666 0.01582859 0.24050901 -0.02173596 0.97027440
1461161179.53446 -0.35641605 0.07703301 1.43700328 0.01409765 0.23217416 -0.02872281 0.97214784
1461161179.63516 -0.35070309 0.08115123 1.46542453 0.00926857 0.21792275 -0.03568907 0.97526922
1461161179.71265 -0.34944315 0.08067553 1.48787535 0.02689456 0.19266284 -0.03640385 0.98022062
1461161179.79288 -0.34930564 0.08386704 1.50989851 0.02749547 0.16136613 -0.03023445 0.98604810
1461161179.89259 -0.35008263 0.09233378 1.53690724 -0.00307658 0.12964250 -0.04577440 0.99049889
1461161180.01263 -0.35286920 0.09489470 1.56620771 -0.00302419 0.08774201 -0.05280977 0.99473782
1461161180.15264 -0.35408334 0.09369045 1.59546400 0.00703506 0.04371042 -0.04467470 0.99802008
1461161180.29266 -0.35329772 0.09694280 1.62260546 0.00517095 0.00363307 -0.02042619 0.99977139
1461161180.43565 -0.35665706 0.10649185 1.64817057 0.01191484 -0.04391061 -0.01450604 0.99885908
1461161180.63471 -0.35641778 0.11579194 1.68142009 -0.00667495 -0.08494201 -0.02544377 0.99603861
1461161180.83633 -0.36209082 0.11559554 1.70605273 -0.01327609 -0.13717947 -0.03086136 0.98997632
1461161181.01269 -0.36861240 0.12656732 1.72975792 -0.02752728 -0.19721188 -0.04573075 0.97890675
1461161181.17332 -0.37519009 0.13672943 1.75009065 -0.04671850 -0.24637429 -0.04998660 0.96675665
1461161181.23564 -0.37949263 0.14240643 1.75658308 -0.06337126 -0.26826694 -0.05802557 0.95950506
1461161181.37248 -0.38912561 0.14848256 1.77155736 -0.07452729 -0.31029136 -0.06033187 0.94579333
1461161181.53469 -0.40409874 0.15497610 1.78989446 -0.07772486 -0.35416600 -0.06586095 0.92961692
1461161181.65251 -0.42307018 0.16271430 1.80486686 -0.08068317 -0.39447905 -0.06876902 0.91276904
1461161181.73425 -0.43619412 0.16599661 1.81513232 -0.07511090 -0.41601349 -0.06828245 0.90367507
1461161181.83419 -0.45294178 0.16954977 1.82578321 -0.07185201 -0.43920047 -0.06706830 0.89299613
1461161181.97253 -0.47984175 0.17362397 1.83680620 -0.07691017 -0.47048513 -0.07128245 0.87615489
1461161182.07257 -0.50151418 0.17601364 1.83974877 -0.08269197 -0.50220135 -0.07671849 0.85736230
1461161182.17233 -0.52633038 0.17826036 1.84162628 -0.07966528 -0.53527763 -0.07682181 0.83739460
1461161182.23425 -0.54105328 0.17988821 1.84209607 -0.08081564 -0.55314990 -0.08046894 0.82523862
1461161182.33439 -0.56902568 0.18258071 1.84426939 -0.07817129 -0.58050319 -0.07532319 0.80698929
1461161182.43429 -0.59753566 0.18367070 1.84729805 -0.07291725 -0.60579704 -0.06888488 0.78927048
1461161182.47248 -0.60869146 0.18364835 1.84855098 -0.06911066 -0.61162400 -0.06368117 0.78554727
1461161182.57238 -0.63754305 0.18720420 1.84911835 -0.07236763 -0.64021024 -0.06830482 0.76172713
1461161182.67243 -0.66573397 0.18925355 1.84934047 -0.07056108 -0.65842717 -0.07353067 0.74571310
1461161182.77248 -0.69644855 0.19054833 1.84682622 -0.05845038 -0.68021129 -0.07666829 0.72664856
1461161182.89248 -0.73904221 0.19632284 1.84402800 -0.05492701 -0.70025862 -0.08002728 0.70725987
1461161183.07297 -0.81666503 0.20227877 1.84398241 -0.04632885 -0.70657358 -0.08027093 0.70154401
1461161183.19239 -0.87104770 0.20126080 1.84099531 -0.03637066 -0.71503149 -0.07921352 0.69363705
1461161183.31244 -0.92894998 0.19979675 1.84160393 -0.03909891 -0.71534790 -0.07550310 0.69357620
1461161183.41244 -0.97730459 0.19622169 1.84290653 -0.03574531 -0.71806103 -0.06092481 0.69238631
1461161183.51244 -1.02695254 0.19741766 1.84852800 -0.03362852 -0.71405829 -0.05217925 0.69732863
1461161183.59234 -1.06694175 0.19827112 1.84854304 -0.03027414 -0.72080199 -0.03381846 0.69165329
1461161183.69239 -1.11693843 0.19914307 1.84765411 -0.02808977 -0.72824630 -0.02095054 0.68441900
1461161183.79235 -1.16525387 0.20012131 1.84197664 -0.03800196 -0.75131118 -0.03224683 0.65806345
1461161183.91250 -1.22135272 0.18840707 1.83606285 -0.03365436 -0.76489723 -0.01154216 0.64316902
1461161184.01233 -1.26909932 0.17411329 1.82978084 -0.01989845 -0.78207710 0.00839677 0.62280732
1461161184.09278 -1.30847525 0.16215346 1.82657014 -0.01117800 -0.78293001 0.04744360 0.62019736
1461161184.19233 -1.35845552 0.15653256 1.82014508 -0.00392410 -0.78622958 0.06910059 0.61404621
1461161184.27314 -1.39940157 0.15488390 1.81412556 0.00299196 -0.79298297 0.08090090 0.60384112
1461161184.37240 -1.44959964 0.15516114 1.81091988 0.01349767 -0.79279724 0.07563319 0.60462382
1461161184.49233 -1.50558778 0.15053229 1.80981312 0.02240599 -0.79771090 0.08027970 0.59725242
1461161184.59230 -1.54766206 0.14407982 1.80821017 0.04240287 -0.81018614 0.08663387 0.57818248
1461161184.69239 -1.58937769 0.13982532 1.81132134 0.05746238 -0.81271394 0.11132865 0.56903433
1461161184.79239 -1.63257564 0.14028206 1.81411038 0.05915432 -0.81884618 0.12397450 0.55733474
1461161184.89270 -1.67575207 0.14069290 1.81766358 0.05729241 -0.82391236 0.13224247 0.54808570
1461161184.99261 -1.71754571 0.14061580 1.82120964 0.05360883 -0.82757539 0.13702551 0.54172786
1461161185.09240 -1.75795367 0.13997452 1.82224444 0.04922720 -0.83438407 0.13574444 0.53193360
1461161185.19230 -1.79578646 0.13714536 1.82302890 0.05013844 -0.83898972 0.14524968 0.52200088
1461161185.29226 -1.83458557 0.13784718 1.82847682 0.05739635 -0.83356007 0.15697575 0.52653763
1461161185.37228 -1.86856713 0.14460795 1.83409886 0.05945709 -0.82624787 0.14982322 0.53975209
1461161185.45231 -1.90416384 0.15243382 1.83828319 0.06143615 -0.81708573 0.14403181 0.55484353
1461161185.53420 -1.94039202 0.15996407 1.83880993 0.06721929 -0.81437391 0.13196700 0.56112513
1461161185.65236 -1.99551708 0.17016578 1.83834283 0.06004438 -0.80947448 0.11529676 0.57258396
1461161185.77233 -2.04612588 0.17509702 1.83874762 0.05168385 -0.80313318 0.10540205 0.58412010
1461161185.87239 -2.08747248 0.17824605 1.84227512 0.05011075 -0.79002010 0.09941347 0.60288815
1461161185.93386 -2.11011233 0.17996195 1.84369792 0.04773527 -0.78154328 0.10744863 0.61267139
1461161186.03409 -2.15306964 0.18226820 1.84461745 0.04700564 -0.77628161 0.11996917 0.61707757
1461161186.15234 -2.20558492 0.18772486 1.84132690 0.04666627 -0.77728411 0.12444864 0.61495057
1461161186.27239 -2.25998780 0.19161273 1.83531797 0.03946340 -0.77967381 0.13209249 0.61082154
1461161186.37226 -2.30198630 0.19303787 1.82331929 0.03303222 -0.79343594 0.12053760 0.59568362
1461161186.47225 -2.34075364 0.19089351 1.81142949 0.03129905 -0.81044728 0.11740240 0.57307264
1461161186.57216 -2.37988592 0.19108514 1.80352399 0.03163332 -0.81570738 0.11970886 0.56505804
1461161186.67230 -2.42045241 0.19608544 1.79176050 0.03402204 -0.82711625 0.12001589 0.54801222
1461161186.77225 -2.45975998 0.20399736 1.78041527 0.03945518 -0.83429242 0.10785588 0.53922774
1461161186.87218 -2.50081268 0.20913742 1.76726132 0.04301272 -0.84091741 0.10606343 0.52892188
1461161186.97219 -2.54065460 0.21247809 1.75355121 0.04261818 -0.85034446 0.09429067 0.51595277
1461161187.09226 -2.58882137 0.21381234 1.74285644 0.03529813 -0.85225986 0.08892676 0.51429486
1461161187.21232 -2.63346183 0.21714088 1.73686425 0.03177174 -0.85401866 0.09290430 0.51089282
1461161187.31220 -2.67233327 0.22230872 1.73243243 0.02402858 -0.85770318 0.09533291 0.50465783
1461161187.41228 -2.70847152 0.22532372 1.72715075 0.02349410 -0.86647345 0.10593683 0.48728758
1461161187.49219 -2.73584830 0.22639477 1.72172472 0.02175154 -0.87653046 0.11243829 0.46752417
1461161187.57231 -2.76004917 0.22638965 1.71345055 0.01885763 -0.88987987 0.10914705 0.44254393
1461161187.65215 -2.78084257 0.22546741 1.70437441 0.01431173 -0.90338707 0.10818146 0.41470923
1461161187.75216 -2.80361236 0.22290712 1.69279766 0.00869570 -0.91772412 0.10698142 0.38244188
1461161187.87221 -2.82859315 0.22345067 1.67959261 0.00960063 -0.93061842 0.10765574 0.34966759
1461161187.99224 -2.85293043 0.22447093 1.66398266 0.01880274 -0.94249625 0.11182886 0.31439082
1461161188.09209 -2.87266381 0.22621204 1.64978508 0.02088954 -0.95114435 0.12000541 0.28370186
1461161188.21232 -2.89665912 0.22859828 1.63279685 0.02238848 -0.95866825 0.13088030 0.25164317
1461161188.31250 -2.91583926 0.23071341 1.61612912 0.02246439 -0.96671152 0.12375084 0.22282263
1461161188.39214 -2.93042611 0.22521819 1.60284382 0.00775106 -0.96961275 0.14708604 0.19533749
1461161188.49250 -2.94949517 0.22007785 1.58587128 0.00929838 -0.97384214 0.14666418 0.17330505
1461161188.59211 -2.96689489 0.21533625 1.56691397 -0.00223181 -0.97623873 0.15816742 0.14810814
1461161188.67212 -2.97835101 0.21649330 1.54939257 -0.01345932 -0.98083505 0.15772686 0.11359439
1461161188.75212 -2.99105953 0.21941514 1.53041744 -0.02589622 -0.98276393 0.15933580 0.09009192
1461161188.83391 -3.00102863 0.22236815 1.50949521 -0.03172488 -0.98568724 0.15647148 0.05413756
1461161188.89216 -3.00725861 0.21644890 1.49704379 -0.03542708 -0.98129029 0.18716600 0.02798518
1461161188.97224 -3.01439843 0.20919749 1.48167573 -0.04984079 -0.97780252 0.20338582 -0.00723410
1461161189.05217 -3.02130923 0.20157804 1.46555708 -0.05537767 -0.97485988 0.21341850 -0.03215697
1461161189.13455 -3.02796485 0.19771027 1.44758977 -0.06491588 -0.97449211 0.20753790 -0.05548950
1461161189.21219 -3.03184260 0.19668148 1.42802248 -0.06829026 -0.97470177 0.19864458 -0.07637559
1461161189.29203 -3.03416690 0.19655127 1.40743131 -0.06972165 -0.97269899 0.19715450 -0.10062634
1461161189.37209 -3.03197736 0.19957614 1.38491500 -0.06026896 -0.97375859 0.18543590 -0.11736858
1461161189.43390 -3.03018399 0.20163205 1.36714266 -0.05675912 -0.97278436 0.18231386 -0.13126555
1461161189.49211 -3.02983594 0.20476497 1.34733004 -0.05243717 -0.97429942 0.17602299 -0.13041047
1461161189.55201 -3.02976135 0.20969630 1.32623738 -0.04310969 -0.97802798 0.16003458 -0.12645849
1461161189.63426 -3.02880907 0.21195400 1.30194408 -0.03999152 -0.97868744 0.15219461 -0.13194078
1461161189.73209 -3.03296789 0.21136172 1.27170692 -0.04310023 -0.98114910 0.15224039 -0.11095799
1461161189.85277 -3.02780427 0.20874171 1.23897766 -0.04616029 -0.98028888 0.14185274 -0.12954049
1461161189.93394 -3.02038789 0.20198879 1.22275673 -0.06446910 -0.97341898 0.15981598 -0.15085782
1461161190.07221 -3.01586319 0.19852506 1.18893712 -0.06861684 -0.97025742 0.16422764 -0.16407791
1461161190.17229 -3.01303238 0.19616324 1.16179030 -0.08085375 -0.96751041 0.17304602 -0.16565431
1461161190.27228 -3.01026925 0.19497815 1.13146479 -0.08638453 -0.96683729 0.17294634 -0.16689199
1461161190.37207 -3.00446330 0.19173552 1.10237753 -0.09519168 -0.96087240 0.18436789 -0.18349729
1461161190.47213 -3.00045534 0.19088571 1.07106366 -0.10124271 -0.96189122 0.17065546 -0.18812737
1461161190.57205 -2.99514085 0.18431456 1.04235887 -0.11210768 -0.95824813 0.17548778 -0.19595004
1461161190.67212 -2.98669004 0.17959027 1.01641362 -0.11352199 -0.95619967 0.17840380 -0.20240314
1461161190.77216 -2.98371760 0.17454220 0.99013632 -0.11642766 -0.95236509 0.18352401 -0.21392585
1461161190.85211 -2.98025716 0.17434524 0.96755238 -0.11715587 -0.95281981 0.18013576 -0.21438289
1461161190.93393 -2.97736644 0.17642134 0.94176082 -0.11847243 -0.95513673 0.17581993 -0.20679812
1461161191.01219 -2.97159810 0.17960804 0.91415552 -0.11462908 -0.95822855 0.16688020 -0.20201289
1461161191.13405 -2.96392796 0.18073198 0.86989920 -0.11217734 -0.95746908 0.16679675 -0.20699772
1461161191.21221 -2.95969686 0.18055151 0.83897573 -0.11189730 -0.95869863 0.17100097 -0.19782466
1461161191.29247 -2.95468928 0.17960587 0.80976826 -0.10772140 -0.95982408 0.16788438 -0.19735418
1461161191.35228 -2.94959509 0.17664896 0.78898436 -0.10901704 -0.96098552 0.16725418 -0.19143710
1461161191.41214 -2.94583406 0.17680736 0.76627562 -0.10558691 -0.96125926 0.16360902 -0.19510033
1461161191.47195 -2.93985797 0.17861933 0.74475896 -0.10274624 -0.96311195 0.15057071 -0.19795718
1461161191.53450 -2.93355078 0.18095987 0.72369260 -0.09784804 -0.96501291 0.13966632 -0.19917119
1461161191.63417 -2.92227361 0.18541471 0.69021116 -0.08921279 -0.96752377 0.12332199 -0.20181801
1461161191.75204 -2.90834920 0.19085068 0.65002055 -0.08049770 -0.96685957 0.10757636 -0.21709447
1461161191.83411 -2.89937552 0.19535734 0.62270279 -0.07204320 -0.96557809 0.09024702 -0.23307555
1461161191.89208 -2.89436840 0.19726564 0.60074856 -0.07517817 -0.96777900 0.08094787 -0.22627306
1461161192.01190 -2.88278277 0.20007356 0.56170329 -0.06791817 -0.96194119 0.07441397 -0.25400555
1461161192.11196 -2.86853782 0.20644540 0.53373730 -0.05020752 -0.95492077 0.04798091 -0.28862320
1461161192.21225 -2.85118169 0.21025349 0.51382226 -0.04065378 -0.93955352 0.02762050 -0.33885626
1461161192.35287 -2.83680726 0.21171720 0.48293779 -0.02568971 -0.92993988 0.02386372 -0.36603603
1461161192.47186 -2.82296526 0.21571235 0.45826375 -0.01827153 -0.91701282 0.01915338 -0.39797837
1461161192.57191 -2.81122554 0.22170564 0.43898257 -0.01076752 -0.90133040 0.01146118 -0.43284663
1461161192.69188 -2.80142511 0.23009049 0.41087183 0.00494253 -0.89202914 -0.00001870 -0.45195086
1461161192.79198 -2.79339299 0.23577527 0.38658444 0.01694762 -0.88490418 -0.01031822 -0.46535030
1461161192.87196 -2.78534015 0.23823027 0.37123492 0.02071302 -0.87082476 -0.01714591 -0.49085764
1461161192.97206 -2.77664440 0.24130779 0.35390830 0.03226822 -0.85242879 -0.02791313 -0.52109959
1461161193.05194 -2.77364601 0.24486452 0.33836605 0.04868296 -0.83927024 -0.03879160 -0.54013946
1461161193.13429 -2.77039660 0.24666301 0.32311074 0.04877314 -0.82530413 -0.04317343 -0.56091919
1461161193.21196 -2.76715139 0.24957257 0.30565853 0.05165185 -0.81385262 -0.04839178 -0.57674451
1461161193.29204 -2.76327065 0.25083214 0.28862957 0.04710681 -0.79691878 -0.04915323 -0.60023776
1461161193.37200 -2.76044620 0.25354293 0.27202967 0.05411455 -0.77721216 -0.05174203 -0.62476846
1461161193.45197 -2.75921056 0.25489001 0.25600963 0.05714386 -0.76093194 -0.05174377 -0.64423578
1461161193.53690 -2.75756807 0.25726780 0.24324026 0.07517688 -0.73746939 -0.06045618 -0.66845522
1461161193.61204 -2.75577053 0.25321630 0.22947582 0.07288923 -0.71900908 -0.05728833 -0.68878963
1461161193.69196 -2.75257497 0.25114131 0.21536425 0.07829823 -0.70255328 -0.05880555 -0.70486182
1461161193.77199 -2.74784844 0.24912165 0.20251635 0.07864987 -0.68406921 -0.05886489 -0.72277136
1461161193.85196 -2.74195879 0.25013376 0.19073439 0.09203368 -0.66198604 -0.05754799 -0.74161480
1461161193.95216 -2.73185621 0.25265846 0.17631053 0.10396665 -0.63633016 -0.05005373 -0.76273815
1461161194.03384 -2.72119115 0.25517102 0.16435367 0.11364483 -0.61925452 -0.04574794 -0.77557451
1461161194.11205 -2.70833562 0.25527037 0.15509978 0.12235692 -0.60065848 -0.03511245 -0.78930684
1461161194.19191 -2.69927191 0.25624481 0.14716941 0.13909058 -0.57164141 -0.03172726 -0.80800575
1461161194.27201 -2.68949612 0.25370113 0.13709557 0.13596018 -0.55867449 -0.02734397 -0.81771018
1461161194.35199 -2.67912794 0.25379476 0.12851970 0.14017950 -0.54039885 -0.03028066 -0.82909702
1461161194.45211 -2.66856999 0.25455044 0.11919203 0.15149973 -0.51205758 -0.03296808 -0.84484198
1461161194.55196 -2.65953179 0.25332942 0.11152518 0.15359912 -0.48793235 -0.03548546 -0.85852788
1461161194.65196 -2.65137105 0.25222780 0.10605877 0.15640733 -0.45933614 -0.03419579 -0.87371489
1461161194.75199 -2.64202056 0.25157846 0.10090479 0.15603226 -0.43356300 -0.02876562 -0.88704543
1461161194.83192 -2.63835411 0.24966273 0.10130631 0.14246918 -0.39269405 -0.02994430 -0.90807338
1461161194.97191 -2.63799074 0.24700870 0.09973282 0.14787450 -0.33546699 -0.02897404 -0.92992233
1461161195.13375 -2.63466122 0.23730469 0.09827024 0.14244127 -0.30471657 -0.02124005 -0.94149199
1461161195.23373 -2.63168693 0.22421280 0.10047956 0.11741985 -0.30044930 -0.02187836 -0.94628967
1461161195.33366 -2.63288381 0.20973776 0.10429050 0.09013612 -0.29403114 -0.02584039 -0.95118528
1461161195.43370 -2.63988083 0.19836356 0.11017732 0.07539508 -0.28087525 -0.02768967 -0.95637752
1461161195.53374 -2.64914143 0.18616507 0.11631860 0.05075255 -0.28704147 -0.02329466 -0.95628904
1461161195.61189 -2.66243051 0.17770607 0.12358833 0.03433929 -0.27708416 -0.02800037 -0.95982351
1461161195.69184 -2.67506698 0.17079005 0.13181667 0.02485472 -0.28033056 -0.02248509 -0.95931822
1461161195.77184 -2.68932758 0.16528042 0.14175978 0.01826930 -0.28282074 -0.02109259 -0.95876679
1461161195.85203 -2.70333269 0.16302467 0.15282456 0.01894951 -0.28454664 -0.01454161 -0.95836458
1461161195.93361 -2.71779696 0.16163381 0.16389776 0.02274062 -0.28658021 -0.01045758 -0.95772923
1461161195.99183 -2.73155135 0.16083740 0.17352347 0.02465298 -0.27377697 -0.01106620 -0.96141351
1461161196.07182 -2.74975986 0.16008966 0.18505573 0.02696583 -0.26596993 -0.00489993 -0.96359163
1461161196.15185 -2.76695719 0.16226797 0.19651480 0.03455680 -0.25868487 -0.00257520 -0.96534001
1461161196.25181 -2.78799714 0.16814818 0.21016051 0.04366237 -0.25866311 -0.00417567 -0.96497127
1461161196.33181 -2.80380387 0.17674488 0.22046975 0.05924697 -0.25357865 -0.00806821 -0.96546495
1461161196.43385 -2.82345994 0.18847401 0.23093878 0.07618996 -0.24826234 -0.00759671 -0.96566205
1461161196.51195 -2.84121546 0.19576002 0.23863084 0.08249521 -0.23624473 -0.00846881 -0.96814836
1461161196.61179 -2.86372183 0.20597601 0.24804705 0.09489615 -0.21810339 -0.00418647 -0.97129198
1461161196.71179 -2.88325672 0.21636896 0.25546059 0.11032363 -0.20149300 -0.00427595 -0.97324765
1461161196.83360 -2.90829027 0.22601155 0.25880902 0.11706661 -0.17715055 -0.00280538 -0.97719252
1461161196.95189 -2.93097039 0.23060749 0.25957228 0.11366077 -0.15024424 0.00065823 -0.98209341
1461161197.09174 -2.95643649 0.23233257 0.25436005 0.10990813 -0.11893328 0.00542595 -0.98678551
1461161197.25181 -2.98205712 0.23676518 0.24213189 0.10060496 -0.09009097 0.00415882 -0.99083044
1461161197.37175 -3.00522296 0.23905488 0.22966432 0.09979840 -0.05927561 0.01268438 -0.99315950
1461161197.53181 -3.03247136 0.23612827 0.20758749 0.08843019 -0.03563071 0.01299281 -0.99536011
1461161197.67189 -3.05525553 0.22864718 0.18954798 0.07390433 -0.00371778 0.00300300 -0.99725388
1461161197.81170 -3.06943838 0.21832360 0.17265897 0.05036951 0.03457477 -0.00436664 -0.99812245
1461161197.97171 -3.07608766 0.20205216 0.15954644 0.02415838 0.07272150 -0.00503761 -0.99704693
1461161198.19174 -3.06306214 0.18534102 0.15383384 0.00032251 0.09624515 -0.02372392 -0.99507484
1461161198.37172 -3.04330246 0.18624941 0.15957983 0.00992140 0.12082736 -0.03627384 -0.99196095
1461161198.57174 -3.01599287 0.19141572 0.17394992 0.02346602 0.13271075 -0.04540771 -0.98983602
1461161198.77173 -2.99229892 0.20558222 0.19647671 0.04716308 0.12913876 -0.03887745 -0.98974106
1461161198.95185 -2.98147063 0.22241665 0.22889253 0.07157228 0.11201566 -0.02351039 -0.99084669
1461161199.15176 -2.97960634 0.22964644 0.27819997 0.07526169 0.08957175 -0.00483329 -0.99312095
1461161199.33344 -2.98537184 0.22935720 0.32879448 0.06476987 0.08166343 0.00678414 -0.99453000
1461161199.47198 -2.99162739 0.22927337 0.36746164 0.06204529 0.08236529 -0.00226253 -0.99466639
1461161199.59161 -2.99703255 0.22871682 0.40152761 0.05621601 0.07707050 -0.01630242 -0.99530605
1461161199.71165 -2.99971874 0.23225300 0.43969412 0.04825303 0.07536779 -0.02926870 -0.99555747
1461161199.81166 -3.00617485 0.23749936 0.47327133 0.05283831 0.08659991 -0.03528858 -0.99421491
1461161199.89196 -3.01200119 0.24088780 0.50101661 0.05374599 0.09492912 -0.04448904 -0.99303603
1461161199.97158 -3.01629283 0.24480435 0.52804390 0.06179416 0.09324756 -0.04420781 -0.99273967
1461161200.05164 -3.02413137 0.24751360 0.55267035 0.06964016 0.11233500 -0.04444777 -0.99023002
1461161200.11280 -3.02730947 0.24789746 0.57064820 0.07352302 0.11212510 -0.04545070 -0.98992755
1461161200.19156 -3.03286781 0.24550094 0.59353415 0.06836462 0.11940755 -0.05109269 -0.98917018
1461161200.25203 -3.03768150 0.24214536 0.61069465 0.05512422 0.13110716 -0.05226641 -0.98845357
1461161200.31164 -3.04030273 0.24144385 0.62802012 0.05280409 0.13196240 -0.05302464 -0.98842604
1461161200.37170 -3.04352910 0.24260841 0.64515049 0.05459082 0.14231874 -0.04149779 -0.98744273
1461161200.43333 -3.04385421 0.24365193 0.66272451 0.05270597 0.13971266 -0.03627023 -0.98812293
1461161200.49238 -3.03862262 0.24511848 0.68138432 0.05085305 0.13979163 -0.02723251 -0.98849920
1461161200.57166 -3.04598772 0.24984925 0.70399834 0.05387151 0.13989419 -0.01998148 -0.98849796
1461161200.63336 -3.04736861 0.25368153 0.72325534 0.05625822 0.14163685 -0.01015115 -0.98826665
1461161200.69158 -3.04944282 0.25590875 0.74315330 0.05466479 0.13990373 -0.01163731 -0.98858651
1461161200.73341 -3.05077685 0.25851007 0.75590722 0.05978259 0.14269820 -0.00370390 -0.98795220
1461161200.77164 -3.05204697 0.26108024 0.76771793 0.06703556 0.14727675 0.00101126 -0.98682054
1461161200.83329 -3.04710202 0.26273520 0.78688309 0.06923859 0.14729213 0.00623995 -0.98664690
1461161200.93333 -3.04986637 0.26646684 0.81339543 0.07706326 0.15228678 0.00883422 -0.98528775
1461161201.01157 -3.05031968 0.26837645 0.83400347 0.08063874 0.16138763 0.00798352 -0.98355869
1461161201.13341 -3.05104185 0.26800198 0.86525484 0.07679165 0.17461566 0.00000861 -0.98163762
1461161201.27165 -3.04792970 0.27139292 0.90267050 0.08079937 0.19883132 -0.00256141 -0.97669392
1461161201.39158 -3.04652190 0.27150501 0.93559439 0.08230843 0.22039361 -0.00703535 -0.97190662
1461161201.51150 -3.04588068 0.27214486 0.96365314 0.09588039 0.24267401 -0.00587329 -0.96534024
1461161201.63157 -3.04450955 0.27232998 0.99079694 0.11019277 0.26510599 0.00500391 -0.95788900
1461161201.75177 -3.04937153 0.27271211 1.01368002 0.11543858 0.28079359 0.01237587 -0.95272017
1461161201.85159 -3.05018671 0.27352624 1.03198457 0.11794125 0.30491721 0.02746800 -0.94464854
1461161201.95158 -3.05719469 0.27421296 1.04932184 0.11168859 0.32175265 0.02516852 -0.93987629
1461161202.05163 -3.06537434 0.27816133 1.06627600 0.11130807 0.33713398 0.03941966 -0.93402210
1461161202.13334 -3.07231299 0.28225333 1.08117283 0.11713720 0.34166241 0.05458150 -0.93089556
1461161202.21149 -3.07960078 0.28429493 1.09468181 0.11140854 0.34754759 0.05256023 -0.92953549
1461161202.27149 -3.08502350 0.28641014 1.10551596 0.11433492 0.34477090 0.05620768 -0.93000067
1461161202.35147 -3.09319722 0.28741327 1.11969557 0.11550006 0.34071003 0.05218127 -0.93158657
1461161202.43319 -3.10176187 0.28807989 1.13200944 0.11360232 0.33894701 0.04855331 -0.93265857
1461161202.55157 -3.11925428 0.28992285 1.14561660 0.12040334 0.35328989 0.03899927 -0.92691334
1461161202.69152 -3.13214122 0.28996534 1.16035541 0.12253503 0.36154010 0.03523093 -0.92359770
1461161202.85138 -3.14718672 0.29054758 1.17502432 0.12350756 0.37970805 0.03071049 -0.91631029
1461161203.01146 -3.16088109 0.29508491 1.19123916 0.12612826 0.40462906 0.04072980 -0.90482489
1461161203.15142 -3.17862840 0.30083595 1.20690864 0.13167248 0.43144856 0.04641941 -0.89126861
1461161203.29147 -3.19010905 0.30713116 1.22548785 0.13697365 0.46067995 0.05276416 -0.87534459
1461161203.39146 -3.20190378 0.31083476 1.23793434 0.14044119 0.48458850 0.06099537 -0.86123738
1461161203.51142 -3.21359591 0.31559850 1.25032949 0.14881037 0.51491858 0.08100239 -0.84032907
1461161203.67142 -3.23267739 0.31591909 1.26989746 0.13955290 0.54351664 0.09615805 -0.82211209
1461161203.87141 -3.25211165 0.31028640 1.29527590 0.12570329 0.57036675 0.08705314 -0.80703296
1461161204.07139 -3.27810086 0.30687738 1.32145593 0.10574235 0.59167426 0.08349360 -0.79483894
1461161204.29141 -3.31049428 0.31133386 1.35121481 0.09248355 0.62086387 0.08496138 -0.77379352
1461161204.55137 -3.34886980 0.31467375 1.38365306 0.09473009 0.65117608 0.08045535 -0.74868075
1461161204.79133 -3.38122451 0.31714542 1.40317691 0.09367417 0.68600260 0.08531033 -0.71648289
1461161205.01131 -3.40906328 0.32370909 1.42066131 0.08825196 0.72615362 0.08899961 -0.67601153
1461161205.19137 -3.42905477 0.33023366 1.43848255 0.08680966 0.76285183 0.09746784 -0.63326233
1461161205.35135 -3.44440439 0.32889936 1.45194413 0.08313419 0.79739593 0.10231595 -0.58888019
1461161205.53132 -3.46381045 0.32388326 1.46347912 0.07173292 0.82563895 0.10251386 -0.55015055
1461161205.73137 -3.49477924 0.32580357 1.47009671 0.06148341 0.85117731 0.09952100 -0.51167621
1461161205.93124 -3.53070475 0.32970432 1.47503827 0.04755074 0.87273327 0.09574805 -0.47634848
1461161206.13132 -3.57139559 0.33199418 1.47680161 0.05217427 0.88876948 0.09558147 -0.44523123
1461161206.39126 -3.62712098 0.33022099 1.47939264 0.05516249 0.89659118 0.08794212 -0.43052007
1461161206.57119 -3.66226059 0.33445357 1.47940658 0.05378066 0.91187102 0.08778869 -0.39735630
1461161206.73403 -3.69691428 0.33863021 1.48010944 0.04857126 0.92693442 0.08717964 -0.36170862
1461161206.87120 -3.72725220 0.34265614 1.48154865 0.04900782 0.94154975 0.09328425 -0.31996930
1461161207.01151 -3.75507534 0.34506075 1.48209954 0.04215254 0.95336894 0.10698389 -0.27904348
1461161207.19138 -3.78393932 0.34617803 1.47681875 0.03259235 0.96318996 0.11255219 -0.24193976
1461161207.35112 -3.80448625 0.35145388 1.46219366 0.02255663 0.97369252 0.11279987 -0.19669841
1461161207.53128 -3.82902768 0.36031850 1.44277781 0.01047145 0.98100421 0.11773480 -0.15381679
1461161207.69117 -3.84430181 0.36629228 1.42204177 0.00616735 0.98525441 0.13304045 -0.10740556
1461161207.85110 -3.85053162 0.36457431 1.39924152 0.00321476 0.98939727 0.13066716 -0.06331505
1461161207.99110 -3.84706271 0.36069358 1.37793390 0.00101395 0.99153378 0.12837226 -0.01950141
1461161208.11110 -3.84179690 0.35796735 1.35680525 0.00254347 0.99178436 0.12708604 0.01436833
1461161208.25111 -3.83925319 0.35807873 1.33097483 0.00345156 0.98990312 0.13499263 0.04309165
1461161208.39108 -3.83539920 0.35585171 1.29971984 -0.00169365 0.98723691 0.14186604 0.07234949
1461161208.53334 -3.83221556 0.35115092 1.26926937 -0.00559800 0.98388012 0.14149335 0.10921635
1461161208.67107 -3.82708464 0.34828841 1.23918776 -0.01294557 0.97851754 0.14422738 0.14674571
1461161208.83277 -3.82301945 0.34762524 1.19733732 -0.01779970 0.97535967 0.14282430 0.16720618
1461161208.95098 -3.81480444 0.34898111 1.16568197 -0.03045351 0.97001773 0.14146828 0.19525603
1461161209.07102 -3.80679268 0.34876226 1.13001110 -0.04385148 0.96711703 0.13106843 0.21350120
1461161209.19109 -3.80257187 0.35090775 1.10007223 -0.05482881 0.96435166 0.14382590 0.21525284
1461161209.31112 -3.79640945 0.35317182 1.06939367 -0.05614641 0.95925603 0.15275833 0.23095527
1461161209.41162 -3.79215503 0.35448049 1.04766249 -0.05951425 0.95342132 0.15662694 0.25082633
1461161209.51106 -3.79150004 0.35860246 1.02645112 -0.06701204 0.94779208 0.16553410 0.26419314
1461161209.61102 -3.79081315 0.36216417 1.00606919 -0.07373579 0.93980150 0.16705362 0.28884125
1461161209.69101 -3.79017269 0.36525475 0.99042203 -0.08236057 0.92950662 0.17142563 0.31598644
1461161209.77106 -3.78928391 0.36468916 0.97568793 -0.08583733 0.92052565 0.16650541 0.34284169
1461161209.87101 -3.78840505 0.36554341 0.96122773 -0.09556818 0.90518431 0.17105833 0.37715664
1461161209.99103 -3.78865772 0.36478447 0.94648308 -0.10532027 0.89010472 0.17657862 0.40674466
1461161210.11100 -3.78617993 0.36016437 0.93396733 -0.11352280 0.87608620 0.16903563 0.43704977
1461161210.23367 -3.78026039 0.35663959 0.91727451 -0.11200601 0.86242210 0.15874940 0.46741994
1461161210.35170 -3.77415007 0.35653388 0.90133351 -0.10940287 0.84539053 0.15477255 0.49939095
1461161210.45094 -3.77163658 0.35945382 0.88593223 -0.12219410 0.83327163 0.16377907 0.51371530
1461161210.53279 -3.76781381 0.35722977 0.87399237 -0.11422986 0.82608975 0.16375211 0.52698435
1461161210.63276 -3.76279095 0.35600042 0.86136938 -0.12770106 0.81483390 0.17345840 0.53819172
1461161210.73273 -3.75603428 0.35169377 0.85084858 -0.11928160 0.80756106 0.17851699 0.54931660
1461161210.83309 -3.74881785 0.35043251 0.84508244 -0.12266172 0.79020384 0.19081218 0.56931776
1461161210.95103 -3.74284137 0.34688476 0.83996430 -0.12580260 0.76837598 0.19189567 0.59745134
1461161211.09146 -3.73733666 0.34318517 0.83040922 -0.13639493 0.74329868 0.18982952 0.62679203
1461161211.19099 -3.73589663 0.34040013 0.82743860 -0.13638217 0.70600109 0.19184775 0.66794970
1461161211.29096 -3.73988486 0.33957177 0.82103837 -0.14929228 0.66861594 0.19497113 0.70189088
1461161211.37098 -3.74664698 0.33878857 0.81426664 -0.15744662 0.63602409 0.20447473 0.72723724
1461161211.45094 -3.75305325 0.33621647 0.80282300 -0.16271577 0.61361879 0.21080932 0.74334043
1461161211.55102 -3.75743084 0.33242747 0.78568714 -0.16994693 0.59524539 0.20712642 0.75756162
1461161211.65096 -3.76006435 0.33017487 0.76925109 -0.17095486 0.57421898 0.20698385 0.77343693
1461161211.75178 -3.76191724 0.33047813 0.75373289 -0.17322932 0.55064585 0.20437636 0.79057641
1461161211.85099 -3.76249601 0.33559611 0.73845257 -0.18491204 0.52215726 0.19760171 0.80877246
1461161211.95197 -3.76000831 0.34185200 0.72396633 -0.19912284 0.49228254 0.18582450 0.82672683
1461161212.05110 -3.75772450 0.34801993 0.70789898 -0.21619216 0.46216070 0.17765216 0.84149162
1461161212.15196 -3.75500394 0.34768806 0.69053484 -0.22318802 0.44554846 0.16641183 0.85087060
1461161212.27144 -3.75259323 0.34100637 0.67323634 -0.22234490 0.41961365 0.14778302 0.86755249
1461161212.37135 -3.74893105 0.32975636 0.66028323 -0.20917660 0.40326659 0.13065968 0.88122032
1461161212.49085 -3.74610024 0.31525356 0.64711776 -0.18981249 0.37894439 0.12187695 0.89750675
1461161212.61091 -3.74479759 0.30048725 0.63544076 -0.17344458 0.35450610 0.12578100 0.91017665
1461161212.73087 -3.74772329 0.28799117 0.62637913 -0.16387547 0.30924280 0.12591337 0.92825618
1461161212.91089 -3.75832769 0.28409781 0.61776687 -0.18198337 0.23937028 0.10421699 0.94800988
1461161213.09081 -3.77154107 0.29232340 0.61977182 -0.20587785 0.18395869 0.08453825 0.95740629
1461161213.21083 -3.78378849 0.29813831 0.62899749 -0.21512634 0.14067871 0.07557516 0.96344100
1461161213.35086 -3.79744605 0.30236807 0.64294591 -0.21412020 0.10417380 0.05411681 0.96972766
1461161213.51127 -3.81293930 0.30908653 0.66064844 -0.21716261 0.08371867 0.04204378 0.97162951
1461161213.65083 -3.82615918 0.31329485 0.68082873 -0.21909296 0.06101450 0.03121697 0.97329390
1461161213.79083 -3.83771928 0.31477858 0.70679898 -0.21732951 0.05557613 0.03173976 0.97399783
1461161213.91091 -3.84838342 0.31592451 0.73584678 -0.21293084 0.05395675 0.03567412 0.97492383
1461161214.01083 -3.85997044 0.31508925 0.76424056 -0.20854297 0.04360287 0.03994575 0.97622383
1461161214.09075 -3.86955466 0.31253723 0.78745139 -0.20441508 0.03420376 0.03868655 0.97752132
1461161214.19087 -3.88057245 0.31166175 0.81419118 -0.20791158 0.01755274 0.03026687 0.97752166
1461161214.35139 -3.89006285 0.31248444 0.85458864 -0.20555007 0.02542806 0.03561899 0.97766757
1461161214.53305 -3.90194289 0.31515746 0.89898204 -0.20363305 0.03230351 0.04045265 0.97767768
1461161214.71080 -3.91317971 0.32359841 0.94095991 -0.20718645 0.06011438 0.03734527 0.97573837
1461161214.85068 -3.92160711 0.32671487 0.97580510 -0.20187259 0.10049493 0.04777036 0.97307051
1461161214.99086 -3.93039992 0.32095194 1.01254997 -0.17996034 0.13750390 0.04966159 0.97274903
1461161215.13082 -3.93965202 0.31349431 1.04880350 -0.15396070 0.16434258 0.05054827 0.97300179
1461161215.29105 -3.94667279 0.30864515 1.08910243 -0.13202390 0.19808957 0.05614714 0.96962761
1461161215.47152 -3.95493283 0.30389295 1.13841585 -0.10113978 0.22120593 0.04317486 0.96900702
1461161215.65082 -3.95573748 0.29704161 1.19069490 -0.07328102 0.24605579 0.04502779 0.96543200
1461161215.85105 -3.94823233 0.28282063 1.25103899 -0.04632530 0.27852251 0.04498195 0.95825665
1461161216.05121 -3.93607918 0.27277772 1.30516530 -0.02331422 0.31901923 0.03409867 0.94684764
1461161216.21073 -3.92389405 0.26914862 1.34402177 0.01228780 0.36317696 0.00724053 0.93161101
1461161216.33249 -3.91523331 0.27050364 1.37400608 0.03151769 0.40559366 -0.01006273 0.91345452
1461161216.47074 -3.90549793 0.27025392 1.41033443 0.04746643 0.45129188 -0.03353754 0.89048179
1461161216.59070 -3.89605682 0.26692188 1.44154269 0.04641273 0.49343257 -0.04746387 0.86724699
1461161216.73368 -3.87695625 0.26084336 1.47721576 0.05167349 0.53338944 -0.04952502 0.84283618
1461161216.87068 -3.84977743 0.25688242 1.51096337 0.06673275 0.56413746 -0.04986969 0.82146740
1461161217.01073 -3.81543457 0.26221318 1.54084049 0.06603480 0.59512821 -0.04601144 0.79959038
1461161217.15060 -3.77889135 0.26814554 1.57538987 0.04347766 0.59760908 -0.04561366 0.79930750
1461161217.25134 -3.74835763 0.26998946 1.59280961 0.02775777 0.61724331 -0.03444911 0.78552751
1461161217.37067 -3.70530179 0.27154469 1.61300024 0.02463892 0.64551287 -0.02249749 0.76302027
1461161217.51065 -3.65229982 0.27832965 1.63276144 0.00785475 0.66247063 -0.01876655 0.74881158
1461161217.67068 -3.58254264 0.28506154 1.65656986 -0.01247807 0.67390117 -0.02390129 0.73832935
1461161217.81175 -3.51922104 0.28553738 1.67278898 -0.02387518 0.69460467 -0.02760102 0.71846539
1461161217.95103 -3.45461906 0.28518083 1.68934725 -0.03838914 0.70833811 -0.02398845 0.70442029
1461161218.07066 -3.39389728 0.28415792 1.70546188 -0.03511212 0.70893179 -0.02396113 0.70399483
1461161218.19058 -3.33759512 0.28613003 1.71271171 -0.03464819 0.71029083 -0.02418773 0.70263888
1461161218.29064 -3.28680056 0.28741775 1.72060708 -0.02847636 0.70475057 -0.03001078 0.70824789
1461161218.37061 -3.24610476 0.28832970 1.72891135 -0.03340349 0.69229675 -0.03556119 0.71996168
1461161218.45057 -3.20654698 0.29027860 1.73809088 -0.04358962 0.67888993 -0.02536214 0.73250609
1461161218.55102 -3.15649439 0.28935850 1.75037624 -0.05840801 0.65991535 -0.02002795 0.74879845
1461161218.67052 -3.09553673 0.28615050 1.76116419 -0.05069101 0.65323464 -0.01319408 0.75534154
1461161218.77052 -3.03879719 0.28717935 1.77071744 -0.04496578 0.64747185 -0.02022110 0.76049286
1461161218.87057 -2.98199291 0.28805311 1.78028240 -0.04974758 0.64300848 -0.04031897 0.76317734
1461161218.97052 -2.92458493 0.28736000 1.78356413 -0.05184414 0.65440148 -0.05121994 0.75262700
1461161219.07087 -2.87048986 0.28437615 1.79435761 -0.06610943 0.63810479 -0.05121180 0.76539478
1461161219.19137 -2.80177618 0.27841740 1.80563863 -0.06532652 0.63191666 -0.03860161 0.77131297
1461161219.29055 -2.74547131 0.27347891 1.81300271 -0.04845539 0.63207966 -0.03864294 0.77242094
1461161219.39059 -2.68514017 0.27515439 1.82243708 -0.04749534 0.62977356 -0.03849134 0.77436934
1461161219.49065 -2.62626947 0.27576629 1.83241695 -0.03960893 0.62367543 -0.03766785 0.77976998
1461161219.55064 -2.59150295 0.27498502 1.83844809 -0.03630114 0.62328006 -0.03640820 0.78030676
1461161219.69061 -2.51689295 0.27245011 1.85568633 -0.05529755 0.60960209 -0.02047746 0.79051132
1461161219.85053 -2.42933370 0.26210796 1.87415071 -0.04221037 0.60856131 -0.01668452 0.79220770
1461161219.99055 -2.34901907 0.25782132 1.89099199 -0.03466917 0.60679258 -0.03193184 0.79346151
1461161220.13241 -2.26986622 0.25830779 1.90489661 -0.03939201 0.61325557 -0.03952879 0.78791075
1461161220.25050 -2.20254629 0.25769730 1.91962454 -0.04981966 0.61567774 -0.03620807 0.78558761
1461161220.35080 -2.14961509 0.25780023 1.93278838 -0.06853960 0.60662759 -0.02988966 0.79146187
1461161220.45044 -2.09668386 0.25644846 1.94304989 -0.06511125 0.60195200 -0.02693039 0.79541755
1461161220.53278 -2.05555856 0.25881398 1.94928834 -0.07140886 0.59814614 -0.02524917 0.79779976
1461161220.73223 -1.95339435 0.26215498 1.95867082 -0.06248391 0.59923654 -0.01613318 0.79796682
1461161220.89095 -1.87657269 0.25656116 1.97314265 -0.06437514 0.59522226 -0.00162180 0.80097670
1461161221.03293 -1.80870620 0.25327724 1.98764388 -0.06430960 0.60275866 0.00677390 0.79529893
1461161221.15188 -1.74760973 0.25184174 1.99685466 -0.05504586 0.61448382 0.00275538 0.78700190
1461161221.25203 -1.69555284 0.25116402 2.00423162 -0.05683173 0.62754597 -0.00332464 0.77649544
1461161221.31265 -1.66476559 0.24807993 2.00747829 -0.06747253 0.63626037 -0.01567583 0.76835829
1461161221.41036 -1.61359741 0.24163813 2.01453520 -0.06232428 0.65393657 -0.01655591 0.75379610
1461161221.55048 -1.54199110 0.22397829 2.02331949 -0.05145634 0.66970025 -0.02269434 0.74049901
1461161221.65045 -1.49059973 0.21200618 2.02866987 -0.03717188 0.68268184 -0.03364143 0.72899384
1461161221.75044 -1.43647232 0.20341772 2.03515717 -0.02612687 0.69019115 -0.04300718 0.72187530
1461161221.85046 -1.38403309 0.19598988 2.04228385 -0.01347369 0.69159116 -0.05297277 0.72021803
1461161221.93228 -1.34169378 0.19149074 2.04616599 -0.00645178 0.69968074 -0.06356037 0.71159351
1461161222.01052 -1.29973837 0.18976344 2.05220949 -0.01708089 0.69619959 -0.06346210 0.71483350
1461161222.09047 -1.25856079 0.18396856 2.05299170 -0.01696427 0.70869669 -0.06567343 0.70224513
1461161222.17043 -1.21879528 0.17671581 2.05339044 -0.01039457 0.71578302 -0.06866957 0.69486050
1461161222.25047 -1.18023208 0.16984875 2.05430805 0.00056425 0.71998819 -0.07480106 0.68994311
1461161222.33240 -1.14027704 0.16561297 2.05092835 0.00489295 0.72997137 -0.08859803 0.67769333
1461161222.41038 -1.10029452 0.16536244 2.04618914 0.00518534 0.74142035 -0.09857850 0.66374035
1461161222.49041 -1.06033726 0.16812044 2.04151971 -0.00990826 0.75251796 -0.10421049 0.65019899
1461161222.57050 -1.02186217 0.16787959 2.03766062 -0.01492569 0.76487108 -0.11094587 0.63438196
1461161222.65037 -0.98250837 0.16639851 2.04057818 -0.02950916 0.75927363 -0.11487639 0.63987200
1461161222.75046 -0.93534851 0.16207519 2.03851985 -0.02724591 0.76902302 -0.10754620 0.62951972
1461161222.83204 -0.89877412 0.15730964 2.03519727 -0.02179947 0.78167476 -0.10870229 0.61375335
1461161222.93226 -0.85358360 0.15309580 2.03111411 -0.01578840 0.79129397 -0.11845109 0.59964482
1461161223.05046 -0.79908790 0.15444287 2.02633515 -0.01214808 0.79604284 -0.12215395 0.59266064
1461161223.13215 -0.76368280 0.15533485 2.02218596 -0.01619390 0.80097518 -0.12834659 0.58455425
1461161223.23213 -0.72176488 0.15635225 2.01609671 -0.01558029 0.81049430 -0.12350239 0.57236650
1461161223.33213 -0.68071164 0.15355404 2.01198781 -0.01383012 0.81814890 -0.11793491 0.56261218
1461161223.41039 -0.64737366 0.14882017 2.01223833 -0.00965516 0.81889701 -0.11556765 0.56210193
1461161223.49029 -0.61318809 0.14326652 2.01417764 -0.00759393 0.81699917 -0.12289879 0.56333878
1461161223.57039 -0.58046149 0.13857944 2.01567759 -0.00465443 0.81673466 -0.13310910 0.56143103
1461161223.65044 -0.54796481 0.13510011 2.01433166 0.00012166 0.82618404 -0.13966891 0.54581363
1461161223.73228 -0.51652765 0.13226803 2.01347863 0.00290776 0.83551640 -0.14714292 0.52938913
1461161223.83219 -0.47831422 0.13029257 2.01112215 -0.00434808 0.84795106 -0.14781084 0.50903050
1461161223.95041 -0.43750214 0.12614983 2.00515975 -0.00941947 0.86378887 -0.14725934 0.48176213
1461161224.07040 -0.40104317 0.12192367 1.99309969 -0.00510223 0.87900075 -0.14698801 0.45357047
1461161224.17040 -0.37537313 0.12199439 1.97726246 -0.00314732 0.89595716 -0.14793323 0.41876799
1461161224.29039 -0.34550659 0.12484163 1.95632157 -0.00497214 0.91034435 -0.14607855 0.38718147
1461161224.43204 -0.31225043 0.12606655 1.93361921 0.00243258 0.92187264 -0.13377197 0.36366191
1461161224.53213 -0.29446747 0.12714271 1.91631236 0.00024458 0.93721843 -0.11703561 0.32851823
1461161224.63028 -0.27966318 0.12479864 1.89768096 0.01340102 0.95348187 -0.10728815 0.28139296
1461161224.73217 -0.26253863 0.12151557 1.87830293 0.02319531 0.96426762 -0.10313917 0.24292435
1461161224.83031 -0.24487389 0.12247396 1.85841576 0.02125493 0.97479828 -0.09405928 0.20117004
1461161224.93036 -0.22658558 0.12638247 1.83696522 0.01011271 0.98471288 -0.07564953 0.15657401
1461161225.03027 -0.21123837 0.12681091 1.81840989 0.01143064 0.99155637 -0.06690888 0.11049209
1461161225.13030 -0.19860418 0.12775803 1.80003978 0.01579184 0.99602762 -0.05621229 0.06722928
1461161225.23031 -0.18903370 0.13134659 1.78156458 0.01001465 0.99894271 -0.03663779 0.02590064
1461161225.37029 -0.18216115 0.13301140 1.75619134 0.00734783 0.99932270 -0.02632046 -0.02464503
1461161225.51164 -0.17830684 0.13329049 1.72807813 0.01062142 0.99758620 -0.02704750 -0.06306650
1461161225.65096 -0.17463852 0.13495005 1.70247984 0.01691778 0.99521445 -0.02653136 -0.09250988
1461161225.79020 -0.16965869 0.13555803 1.67910376 0.02209512 0.99314912 -0.02277253 -0.11246355
1461161225.91011 -0.16811564 0.13951120 1.65853629 0.02572148 0.99057032 -0.00245031 -0.13454677
1461161226.05022 -0.16736335 0.14195706 1.63498370 0.02833953 0.98648432 0.01100397 -0.16101078
1461161226.19023 -0.16845851 0.14669326 1.60973586 0.03047528 0.98133686 0.02947807 -0.18756405
1461161226.29020 -0.17119523 0.15090976 1.59223063 0.03216649 0.97625452 0.04476206 -0.20949651
1461161226.39018 -0.17550520 0.15374514 1.57554056 0.03413365 0.97010411 0.05367314 -0.23420526
1461161226.51019 -0.18127685 0.15743337 1.55620717 0.03739241 0.96201649 0.06482985 -0.26253223
1461161226.63196 -0.18802786 0.16221053 1.53863995 0.04178715 0.95501401 0.07890299 -0.28280099
1461161226.71021 -0.19306333 0.16875596 1.52789121 0.04481095 0.94952267 0.09746525 -0.29478670
1461161226.81034 -0.20087703 0.17594066 1.51448072 0.04792910 0.94418666 0.11270120 -0.30579862
1461161226.93259 -0.21081728 0.18620900 1.49802270 0.05315165 0.93586435 0.13465022 -0.32125089
1461161227.05008 -0.22333250 0.19202446 1.48242269 0.07155012 0.92522258 0.14164577 -0.34464509
1461161227.19021 -0.23708943 0.19663320 1.46299972 0.08729105 0.91327903 0.15549468 -0.36622819
1461161227.37022 -0.25504190 0.19817568 1.44211186 0.11452459 0.89917037 0.15288532 -0.39370399
1461161227.55020 -0.27278247 0.20570179 1.42663712 0.14201588 0.88231549 0.16325355 -0.41797028
1461161227.77058 -0.28695998 0.21552655 1.40666302 0.16473427 0.86562528 0.18395379 -0.43556458
1461161227.97010 -0.30295358 0.22769739 1.38596459 0.17666436 0.85037649 0.20387859 -0.45175552
1461161228.13028 -0.31684331 0.23801746 1.35984446 0.17656541 0.84896894 0.21465668 -0.44944288
1461161228.25041 -0.32866162 0.24326765 1.33515027 0.17132010 0.85131912 0.21951885 -0.44465340
1461161228.37011 -0.34112218 0.24629797 1.30856591 0.17033632 0.85190257 0.22276661 -0.44229242
1461161228.49017 -0.35306002 0.24431968 1.28269096 0.16766236 0.85333293 0.22285252 -0.44050993
1461161228.59006 -0.36046014 0.23461034 1.25399369 0.16112569 0.86722188 0.20816228 -0.42265020
1461161228.67007 -0.36912845 0.22334750 1.23031334 0.14741764 0.87776847 0.18928198 -0.41468408
1461161228.75025 -0.37773385 0.21292922 1.20391597 0.14047113 0.89059532 0.17032815 -0.39761307
1461161228.83188 -0.38682138 0.20459532 1.17581647 0.13328679 0.90404020 0.15505609 -0.37537122
1461161228.93199 -0.40299982 0.19807959 1.14115635 0.12187235 0.91333575 0.13303189 -0.36505816
1461161229.03193 -0.41922334 0.19469731 1.10104635 0.11420827 0.92730863 0.12145358 -0.33511819
1461161229.13194 -0.43585902 0.18798671 1.06125706 0.10474967 0.93657634 0.11249226 -0.31495677
1461161229.21065 -0.44364831 0.17950847 1.02731143 0.10153589 0.94938093 0.10104256 -0.27956523
1461161229.31004 -0.45128176 0.16537687 0.98779254 0.09278196 0.96066222 0.08968318 -0.24591976
1461161229.39057 -0.45510719 0.15013522 0.95605456 0.08437428 0.97137934 0.07197341 -0.21005474
1461161229.48998 -0.46167260 0.13430145 0.91742979 0.08800415 0.97825216 0.06101751 -0.17763685
1461161229.61004 -0.47163206 0.12798810 0.86682607 0.08704864 0.98365033 0.06671460 -0.14284157
1461161229.73488 -0.47906161 0.12972096 0.81329832 0.07316328 0.98913671 0.07798438 -0.10086693
1461161229.86996 -0.49129048 0.12745652 0.74913226 0.05528578 0.99338961 0.06831806 -0.07384578
1461161230.02997 -0.50634624 0.11969509 0.68104787 0.04684752 0.99556367 0.06106331 -0.05412542
1461161230.17027 -0.51666311 0.11320616 0.62351436 0.05545790 0.99609079 0.06532392 -0.02145556
1461161230.31026 -0.52773858 0.10583952 0.56707195 0.06929447 0.99544082 0.06408432 0.01374979
1461161230.43233 -0.53751689 0.10206511 0.51644783 0.07232641 0.99434504 0.06212955 0.04676268
1461161230.54990 -0.54993494 0.08777483 0.47147529 0.06688922 0.99306882 0.04778041 0.08400700
1461161230.64993 -0.56110604 0.06553730 0.44199021 0.07024259 0.98987428 0.02655498 0.12045632
1461161230.77024 -0.58129226 0.03481801 0.40917609 0.06804913 0.98694011 0.01228691 0.14549075
1461161230.88999 -0.60284884 0.00148767 0.37605699 0.08327559 0.98245203 -0.00947156 0.16662377
1461161231.01028 -0.63329060 -0.02746376 0.34353061 0.09027228 0.97745273 -0.03512398 0.18762566
1461161231.13050 -0.67179138 -0.05359768 0.31199886 0.09805192 0.97261849 -0.05958219 0.20211151
1461161231.23173 -0.71529756 -0.06709019 0.28409820 0.10542541 0.97097709 -0.08656577 0.19645699
1461161231.32991 -0.76027190 -0.08570979 0.25916985 0.10546794 0.96950613 -0.10953705 0.19218743
1461161231.43165 -0.80430465 -0.10671320 0.23566812 0.11762449 0.96559139 -0.12081316 0.19799476
1461161231.52993 -0.85418943 -0.12702917 0.21205255 0.11745464 0.96750527 -0.12474585 0.18594739
1461161231.63013 -0.91017033 -0.13969452 0.19337560 0.12915041 0.96669717 -0.13490274 0.17498000
1461161231.71004 -0.95841664 -0.15305343 0.18213171 0.13351011 0.96433473 -0.15214398 0.17054553
1461161231.79092 -1.01121166 -0.16340847 0.17391434 0.12755815 0.96382134 -0.16815152 0.16279559
1461161231.87022 -1.06946506 -0.17205126 0.16820067 0.13100363 0.96428255 -0.17685283 0.14737807
1461161231.93002 -1.11594184 -0.18055018 0.16439680 0.14422592 0.96291981 -0.18921484 0.12720877
1461161232.00996 -1.17085341 -0.19294876 0.15781682 0.14163122 0.96216702 -0.19649038 0.12476681
1461161232.06986 -1.21075450 -0.20404005 0.15308611 0.13447675 0.96267277 -0.20369154 0.11699101
1461161232.12997 -1.24881843 -0.21324254 0.14800263 0.13598923 0.96308399 -0.20184466 0.11504303
1461161232.18996 -1.28715368 -0.22179584 0.14409269 0.13870392 0.96286374 -0.20618861 0.10555040
1461161232.24989 -1.32370950 -0.22680656 0.14041436 0.12913924 0.96308452 -0.21319001 0.10169213
1461161232.30991 -1.36037974 -0.22675467 0.13576654 0.12781979 0.96401447 -0.21254756 0.09571700
1461161232.36995 -1.39732429 -0.22379670 0.13164518 0.12364672 0.96393954 -0.21845004 0.08838346
1461161232.43044 -1.43592466 -0.21586599 0.12677247 0.11992894 0.96462792 -0.22241954 0.07509714
1461161232.51045 -1.48436033 -0.20487557 0.12264242 0.11796201 0.96509864 -0.22598321 0.06000966
1461161232.57013 -1.52177145 -0.19148308 0.11714209 0.13159143 0.96647448 -0.21570909 0.04561099
1461161232.64994 -1.56525192 -0.17696245 0.11254850 0.13147313 0.96859089 -0.20875313 0.03112299
1461161232.73237 -1.59750494 -0.16437317 0.11164191 0.12618129 0.97042504 -0.20445478 0.02348973
1461161232.83381 -1.64453098 -0.14049607 0.11145563 0.12141154 0.97370655 -0.19209041 0.01600188
1461161232.93193 -1.68161419 -0.11414777 0.11704369 0.11249011 0.97678213 -0.18229190 0.00350992
1461161233.04984 -1.71412765 -0.07690773 0.13110437 0.10280342 0.98046464 -0.16741133 0.00969524
1461161233.14979 -1.73198307 -0.04188167 0.14737911 0.08199040 0.98535461 -0.14931260 0.00772044
1461161233.23244 -1.73722815 -0.01137660 0.16290441 0.07582050 0.98974408 -0.11811833 0.02656996
1461161233.31005 -1.73827697 0.01735743 0.18203570 0.05672443 0.99298712 -0.09601683 0.03923895
1461161233.38981 -1.73186090 0.04346094 0.20604588 0.04573177 0.99373109 -0.07773376 0.06606502
1461161233.48989 -1.72197321 0.07567462 0.23968154 0.03624453 0.99421614 -0.05665504 0.08373057
1461161233.60988 -1.70583873 0.11035443 0.28514340 0.02992950 0.99432960 -0.03529827 0.09574393
1461161233.70981 -1.68085645 0.13467915 0.33073723 0.01254302 0.99280651 -0.02201216 0.11701872
1461161233.78975 -1.65165959 0.14829691 0.37327634 -0.01476157 0.98986814 -0.01015226 0.14085484
1461161233.88981 -1.61363946 0.15783697 0.42851111 -0.01189014 0.98449826 -0.00397030 0.17494582
1461161233.96983 -1.57622912 0.15897490 0.47487544 0.00264297 0.97772875 -0.00049585 0.20985535
1461161234.05205 -1.53469385 0.15584209 0.52090394 0.01417434 0.96771028 -0.00820272 0.25153254
1461161234.12991 -1.48806308 0.15372864 0.56370917 0.01431311 0.95437893 -0.00616793 0.29819112
1461161234.18985 -1.45062846 0.15207995 0.59410087 0.02231224 0.93899963 0.00060958 0.34319307
1461161234.26968 -1.40198429 0.15037721 0.63048424 0.00813442 0.92401502 -0.00288983 0.38225872
1461161234.33161 -1.36564305 0.14899164 0.65698525 0.00543033 0.90895829 -0.00145968 0.41684915
1461161234.40983 -1.31311960 0.14619895 0.68664425 -0.00369176 0.89559242 -0.00946173 0.44475957
1461161234.50969 -1.25192895 0.13821395 0.72027082 0.01536476 0.88058367 -0.00721641 0.47358657
1461161234.60973 -1.19209934 0.12567887 0.74781080 0.03616953 0.86773367 -0.01103638 0.49558878
1461161234.70976 -1.13302038 0.10775812 0.76908318 0.05810578 0.85348873 -0.02362865 0.51732233
1461161234.85022 -1.05114564 0.09521876 0.78678944 0.05119746 0.84064037 -0.02442271 0.53861500
1461161234.99068 -0.96520843 0.09991777 0.78959967 0.03781708 0.83722574 -0.00108744 0.54554721
1461161235.15026 -0.87035081 0.09832890 0.77835283 0.04153870 0.84395501 -0.00727141 0.53475378
1461161235.24981 -0.81850563 0.09274893 0.76202694 0.04143073 0.86352591 -0.02171177 0.50213055
1461161235.36992 -0.75798233 0.08864824 0.74248068 0.03338150 0.87558956 -0.00927993 0.48181166
1461161235.50966 -0.68518560 0.08723364 0.71500043 0.02203650 0.88376306 -0.00743166 0.46735642
1461161235.62970 -0.62373377 0.09121418 0.68257340 0.01972408 0.89849140 -0.00578949 0.43850958
1461161235.73170 -0.57104527 0.09364341 0.65332342 0.03663687 0.90680161 -0.00171049 0.41995912
1461161235.82959 -0.52010796 0.09033196 0.62276200 0.04380059 0.91983368 -0.00949648 0.38974008
1461161235.94963 -0.46000427 0.08315520 0.59182610 0.04028431 0.92378102 -0.00075088 0.38079553
1461161236.08958 -0.39037947 0.07039775 0.55518096 0.03778623 0.92700996 -0.00212163 0.37312227
1461161236.20960 -0.33120962 0.06617408 0.51609808 0.04339410 0.93204118 -0.00956332 0.35961748
1461161236.30962 -0.28114538 0.06714013 0.47905787 0.03974350 0.93838880 -0.01719571 0.34285745
1461161236.40966 -0.23637624 0.06398614 0.44107882 0.02093326 0.94703951 -0.03569703 0.31843946
1461161236.50966 -0.19500806 0.06131569 0.40107955 0.01111873 0.95532220 -0.03291235 0.29351771
1461161236.63165 -0.14749714 0.05652867 0.35653706 0.01601698 0.95879745 -0.01300653 0.28334032
1461161236.74970 -0.10243610 0.05396525 0.31081997 0.01057293 0.96053926 -0.00817702 0.27782311
1461161236.85013 -0.07013521 0.05717121 0.26784508 0.00924387 0.96740678 -0.00474025 0.25301424
1461161236.96964 -0.02863717 0.05907985 0.22000836 0.00994533 0.96791947 -0.00975859 0.25087401
1461161237.10974 0.01131507 0.05450277 0.17283614 0.00761661 0.97027316 -0.00209446 0.24188343
1461161237.20989 0.04232765 0.04185383 0.14738712 0.02295512 0.96624206 -0.02254047 0.25561940
1461161237.33156 0.07918577 0.04075212 0.11354527 0.02392516 0.96767748 -0.00833289 0.25091521
1461161237.44986 0.11407771 0.04311703 0.07671773 0.02059235 0.97182593 -0.02064265 0.23388928
1461161237.54974 0.14726985 0.04870570 0.05047593 -0.00556862 0.96931918 -0.02911184 0.24401192
1461161237.64969 0.17349818 0.05585142 0.02303042 -0.01371604 0.97166917 -0.01494698 0.23547290
1461161237.74987 0.19458985 0.05993966 -0.00175609 -0.01609447 0.97410224 0.01109275 0.22526150
1461161237.85000 0.21921107 0.05835046 -0.02296656 -0.02272713 0.96744946 0.01515852 0.25158543
1461161237.96963 0.24089715 0.05546074 -0.04729287 -0.03090397 0.96638532 0.00292227 0.25521721
1461161238.16965 0.28409320 0.04807928 -0.07575595 -0.03183523 0.94883278 -0.02180909 0.31341223
1461161238.24953 0.30256545 0.04253840 -0.07796587 -0.01780818 0.93540114 -0.03582006 0.35131823
1461161238.33383 0.32276807 0.03906442 -0.07378938 -0.01830964 0.91433263 -0.03640498 0.40290853
1461161238.38957 0.33739298 0.03530590 -0.06832238 -0.01048519 0.89501533 -0.03892699 0.44420975
1461161238.44983 0.35042083 0.03203409 -0.06342047 -0.00401449 0.87501267 -0.03696871 0.48266969
1461161238.62957 0.37809903 0.03081860 -0.05950283 -0.00751155 0.82048363 -0.03129727 0.57076324
1461161238.70958 0.38624537 0.03485092 -0.06104049 -0.00720251 0.79282745 -0.02658051 0.60882365
1461161238.96956 0.40140591 0.05816325 -0.07428707 -0.04131903 0.72378049 -0.03915357 0.68767837
1461161239.07002 0.40417226 0.07003281 -0.07767091 -0.04545428 0.68562991 -0.01705015 0.72632970
1461161239.16958 0.40641635 0.08130848 -0.08501786 -0.05580833 0.66458389 0.01285003 0.74501581
1461161239.29073 0.40764798 0.08876933 -0.09060628 -0.06260421 0.63198337 0.01417587 0.77231909
1461161239.38956 0.40663036 0.09728329 -0.09465166 -0.08013843 0.59912340 0.01898929 0.79640969
1461161239.48951 0.40518867 0.10297838 -0.09758064 -0.06673647 0.56334267 0.02178689 0.82323545
1461161239.70949 0.40238547 0.12238502 -0.10739317 -0.06777127 0.50442379 0.00274265 0.86078811
