1464106065.27842 -0.09158114 0.13672549 -0.13293654 -0.10839158 -0.02741292 0.08219360 -0.99032520
1464106065.43835 -0.08270681 0.16065042 -0.13483888 -0.08641820 -0.05185311 0.07486710 -0.99208773
1464106065.60044 -0.07903818 0.18778314 -0.13729230 -0.06650122 -0.07603773 0.07577077 -0.99199528
1464106065.75844 -0.08336566 0.21457232 -0.14080566 -0.05637885 -0.08267109 0.09309689 -0.99061591
1464106065.91844 -0.09538775 0.23834098 -0.14545515 -0.03764142 -0.08498210 0.10580856 -0.99003319
1464106066.07881 -0.11428809 0.25848197 -0.15001183 -0.02460608 -0.09082069 0.11712564 -0.98864945
1464106066.23848 -0.13799844 0.28030511 -0.15461304 -0.00421756 -0.10081402 0.11864080 -0.98779710
1464106066.40131 -0.16488663 0.29622278 -0.16098524 0.02315314 -0.10380056 0.11283367 -0.98790584
1464106066.60082 -0.19846748 0.29737736 -0.16761963 0.02490247 -0.10797946 0.10116219 -0.98867918
1464106066.75854 -0.22271256 0.28850413 -0.17253715 0.01717289 -0.08584708 0.10171581 -0.99095372
1464106066.95963 -0.24535715 0.27084434 -0.17958827 0.01786673 -0.06776286 0.09602215 -0.99290922
1464106067.15867 -0.25833191 0.24338326 -0.18445536 0.01574159 -0.06132316 0.07725235 -0.99499937
1464106067.31864 -0.26207964 0.21391937 -0.18610347 0.00537083 -0.04819856 0.08256000 -0.99540539
1464106067.47870 -0.25876300 0.17987847 -0.18616102 -0.02428339 -0.04277982 0.08483125 -0.99518032
1464106067.63849 -0.24795020 0.14675702 -0.18650998 -0.05257426 -0.04801027 0.08528367 -0.99380967
1464106067.80078 -0.23243813 0.11832480 -0.18635301 -0.06023422 -0.06151991 0.09946275 -0.99130939
1464106068.00120 -0.21431796 0.08825383 -0.18724089 -0.06748013 -0.06064350 0.11895168 -0.98874633
1464106068.20179 -0.19621278 0.06796028 -0.19297354 -0.09781005 -0.06641685 0.11528238 -0.98627175
1464106068.47879 -0.17356087 0.08297758 -0.18656634 -0.07907768 -0.07157580 0.08831686 -0.99036547
1464106068.67883 -0.16528217 0.10837300 -0.18113665 -0.06129517 -0.05783576 0.07602425 -0.99353824
1464106068.87883 -0.16281542 0.13924148 -0.18620067 -0.05102721 -0.05730314 0.07219418 -0.99443480
1464106069.07920 -0.16568972 0.17134969 -0.20445594 -0.03853094 -0.06036532 0.07027854 -0.99495343
1464106069.27909 -0.17289668 0.20157889 -0.23331965 -0.02658407 -0.05808775 0.07634196 -0.99503317
1464106069.43874 -0.17814409 0.22426505 -0.26195038 -0.00105276 -0.05810117 0.06066964 -0.99646492
1464106069.67880 -0.18558731 0.24757590 -0.30963158 0.00142773 -0.04679204 0.06198796 -0.99697841
1464106069.91928 -0.18491484 0.26395443 -0.36554141 -0.01108064 -0.04896669 0.06549309 -0.99658925
1464106070.11895 -0.18494564 0.27565598 -0.40982783 0.00262054 -0.01509096 0.08026249 -0.99665607
1464106071.00039 -0.17797319 0.28527059 -0.38850636 0.01919094 0.00218032 0.10945412 -0.99380418
1464106071.31989 -0.16631649 0.27886983 -0.33229498 0.02976611 0.00869711 0.09791409 -0.99471160
1464106071.59933 -0.14156117 0.27297976 -0.28833446 0.02601059 0.02590877 0.09897606 -0.99441235
1464106071.79917 -0.11461785 0.26178649 -0.25707336 0.01200054 0.05096932 0.10959752 -0.99259584
1464106072.00133 -0.08768204 0.24469338 -0.22784798 -0.00770492 0.06856298 0.12117155 -0.99023089
1464106072.24073 -0.05884765 0.22972355 -0.19272728 -0.01050944 0.08017409 0.13666784 -0.98731128
1464106072.47917 -0.03725766 0.21910166 -0.15179448 -0.02371038 0.08370615 0.13929864 -0.98642130
1464106072.71958 -0.02245649 0.20435933 -0.10749963 -0.04523727 0.08868623 0.14436011 -0.98450419
1464106073.03912 -0.01719957 0.18665166 -0.06155185 -0.05944815 0.09782528 0.13757245 -0.98385464
1464106073.31929 -0.02292633 0.17677823 -0.02488048 -0.07297129 0.08439720 0.12624073 -0.98570563
1464106073.51929 -0.03322254 0.16755286 0.00354210 -0.08924310 0.05749547 0.12341308 -0.98666061
1464106073.71930 -0.05211691 0.16219588 0.02611197 -0.08622447 0.04665039 0.10995331 -0.98909016
1464106073.87940 -0.07141968 0.16136838 0.03919473 -0.09213187 0.03586117 0.11287709 -0.98867814
1464106074.00106 -0.08859776 0.16307534 0.04913613 -0.09406187 0.01827239 0.11255661 -0.98901441
1464106074.11944 -0.10845521 0.16430746 0.05923425 -0.09981197 -0.00607997 0.10670686 -0.98924934
1464106074.23942 -0.12932111 0.16524903 0.06761918 -0.09977331 -0.02743897 0.09733133 -0.98985807
1464106074.35981 -0.14967204 0.16569250 0.07177155 -0.10048442 -0.04531801 0.08774836 -0.99002494
1464106074.48101 -0.16890289 0.16685925 0.07185424 -0.10344234 -0.05878942 0.07696035 -0.98990939
1464106074.63933 -0.19413965 0.17092982 0.06863708 -0.10563850 -0.07036486 0.08447866 -0.98830797
1464106074.80157 -0.21855278 0.17724980 0.06334813 -0.10790404 -0.08821765 0.09101304 -0.98604817
1464106074.95976 -0.24183945 0.18511206 0.05475864 -0.09839658 -0.10949541 0.07869600 -0.98596948
1464106075.11949 -0.26238080 0.19332133 0.04422378 -0.08443117 -0.12344936 0.06602789 -0.98654546
1464106075.31950 -0.28598608 0.20540986 0.03036084 -0.06711384 -0.12822430 0.06934208 -0.98703897
1464106075.51954 -0.30710694 0.21981887 0.01310916 -0.04776455 -0.14084082 0.06990774 -0.98640525
1464106075.71954 -0.32738795 0.23379230 -0.00922027 -0.03025289 -0.15368599 0.07363894 -0.98490745
1464106076.15954 -0.35527238 0.25423945 -0.07228503 -0.01128176 -0.13710889 0.09430012 -0.98599258
1464106076.31964 -0.35544266 0.26307942 -0.10298776 -0.00808150 -0.11910648 0.09893624 -0.98790686
1464106076.47968 -0.35398795 0.27244017 -0.13720478 0.00359571 -0.10378340 0.10190979 -0.98935862
1464106076.67966 -0.35478584 0.27992753 -0.17712670 0.00940722 -0.09198343 0.09745279 -0.99093567
1464106076.91967 -0.35682715 0.28563993 -0.21762360 0.01130416 -0.08714217 0.08950099 -0.99210283
1464106077.40676 -0.35012323 0.28591553 -0.29513544 -0.00052871 -0.11443574 0.06582119 -0.99124757
1464106077.51978 -0.33500377 0.28495698 -0.31044567 0.00118489 -0.14732206 0.05852568 -0.98735483
1464106077.63980 -0.31712588 0.28384903 -0.32556584 -0.00199745 -0.17780243 0.06202069 -0.98210781
1464106077.83975 -0.28700440 0.28176835 -0.35124574 -0.00989595 -0.19156745 0.07148765 -0.97882251
1464106078.04163 -0.25837849 0.27649365 -0.37258343 -0.02082742 -0.20156710 0.08418151 -0.97562821
1464106078.27984 -0.21872554 0.27203109 -0.38737142 -0.01656758 -0.22363363 0.08720298 -0.97062307
1464106078.47983 -0.17329954 0.27072729 -0.38978455 -0.01410617 -0.25391692 0.07983135 -0.96382268
1464106078.63980 -0.12799000 0.26477684 -0.38569564 -0.02237846 -0.28791886 0.08773435 -0.95336489
1464106078.80264 -0.08162640 0.25545214 -0.37798377 -0.02349619 -0.31163915 0.08584243 -0.94602328
1464106079.23987 0.03666387 0.23337982 -0.36361904 -0.02744350 -0.32978388 0.06529469 -0.94139580
1464106079.44297 0.09417975 0.21943883 -0.35568227 -0.04626923 -0.33253135 0.06036169 -0.94002049
1464106079.63992 0.15436559 0.20342886 -0.35329098 -0.04788072 -0.34379915 0.05826830 -0.93600982
1464106079.80697 0.19194244 0.19883629 -0.34281192 -0.03733625 -0.36562963 0.04034435 -0.92913579
1464106079.92002 0.22570637 0.20089378 -0.33479871 -0.01835400 -0.38973170 0.02220016 -0.92047786
1464106080.08005 0.27043310 0.19917137 -0.31943876 -0.00622396 -0.42901968 0.02438447 -0.90294450
1464106080.20286 0.30217756 0.19236723 -0.30438525 -0.01398309 -0.46861171 0.02317413 -0.88298952
1464106080.36007 0.34392755 0.18324602 -0.28395089 -0.00840672 -0.49327252 -0.00211257 -0.86983164
1464106080.52009 0.37790548 0.17847182 -0.26018652 -0.00056769 -0.51215556 -0.02035631 -0.85865126
1464106080.68002 0.42056858 0.17620411 -0.24238284 -0.00068957 -0.53624421 -0.02496598 -0.84369329
1464106080.80298 0.45700980 0.17368760 -0.23002481 -0.00433446 -0.56020523 -0.02906357 -0.82783248
1464106080.92012 0.49426346 0.16726231 -0.21911288 -0.00840752 -0.58472045 -0.02983976 -0.81064227
1464106081.08000 0.53969280 0.15997078 -0.20469091 0.00212330 -0.59405531 -0.05169965 -0.80275833
1464106081.24009 0.58600173 0.15691048 -0.19394953 0.01057614 -0.60798313 -0.07108652 -0.79069043
1464106081.36014 0.62513433 0.15663339 -0.19052685 0.01279532 -0.62579292 -0.07815620 -0.77595819
1464106081.48024 0.67260446 0.15326838 -0.19731816 0.01063897 -0.64531748 -0.07138713 -0.76049723
1464106081.60274 0.70654494 0.14618589 -0.20147424 0.00271509 -0.66426078 -0.06199626 -0.74492060
1464106081.76019 0.75423841 0.13561919 -0.21651977 -0.00038815 -0.67923342 -0.05648122 -0.73174564
1464106081.96138 0.81306571 0.13683826 -0.24734132 0.00107391 -0.70261950 -0.05867777 -0.70914145
1464106082.16017 0.87547023 0.13654356 -0.29486091 -0.00286443 -0.72247579 -0.05535921 -0.68917043
1464106082.32018 0.90944428 0.12975167 -0.33021466 -0.00976925 -0.73682866 -0.05442899 -0.67381420
1464106082.48016 0.94402484 0.13046107 -0.37296688 -0.01196473 -0.74920849 -0.05908505 -0.65958506
1464106082.60024 0.96855159 0.13767152 -0.40857184 -0.00437949 -0.75968989 -0.06248470 -0.64726173
1464106082.72026 0.99276772 0.14398186 -0.44823010 -0.00314693 -0.77231191 -0.05979716 -0.63241498
1464106082.84027 1.01823008 0.14682347 -0.49578875 -0.00025773 -0.78987001 -0.06760135 -0.60953700
1464106082.96029 1.02397432 0.14702151 -0.53367451 -0.00695598 -0.80443735 -0.07855637 -0.58877930
1464106083.08342 1.03286960 0.15300898 -0.57565981 -0.01027399 -0.81527393 -0.09048906 -0.57186938
1464106083.16028 1.03629221 0.15991845 -0.60398688 -0.00781294 -0.82049793 -0.09315330 -0.56395441
1464106083.28030 1.03861046 0.17164355 -0.64862279 -0.00477706 -0.82232353 -0.09527544 -0.56096682
1464106083.40344 1.03504582 0.17893080 -0.68870039 0.01444672 -0.82224538 -0.10007703 -0.56007893
1464106083.52033 1.03156345 0.18235039 -0.72835882 0.01999370 -0.82150940 -0.10423274 -0.56023039
1464106083.64295 1.03138735 0.18811465 -0.77321133 0.01218972 -0.82874310 -0.11288970 -0.54798924
1464106083.76338 1.02201076 0.19931774 -0.80852303 0.01530013 -0.83331547 -0.11995656 -0.53940862
1464106083.88037 1.01797875 0.21196344 -0.85191084 0.02029742 -0.83653228 -0.11964053 -0.53431068
1464106084.00284 1.01251155 0.22144769 -0.89819668 0.02554785 -0.84185183 -0.12277188 -0.52493797
1464106084.12033 1.00381688 0.22596431 -0.94011106 0.02703014 -0.84578707 -0.13203776 -0.51621666
1464106084.28039 0.99129842 0.23231202 -0.99741529 0.01120524 -0.85654933 -0.13654931 -0.49754595
1464106084.44041 0.97933387 0.24947423 -1.06097874 0.01294833 -0.86235292 -0.13768432 -0.48705524
1464106084.56049 0.96287268 0.25951337 -1.10155004 0.01141630 -0.86628713 -0.14005308 -0.47937607
1464106084.68052 0.94847079 0.26280456 -1.14640468 0.02205867 -0.86764010 -0.13416991 -0.47823897
1464106084.80301 0.93476843 0.26642197 -1.18859943 0.02138462 -0.87127172 -0.14114430 -0.46958128
1464106084.92054 0.92275333 0.27613354 -1.23077824 0.02406412 -0.87425080 -0.14958676 -0.46122691
1464106085.04042 0.91339379 0.29167064 -1.27979993 0.03640127 -0.87983524 -0.15217986 -0.44878301
1464106085.12099 0.90391380 0.29915242 -1.31070138 0.03931042 -0.88686525 -0.15221068 -0.43446130
1464106085.20322 0.89683316 0.30517199 -1.34474126 0.03473562 -0.89293634 -0.15136647 -0.42254743
1464106085.32049 0.88431479 0.30972717 -1.39663115 0.03019168 -0.90267558 -0.15727927 -0.39941018
1464106085.44101 0.86758579 0.31263016 -1.44357766 0.02641008 -0.91332853 -0.16272339 -0.37236355
1464106085.56060 0.85616590 0.32259563 -1.49339141 0.02943473 -0.92258621 -0.15550932 -0.35183112
1464106085.68053 0.83955584 0.33633144 -1.53768031 0.02835441 -0.92550550 -0.14850995 -0.34724686
1464106085.80299 0.82683918 0.34560779 -1.58280863 0.02369899 -0.92014633 -0.15368904 -0.35937273
1464106085.96122 0.81129659 0.35037212 -1.64091473 0.02452367 -0.91581768 -0.15596631 -0.36925747
1464106086.12109 0.79628601 0.36099201 -1.69812548 0.02940858 -0.91372010 -0.15919670 -0.37270246
1464106086.28070 0.78508802 0.37988627 -1.76014318 0.04261697 -0.91145672 -0.15208722 -0.37986829
1464106086.44066 0.77346882 0.38773258 -1.82497065 0.03421649 -0.91408286 -0.14537690 -0.37702428
1464106086.60643 0.75894531 0.39112931 -1.88566787 0.02462315 -0.91396513 -0.14700585 -0.37742645
1464106086.76076 0.74307832 0.40358700 -1.94582712 0.03304368 -0.91468695 -0.13837158 -0.37829777
1464106086.92075 0.72618348 0.41578161 -2.00911399 0.02401798 -0.91457806 -0.12164668 -0.38493141
1464106087.12070 0.70467329 0.41867772 -2.08510015 0.02564317 -0.91001274 -0.11688825 -0.39693373
1464106087.32072 0.68686275 0.43327371 -2.16064844 0.04006751 -0.90573515 -0.11212435 -0.40677582
1464106087.52076 0.67277731 0.45328973 -2.24477882 0.04950350 -0.90631060 -0.09899911 -0.40785987
1464106087.68077 0.65935565 0.45867943 -2.30999350 0.04527082 -0.90823100 -0.10866476 -0.40157064
1464106087.88078 0.64460257 0.47381590 -2.38838997 0.04707902 -0.90788800 -0.11529795 -0.40028657
1464106088.08086 0.63520689 0.49276863 -2.48091901 0.03449180 -0.91130736 -0.09832407 -0.39832347
1464106088.28089 0.61712958 0.49474913 -2.54837816 0.04038865 -0.90613825 -0.10443298 -0.40789212
1464106088.48090 0.61002552 0.51288518 -2.62819653 0.04881300 -0.90634913 -0.10675315 -0.40589693
1464106088.68087 0.60748236 0.52862156 -2.71246962 0.04914269 -0.91142848 -0.10093337 -0.39584791
1464106088.88094 0.60319554 0.53461730 -2.78951462 0.03436999 -0.91004211 -0.12251760 -0.39450158
1464106089.12094 0.59658366 0.55466499 -2.88317683 0.03860799 -0.91578797 -0.11414409 -0.38316178
1464106089.40100 0.59019869 0.56465182 -3.01009381 0.02950099 -0.92040370 -0.11250682 -0.37326790
1464106089.68100 0.58195031 0.58233840 -3.10469587 0.03390989 -0.92727632 -0.11316856 -0.35524868
1464106089.88103 0.57782065 0.59439157 -3.18526957 0.03671768 -0.93576423 -0.11950229 -0.32972158
1464106090.12106 0.56808944 0.60317206 -3.28058143 0.02836587 -0.94115129 -0.12856844 -0.31128731
1464106090.32112 0.54863062 0.62275994 -3.34955291 0.03145777 -0.94583863 -0.11840526 -0.30063247
1464106090.52116 0.52385267 0.63072682 -3.42187808 0.02978610 -0.94788861 -0.12643459 -0.29091969
1464106090.68112 0.50002950 0.63646605 -3.47491387 0.02159754 -0.95429250 -0.13525078 -0.26564376
1464106090.88116 0.47552961 0.66062296 -3.54898582 0.03889452 -0.95629752 -0.14231018 -0.25244816
1464106091.04115 0.44937834 0.67020763 -3.60243570 0.04529822 -0.96068780 -0.14653583 -0.23141797
1464106091.20139 0.42196001 0.67377903 -3.65605055 0.02926110 -0.96525630 -0.15327217 -0.20959894
1464106091.36429 0.39315404 0.68624529 -3.70537586 0.03057467 -0.96754657 -0.15954920 -0.19355332
1464106091.52127 0.36476730 0.70875893 -3.77255352 0.03321167 -0.96890041 -0.16321644 -0.18300102
1464106091.68446 0.32300396 0.71394533 -3.80616053 0.02063790 -0.97249736 -0.16369956 -0.16439411
1464106091.84129 0.28382163 0.71752364 -3.85232148 0.01395404 -0.97656274 -0.16928274 -0.13218874
1464106092.00124 0.24674289 0.73416050 -3.90144812 0.01966931 -0.97818014 -0.17708554 -0.10685244
1464106092.16108 0.20671762 0.75319136 -3.94624874 0.02788594 -0.97892528 -0.18151931 -0.08932198
1464106092.28156 0.17440193 0.76004280 -3.98042193 0.02194889 -0.98072771 -0.18573106 -0.05652766
1464106092.44159 0.13282633 0.76487031 -4.02011552 0.01080481 -0.98193341 -0.18645349 -0.03041600
1464106092.60328 0.09306679 0.77823868 -4.05738791 0.01335739 -0.98149228 -0.19000453 -0.01981811
1464106092.72403 0.06041841 0.79066091 -4.07704435 0.01888145 -0.98093363 -0.19211159 -0.02249108
1464106092.84142 0.02691077 0.79822872 -4.09999922 0.02262252 -0.97961050 -0.19783540 -0.02669544
1464106093.00426 -0.01735625 0.80137748 -4.12661626 0.02064848 -0.97993813 -0.19778577 -0.01325509
1464106093.16187 -0.05608082 0.81516359 -4.17907734 0.01704438 -0.97952131 -0.20024176 -0.01227746
1464106093.32150 -0.09591885 0.82420726 -4.17341427 0.02961572 -0.97768315 -0.20682399 -0.02196383
1464106093.48141 -0.13772236 0.83402295 -4.19306990 0.02797234 -0.97758803 -0.20825322 -0.01303017
1464106093.64144 -0.17757364 0.83504267 -4.20668491 0.02942895 -0.97792115 -0.20689114 0.00047660
1464106093.88146 -0.22736303 0.84382795 -4.21442714 0.02301146 -0.97813192 -0.20653481 -0.00847268
1464106094.08144 -0.26577311 0.84936380 -4.20227142 0.02749792 -0.97691679 -0.21011839 -0.02697605
1464106094.28155 -0.30386373 0.84967477 -4.19359773 0.03383611 -0.97609110 -0.21087570 -0.04040705
1464106094.48461 -0.33866556 0.85388572 -4.18872900 0.02461072 -0.97587051 -0.21453955 -0.03230850
1464106094.68158 -0.37645945 0.86395763 -4.18818048 0.01758653 -0.97538759 -0.21880485 -0.02083739
1464106094.84155 -0.41272235 0.87516481 -4.19979164 0.01741077 -0.97432236 -0.22448019 -0.00120237
1464106095.00508 -0.44734537 0.87835490 -4.19044982 0.02055383 -0.97293034 -0.22977105 0.01376088
1464106095.20383 -0.48799829 0.88248415 -4.19302691 0.02261883 -0.97133874 -0.23476119 0.02960793
1464106095.44163 -0.53327235 0.88961939 -4.19509088 0.00955354 -0.96953361 -0.24104180 0.04256953
1464106095.60456 -0.56657338 0.89583088 -4.19441199 0.00465045 -0.96984927 -0.23319467 0.07064706
1464106095.76289 -0.60109276 0.89779619 -4.19477178 0.01035092 -0.96656295 -0.23990026 0.08998220
1464106095.92170 -0.63275123 0.89872993 -4.19653050 0.00550316 -0.96443967 -0.23611141 0.11864753
1464106096.20309 -0.67401117 0.90876539 -4.21397618 -0.01510471 -0.95609803 -0.25027867 0.15168716
1464106096.44171 -0.69301808 0.92229335 -4.23702537 -0.02991659 -0.94556591 -0.26611362 0.18491524
1464106096.60174 -0.70411416 0.92842712 -4.26426088 -0.03720426 -0.93795718 -0.26398865 0.22172544
1464106096.76183 -0.71527660 0.93221613 -4.29131404 -0.05522257 -0.93070993 -0.25704595 0.25427715
1464106096.96173 -0.73067838 0.94361820 -4.31714743 -0.07247761 -0.91569321 -0.27625949 0.28272537
1464106097.16179 -0.75312653 0.95883901 -4.33799480 -0.08118683 -0.90428910 -0.28999531 0.30260973
1464106097.32181 -0.77837365 0.96946396 -4.35311769 -0.08853183 -0.89203771 -0.29574911 0.33009590
1464106097.48184 -0.80822708 0.97531844 -4.37058540 -0.10008226 -0.87794161 -0.29914096 0.36016212
1464106097.64192 -0.83514319 0.97920918 -4.38306796 -0.10239363 -0.86509604 -0.30043974 0.38840745
1464106097.80574 -0.85924225 0.98568206 -4.39578228 -0.10645410 -0.85229057 -0.31371867 0.40478254
1464106097.96213 -0.88513249 0.99725324 -4.40848952 -0.11587110 -0.83768916 -0.32468475 0.42359246
1464106098.08305 -0.90843598 1.00409164 -4.41853580 -0.11899280 -0.82290145 -0.32841228 0.44812865
1464106098.20479 -0.93562340 1.00791135 -4.42915175 -0.11939832 -0.80686850 -0.32238345 0.48039169
1464106098.32186 -0.96360278 1.00941989 -4.44006574 -0.12177957 -0.78806370 -0.31241959 0.51625512
1464106098.44196 -0.98737831 1.01121650 -4.44702216 -0.12453168 -0.77740799 -0.30541900 0.53558185
1464106098.56500 -1.01193870 1.01503583 -4.45415463 -0.12155309 -0.76388119 -0.30593403 0.55508085
1464106098.68193 -1.03749520 1.02122317 -4.45943277 -0.11967910 -0.75061018 -0.30349068 0.57459087
1464106098.80602 -1.06750252 1.02760233 -4.46671181 -0.11670320 -0.74234300 -0.29507956 0.59011463
1464106098.92197 -1.09528208 1.03109855 -4.47205443 -0.11656152 -0.73466088 -0.29310007 0.60064894
1464106099.08202 -1.12942620 1.03266215 -4.47954041 -0.12318075 -0.72322191 -0.29382973 0.61273213
1464106099.24202 -1.16175793 1.03491881 -4.48662428 -0.13053603 -0.70959328 -0.29152697 0.62805235
1464106099.36208 -1.18584708 1.03872737 -4.49032217 -0.13071466 -0.69709285 -0.29048309 0.64233544
1464106099.48204 -1.21136418 1.04439302 -4.49473903 -0.13149923 -0.68515512 -0.29125717 0.65455303
1464106099.60479 -1.23731042 1.04938854 -4.49789201 -0.13302810 -0.66840404 -0.28222737 0.67519425
1464106099.72290 -1.26053298 1.05249174 -4.50042532 -0.13978754 -0.64754752 -0.28156905 0.69416174
1464106099.84211 -1.28523906 1.05493343 -4.50330806 -0.14330275 -0.63130878 -0.28129486 0.70836908
1464106099.96208 -1.30268221 1.05766584 -4.50030571 -0.14718101 -0.61655073 -0.28046620 0.72079238
1464106100.08211 -1.32141208 1.06116717 -4.49633306 -0.14796243 -0.59772838 -0.27914439 0.73682177
1464106100.20250 -1.33954394 1.06721745 -4.49215853 -0.15266374 -0.58560038 -0.28317946 0.74402646
1464106100.32218 -1.35867299 1.07196374 -4.48697810 -0.15623167 -0.57075404 -0.28111735 0.75551606
1464106100.44210 -1.37892420 1.07477604 -4.48063029 -0.16119560 -0.55445313 -0.27884994 0.76735938
1464106100.52223 -1.39165900 1.07403526 -4.47602211 -0.16192445 -0.54221906 -0.26828232 0.77961757
1464106100.60461 -1.40361166 1.07216024 -4.47183484 -0.15466292 -0.53700536 -0.26208979 0.78677415
1464106100.72218 -1.41775058 1.07049083 -4.46558631 -0.15043299 -0.51737576 -0.25094974 0.80418684
1464106100.84216 -1.43141354 1.06885922 -4.45941160 -0.14631521 -0.50406669 -0.24595379 0.81487138
1464106100.92222 -1.43925685 1.06728000 -4.45553572 -0.14097323 -0.49355660 -0.23791547 0.82457544
1464106101.04269 -1.44968449 1.06788692 -4.45070024 -0.14197391 -0.48064781 -0.23983692 0.83144413
1464106101.16233 -1.45810580 1.06956320 -4.44680257 -0.14581003 -0.46532609 -0.24141035 0.83900662
1464106101.32300 -1.46715275 1.07161779 -4.44191168 -0.15230861 -0.44732477 -0.24217380 0.84738096
1464106101.48257 -1.47489140 1.07322364 -4.43718097 -0.15644560 -0.42918002 -0.23990135 0.85660763
1464106101.64213 -1.48202787 1.07452578 -4.43264983 -0.15860184 -0.41312942 -0.23734403 0.86477589
1464106101.84357 -1.48866740 1.07456312 -4.42662264 -0.15781453 -0.39402259 -0.23682511 0.87393057
1464106102.04225 -1.49263661 1.07294789 -4.42017727 -0.15286546 -0.37974527 -0.23468338 0.88167420
1464106102.24265 -1.49690222 1.07282968 -4.41151560 -0.15480808 -0.37311758 -0.22992589 0.88541053
1464106102.40546 -1.50040227 1.07298613 -4.40357437 -0.16123913 -0.37603588 -0.22676045 0.88384312
1464106102.56234 -1.50443851 1.07175879 -4.39762640 -0.16326801 -0.38291184 -0.22055173 0.88208787
1464106102.72498 -1.50875520 1.06935787 -4.39131138 -0.15908981 -0.38935148 -0.21438760 0.88155193
1464106102.92245 -1.51302589 1.06867685 -4.38549715 -0.15506991 -0.38603538 -0.21123984 0.88448162
1464106103.12247 -1.51704190 1.06663707 -4.38045221 -0.14841689 -0.37873911 -0.20242599 0.89081582
1464106103.44240 -1.52205990 1.06507718 -4.37602130 -0.14123359 -0.37663000 -0.20488299 0.89231490
1464106103.88247 -1.53207574 1.06172271 -4.36880401 -0.13789017 -0.37518066 -0.19133076 0.89644761
1464106104.28249 -1.54027428 1.05770944 -4.35997274 -0.13708671 -0.36823407 -0.15833711 0.90583678
1464106104.84255 -1.55864710 1.05522122 -4.34409354 -0.12184944 -0.36053136 -0.15450203 0.91175599
1464106106.00276 -1.56928190 1.05148338 -4.33756835 -0.10545571 -0.37742564 -0.18173035 0.90188861
1464106107.12291 -1.56258582 1.04570309 -4.31958847 -0.09789080 -0.34031479 -0.19794779 0.91401308
1464106107.40550 -1.57146118 1.04750462 -4.30849970 -0.09476660 -0.38048325 -0.21164995 0.89524080
1464106107.56323 -1.58285420 1.05029546 -4.30036578 -0.09037325 -0.42884667 -0.22480789 0.87027847
1464106107.68380 -1.59322165 1.05176962 -4.29538493 -0.08662996 -0.47100813 -0.24378897 0.84333477
1464106107.84495 -1.60774844 1.05120116 -4.29195645 -0.07634382 -0.51263851 -0.24467504 0.81945562
1464106108.04299 -1.62579598 1.05105295 -4.29314879 -0.06762930 -0.54964262 -0.25248781 0.79345395
1464106108.36337 -1.64331102 1.05180690 -4.29961644 -0.04528583 -0.59656822 -0.25448941 0.75979648
1464106108.80545 -1.65652696 1.04774594 -4.30791310 -0.04491129 -0.63347214 -0.22799946 0.73804625
1464106109.24311 -1.69278071 1.05445971 -4.30462350 -0.05084644 -0.67017853 -0.23669355 0.70160640
1464106109.44335 -1.72639347 1.05552968 -4.28136323 -0.03525170 -0.64275693 -0.24501719 0.72497409
1464106109.64309 -1.76552094 1.05370851 -4.26310846 -0.03335044 -0.62365532 -0.23980425 0.74326019
1464106109.88513 -1.81809802 1.06112745 -4.24367244 -0.02903214 -0.62646001 -0.23290586 0.74327643
1464106110.04342 -1.86044315 1.06495251 -4.23048896 -0.02771438 -0.63632252 -0.21722704 0.73968776
1464106110.24317 -1.91243029 1.06330355 -4.21715734 -0.02218659 -0.65585738 -0.21952297 0.72192002
1464106110.52326 -1.99135972 1.07678590 -4.19640608 -0.01345445 -0.66140650 -0.22275177 0.71606010
1464106110.84364 -2.09754371 1.08952066 -4.17325343 -0.02462694 -0.63716768 -0.21721772 0.73907194
1464106111.12327 -2.19264397 1.09666633 -4.14217400 -0.02597979 -0.61034348 -0.19305019 0.76781346
1464106111.36329 -2.28724491 1.08984841 -4.11711020 0.00867797 -0.60601917 -0.17010742 0.77699995
1464106111.64347 -2.38895005 1.09336516 -4.08804524 -0.02883226 -0.62620917 -0.16138238 0.76222471
1464106111.88338 -2.48792441 1.09502441 -4.05911693 -0.00544394 -0.61122009 -0.15440779 0.77623359
1464106112.08339 -2.56417971 1.09745791 -4.03557646 -0.00162433 -0.59329587 -0.16929030 0.78698041
1464106112.20478 -2.60490033 1.10830209 -4.02095711 -0.00961877 -0.54138651 -0.17281054 0.82276645
1464106112.36454 -2.66437480 1.12645033 -4.01434885 -0.00900024 -0.52669749 -0.16465676 0.83390461
1464106112.48348 -2.71002550 1.13373697 -4.01782250 -0.00054809 -0.55751977 -0.16555104 0.81348894
1464106112.60611 -2.74982759 1.13742655 -4.02478831 0.01788614 -0.59825071 -0.17399889 0.78198501
1464106112.76350 -2.79670218 1.14541733 -4.02633324 0.03484628 -0.58815656 -0.16845159 0.79024152
1464106112.88348 -2.83622573 1.15531994 -4.02598901 0.04909298 -0.60705758 -0.15571698 0.77770379
1464106113.00587 -2.87804652 1.16178259 -4.02397779 0.05155183 -0.62885814 -0.13646917 0.76371200
1464106113.12645 -2.91727451 1.16677154 -4.01906850 0.04066453 -0.64615483 -0.13633442 0.74982882
1464106113.20591 -2.94102995 1.16980662 -4.01767049 0.04204153 -0.68329064 -0.16056789 0.71103049
1464106113.32357 -2.97631472 1.17487829 -4.01206182 0.05879661 -0.72315430 -0.15016094 0.67159698
1464106113.44355 -3.01815991 1.18331208 -4.00319750 0.10165287 -0.73123160 -0.13313913 0.66124203
1464106113.60579 -3.08226811 1.19044606 -3.98821686 0.10241547 -0.69511189 -0.14430095 0.69678388
1464106114.08359 -3.28592952 1.22329782 -3.96648318 0.09557028 -0.68492758 -0.15534995 0.70541259
1464106114.40591 -3.37538876 1.22005042 -3.94890744 0.08617369 -0.64987207 -0.16839657 0.73612701
1464106114.68363 -3.47460139 1.24345182 -3.92624933 0.08877189 -0.63997474 -0.20385698 0.73552309
1464106114.88366 -3.55113955 1.23626417 -3.91318537 0.12302121 -0.64417955 -0.16759533 0.73607764
1464106115.16371 -3.65224842 1.25182308 -3.89870021 0.14405683 -0.64041149 -0.18036696 0.73252202
1464106115.36570 -3.73183072 1.26117378 -3.89110266 0.15497874 -0.62740343 -0.19811957 0.73694990
1464106115.52474 -3.79092479 1.25744743 -3.88475799 0.17892743 -0.60169482 -0.18724450 0.75557118
1464106115.72457 -3.86490226 1.27250353 -3.87614713 0.17828998 -0.61225611 -0.16931359 0.75145729
1464106115.92460 -3.94598627 1.28412391 -3.86481351 0.19213072 -0.61279129 -0.17327883 0.74669075
1464106116.12623 -4.02759927 1.28122942 -3.85401460 0.18417334 -0.60380087 -0.16594796 0.75760542
1464106116.28383 -4.09149387 1.29502440 -3.84555414 0.19478129 -0.60498319 -0.16493766 0.75422222
1464106116.44377 -4.15933723 1.30733467 -3.83727013 0.20966952 -0.59055817 -0.18363091 0.75733707
1464106116.60652 -4.22525763 1.30732042 -3.82755747 0.19416728 -0.57590594 -0.17992323 0.77347208
1464106116.80388 -4.30286620 1.31696307 -3.81415432 0.18543020 -0.57274394 -0.17143333 0.77986578
1464106117.04388 -4.40275519 1.33532786 -3.79383945 0.17755527 -0.58203377 -0.18121456 0.77257498
1464106117.32386 -4.51158950 1.34242542 -3.77396501 0.12441989 -0.61426202 -0.17290470 0.75980644
1464106117.64716 -4.64072949 1.36274486 -3.74402074 0.13523931 -0.60220351 -0.18237785 0.76537545
1464106117.92419 -4.74940434 1.37248885 -3.71412179 0.12616070 -0.59998832 -0.18599533 0.76779114
1464106118.16409 -4.84511190 1.38560730 -3.68401380 0.10899246 -0.61807605 -0.19222270 0.75442234
1464106118.40407 -4.93513619 1.38833878 -3.65825419 0.09916030 -0.63340163 -0.19577608 0.74205211
1464106118.60617 -5.01401577 1.40650619 -3.63666978 0.11127959 -0.63148163 -0.20914001 0.73831447
1464106118.76403 -5.07849488 1.40882927 -3.62138164 0.10684030 -0.62388918 -0.20678156 0.74604881
1464106118.92409 -5.13944605 1.40934006 -3.60729376 0.10286670 -0.62042355 -0.20353397 0.75037789
1464106119.08413 -5.20126145 1.42211736 -3.59150170 0.10603290 -0.62539347 -0.20090657 0.74650960
1464106119.24408 -5.26717767 1.43235091 -3.57357972 0.10711554 -0.62703248 -0.21677984 0.74051538
1464106119.48426 -5.36269777 1.43270281 -3.55257882 0.11484748 -0.63658612 -0.19628000 0.73691406
1464106119.92426 -5.60828013 1.47089357 -3.52980998 0.10928849 -0.62561070 -0.20556478 0.74458740
1464106120.28433 -5.69543017 1.48109211 -3.49049798 0.12125589 -0.63363887 -0.19219055 0.73950090
1464106120.64428 -5.84366000 1.49137406 -3.46455755 0.10430524 -0.65615495 -0.19745536 0.72082763
1464106120.96432 -5.97800900 1.51393463 -3.44177979 0.10721445 -0.63951153 -0.20815730 0.73225720
1464106121.24441 -6.09351871 1.52242624 -3.42142614 0.10667317 -0.62609483 -0.19799266 0.74660901
1464106121.44504 -6.18006048 1.53588854 -3.40349058 0.11197046 -0.62575620 -0.19853378 0.74597328
1464106121.64436 -6.26393836 1.53520719 -3.38789978 0.10472259 -0.62954076 -0.18366208 0.74764955
1464106121.84703 -6.34698373 1.55078570 -3.37373669 0.11289942 -0.63219241 -0.18711165 0.74335436
1464106122.00655 -6.41771751 1.55937198 -3.36060742 0.12463631 -0.62130415 -0.18806338 0.75038597
1464106122.21083 -6.50173629 1.55909495 -3.34474258 0.12218266 -0.60944057 -0.18249420 0.76180671
1464106122.48430 -6.61953417 1.58146275 -3.31800665 0.12215928 -0.60340249 -0.18140682 0.76685990
1464106122.88757 -6.86693071 1.61167781 -3.29456508 0.10786238 -0.61889225 -0.18676244 0.75528662
1464106123.24449 -6.94329438 1.61166702 -3.25959217 0.11212197 -0.60144462 -0.20086567 0.76507909
1464106123.56463 -7.07543774 1.63194346 -3.23550036 0.12175982 -0.60762441 -0.17644297 0.76474506
1464106123.80704 -7.17489433 1.63779088 -3.21843551 0.11120483 -0.61900141 -0.18166955 0.75595431
1464106124.00761 -7.25467062 1.65066414 -3.20546737 0.10264274 -0.62220455 -0.18926111 0.75266606
1464106124.16464 -7.34128853 1.67004544 -3.19365305 0.11086419 -0.61240224 -0.18056030 0.76162366
1464106124.28486 -7.36878401 1.66598128 -3.18382606 0.09460481 -0.59815290 -0.19406221 0.77175313
1464106124.44469 -7.43130806 1.66892891 -3.16933270 0.08733919 -0.58946372 -0.19829329 0.77819288
1464106124.61207 -7.49499733 1.68120854 -3.15151385 0.09492825 -0.59010489 -0.18978292 0.77893985
1464106124.76472 -7.56087426 1.68850144 -3.13199233 0.09023640 -0.59489728 -0.19180119 0.77534955
1464106124.92510 -7.62411820 1.68655617 -3.11339891 0.09372705 -0.60221506 -0.18920202 0.76990574
1464106125.12488 -7.70078021 1.69655164 -3.09175682 0.09973527 -0.60843270 -0.18574559 0.76508895
1464106125.32807 -7.78285292 1.70705760 -3.07057096 0.11334594 -0.60230002 -0.19629665 0.76541166
1464106125.52570 -7.86070002 1.70825373 -3.05171542 0.09805452 -0.59891747 -0.20002227 0.76920366
1464106125.68800 -7.92385334 1.71935856 -3.03681308 0.10741199 -0.60671228 -0.18385196 0.76587292
1464106125.92712 -8.02298152 1.72936286 -3.01620258 0.10246106 -0.61408905 -0.18089995 0.76136166
1464106126.20779 -8.13418975 1.74066762 -3.00081812 0.10385306 -0.63401046 -0.18026435 0.74481544
1464106126.48744 -8.25112309 1.75910352 -2.98797625 0.11331497 -0.62553260 -0.18873792 0.74849628
1464106126.72494 -8.34702817 1.76742786 -2.97995795 0.11095900 -0.62920198 -0.18890075 0.74572748
1464106126.88488 -8.41138335 1.78193048 -2.97297349 0.11620063 -0.63280519 -0.17523315 0.74521698
1464106127.04586 -8.47824069 1.78754077 -2.96789571 0.10752898 -0.64122840 -0.18460546 0.73701050
1464106127.24495 -8.55979239 1.79283443 -2.96366629 0.10424455 -0.64890131 -0.18675698 0.73019312
1464106127.44823 -8.64630783 1.81291797 -2.95907133 0.12691732 -0.64355445 -0.18275452 0.73234586
1464106127.88506 -8.94550905 1.85331115 -2.94183724 0.11127146 -0.62318022 -0.18928024 0.75062512
1464106128.56516 -9.11517809 1.87287695 -2.90838722 0.12062630 -0.62203523 -0.18936347 0.75010862
1464106128.92508 -9.26242969 1.88507041 -2.88808022 0.09426609 -0.60390046 -0.20400518 0.76472219
1464106129.36521 -9.46899382 1.91159053 -2.85189179 0.09193116 -0.60522856 -0.19952013 0.76513970
1464106129.64534 -9.56028110 1.92677449 -2.83812754 0.10504839 -0.60983986 -0.19910663 0.75987941
1464106129.88520 -9.65977134 1.93108085 -2.81944109 0.09739243 -0.59479607 -0.20513633 0.77113646
1464106130.12537 -9.76355491 1.94624884 -2.79647484 0.10032083 -0.59325526 -0.19939757 0.77344976
1464106130.32526 -9.83977795 1.95585974 -2.77647854 0.09947654 -0.59247177 -0.19628124 0.77495502
1464106130.56534 -9.93821092 1.95989911 -2.75711163 0.09518768 -0.59974889 -0.20324181 0.76807119
1464106130.80869 -10.03955847 1.98061500 -2.73803281 0.10824102 -0.59063782 -0.20900284 0.77184757
1464106131.20541 -10.33669241 2.01580665 -2.70494289 0.09619977 -0.56503759 -0.21293117 0.79128910
1464106131.56540 -10.34860078 2.00705093 -2.67539553 0.09676941 -0.57271336 -0.20602759 0.78751998
1464106131.96620 -10.51601101 2.03209373 -2.64364028 0.10625278 -0.55490263 -0.21229408 0.79732342
1464106132.32550 -10.65830209 2.04404987 -2.61588579 0.10210412 -0.55642813 -0.20695972 0.79820433
1464106132.56534 -10.75999612 2.05699560 -2.59483488 0.09712382 -0.56969752 -0.21419642 0.78748435
1464106132.80815 -10.85590673 2.06199379 -2.57667687 0.10145554 -0.57929550 -0.21128901 0.78069229
1464106133.00942 -10.95627133 2.08068781 -2.55867248 0.11861330 -0.57094876 -0.20420301 0.78628845
1464106133.16607 -11.00490240 2.08216873 -2.54802681 0.10551176 -0.55837583 -0.20698903 0.79639139
1464106133.32559 -11.06665805 2.08660757 -2.53411868 0.09940023 -0.55306247 -0.22106841 0.79710116
1464106133.48564 -11.13073973 2.10108735 -2.51652020 0.10383519 -0.55046806 -0.20742051 0.80198498
1464106133.64551 -11.20268603 2.10992210 -2.49737654 0.10166476 -0.55420404 -0.20914877 0.79923648
1464106133.76562 -11.24569901 2.10835576 -2.48431089 0.10276594 -0.55533475 -0.21413534 0.79698716
1464106133.88557 -11.29198302 2.11055392 -2.47290534 0.10254196 -0.56613295 -0.21841947 0.78820782
1464106134.01001 -11.34192229 2.11981613 -2.46142950 0.11282212 -0.56668465 -0.22269746 0.78520413
1464106134.12569 -11.38987883 2.12785140 -2.44876286 0.12441535 -0.56092386 -0.22281614 0.78755204
1464106134.24555 -11.43807736 2.13220540 -2.43793527 0.11389122 -0.55216063 -0.23247033 0.79253074
1464106134.36572 -11.48529369 2.13363694 -2.42828783 0.10675267 -0.55394512 -0.22820864 0.79351716
1464106134.48570 -11.52965871 2.13788698 -2.41777037 0.10580784 -0.55256510 -0.23082120 0.79385016
1464106134.60842 -11.59156391 2.15042186 -2.40826083 0.11818273 -0.55266125 -0.21724545 0.79586607
1464106134.68571 -11.61227037 2.15177763 -2.39827740 0.12113123 -0.54939283 -0.20993237 0.79963938
1464106134.76575 -11.64546402 2.15564298 -2.39151994 0.10843033 -0.55284540 -0.21871072 0.79672483
1464106134.84597 -11.67697308 2.15575695 -2.38576320 0.10232205 -0.55474290 -0.21913840 0.79609602
1464106134.96577 -11.72086088 2.15634427 -2.37697933 0.09287303 -0.55427644 -0.22429913 0.79614203
1464106135.08653 -11.76529397 2.16205413 -2.36745519 0.09380265 -0.55107366 -0.22502907 0.79804812
1464106135.28586 -11.84923396 2.17760574 -2.35183542 0.12030795 -0.53786722 -0.21030153 0.80746400
1464106135.52581 -11.93476839 2.18121853 -2.33016590 0.09235907 -0.52676629 -0.21453582 0.81728909
1464106135.76586 -12.01785556 2.19591795 -2.30274327 0.08599127 -0.51342294 -0.21094947 0.82734679
1464106135.92591 -12.07452420 2.20201120 -2.27455489 0.06962379 -0.49207458 -0.20204143 0.84391611
1464106136.08600 -12.12365837 2.19850835 -2.23965358 0.06156745 -0.45232775 -0.20210619 0.86646532
1464106136.24595 -12.16982807 2.20081171 -2.19801120 0.05485232 -0.40844839 -0.21487969 0.88543089
1464106136.40594 -12.21784240 2.20737772 -2.14990294 0.07308439 -0.37328037 -0.20788440 0.90116842
1464106136.56843 -12.25653754 2.20427501 -2.09644803 0.05228453 -0.32669014 -0.22187301 0.91723075
1464106136.72598 -12.28784972 2.19622672 -2.04213567 0.04165110 -0.27852847 -0.21711671 0.93463758
1464106136.88614 -12.31321677 2.19764556 -1.98197354 0.05128861 -0.23449434 -0.21358963 0.94697484
1464106137.08633 -12.34354183 2.19244223 -1.90191044 0.04853098 -0.20380759 -0.21620597 0.95360484
1464106137.28607 -12.36656481 2.17666653 -1.82767085 0.04482050 -0.17598757 -0.21552817 0.95946188
1464106137.48610 -12.38735879 2.17559683 -1.74345939 0.05426942 -0.14217291 -0.22111906 0.96330060
1464106137.68607 -12.40503900 2.16392408 -1.65993654 0.04147990 -0.09771568 -0.22505124 0.96854685
1464106137.92606 -12.41921817 2.14940074 -1.56291078 0.03684754 -0.05447048 -0.21449007 0.97450974
1464106138.16606 -12.42864481 2.14048075 -1.45535722 0.04799622 -0.02679174 -0.21364370 0.97536400
1464106138.44643 -12.44422619 2.11658725 -1.33929552 0.05261902 -0.02825603 -0.20582897 0.97676367
1464106138.64616 -12.45211152 2.11213731 -1.24646417 0.07665248 -0.00121772 -0.21483866 0.97363610
1464106138.84621 -12.45910386 2.09386884 -1.16086157 0.05445358 0.02131686 -0.20758307 0.97646796
1464106139.08625 -12.45927249 2.08628793 -1.05675589 0.05667319 0.03588980 -0.21167909 0.97503438
1464106139.32629 -12.45728040 2.06722950 -0.94874914 0.05608131 0.04162591 -0.20661092 0.97592730
1464106139.56635 -12.45573123 2.05112047 -0.84866252 0.04387872 0.03524663 -0.21419326 0.97516849
1464106139.76631 -12.45210744 2.04247730 -0.75661348 0.06778690 0.05080683 -0.22874880 0.96979255
1464106139.96951 -12.44765498 2.02216591 -0.67296204 0.05377224 0.07471139 -0.22308139 0.97044394
1464106140.20631 -12.43840040 2.01449193 -0.56943324 0.04871852 0.09241462 -0.20704544 0.97273749
1464106140.40643 -12.42761495 1.99797067 -0.48121914 0.05158047 0.11531116 -0.20219086 0.97116510
1464106140.64633 -12.41388657 1.97436284 -0.38422680 0.05517977 0.12291917 -0.19092786 0.97231303
1464106140.88640 -12.41255512 1.96203185 -0.27432335 0.06594044 0.13529160 -0.20919080 0.96622319
1464106141.12647 -12.37945260 1.93515701 -0.17791094 0.05509042 0.14414788 -0.20126844 0.96730422
1464106141.32648 -12.36044163 1.92880815 -0.09052871 0.07722258 0.14011415 -0.19915863 0.96681981
1464106141.56654 -12.34008882 1.90366347 0.01216532 0.07250541 0.11262149 -0.19350540 0.97191308
1464106141.76659 -12.32305923 1.89290176 0.09297621 0.05073342 0.09567089 -0.20099308 0.97358871
1464106141.96960 -12.30578919 1.88267571 0.18221478 0.06515598 0.10715856 -0.21384448 0.96878392
1464106142.20920 -12.28514155 1.85397418 0.28022462 0.06493135 0.11812577 -0.20761105 0.96887970
1464106142.48790 -12.27523072 1.84396513 0.40963131 0.09068419 0.11486052 -0.20718442 0.96729419
1464106142.88662 -12.21452378 1.80907236 0.56513536 0.06122514 0.09386255 -0.21323173 0.97055321
1464106143.32667 -12.18126507 1.77281005 0.74931531 0.06545976 0.12639550 -0.20787733 0.96774284
1464106143.72673 -12.14454770 1.75017894 0.91444028 0.06578225 0.13403205 -0.19277274 0.96981791
1464106144.00673 -12.12589037 1.73342541 1.02468256 0.04796158 0.14137245 -0.19231960 0.96991066
1464106144.24672 -12.11306615 1.71863778 1.12552087 0.06297791 0.16176317 -0.20134636 0.96401561
1464106144.48677 -12.09613018 1.69719132 1.22050646 0.04496200 0.17863474 -0.19327393 0.96369769
1464106144.68674 -12.07525050 1.69094793 1.30652600 0.06045792 0.19338809 -0.18505178 0.96161412
1464106144.88686 -12.05496201 1.67164104 1.38842590 0.04548932 0.19884123 -0.18013772 0.96225947
1464106145.08687 -12.05765312 1.66162209 1.46996157 0.03984236 0.22295535 -0.18853097 0.95559383
1464106145.24704 -12.01178534 1.65007208 1.53352599 0.04564581 0.25219476 -0.19589993 0.94653974
1464106145.40929 -11.99269945 1.63611930 1.59600171 0.02382921 0.28252978 -0.18758369 0.94043684
1464106145.56696 -11.96969934 1.62016782 1.65258572 0.01080722 0.31422030 -0.17001773 0.93393939
1464106145.72686 -11.93985597 1.61366504 1.71043705 0.02077798 0.35403875 -0.16423477 0.92046281
1464106145.88687 -11.91069616 1.60467695 1.76623789 0.03445845 0.37303738 -0.15484209 0.91415516
1464106146.04693 -11.87886312 1.58333349 1.82099810 0.03525928 0.38934692 -0.14980574 0.90814316
1464106146.21015 -11.84658858 1.57313230 1.87235167 0.02086489 0.40797245 -0.14847354 0.90059910
1464106146.32739 -11.81799771 1.56949597 1.91421739 0.01787677 0.43016776 -0.15145157 0.88977443
1464106146.44711 -11.78932931 1.56136870 1.95365058 0.00690024 0.45408622 -0.14803219 0.87854684
1464106146.56762 -11.76726321 1.55280343 1.98487878 -0.00462681 0.47722448 -0.13180031 0.86882914
1464106146.72712 -11.72343332 1.53350102 2.03062962 -0.01438389 0.50025911 -0.12202282 0.85711397
1464106146.85022 -11.68798679 1.52937390 2.06271528 -0.00548078 0.52021628 -0.12382133 0.84499305
1464106146.96710 -11.65047093 1.52533675 2.09366638 0.00577856 0.54223512 -0.11781831 0.83190536
1464106147.08716 -11.61165855 1.51025379 2.12149436 0.00434392 0.55848920 -0.10395447 0.82296076
1464106147.20961 -11.57597581 1.49570547 2.14597386 0.00185979 0.56986505 -0.09959001 0.81567898
1464106147.32713 -11.53755390 1.48799656 2.16902996 -0.00439367 0.59021466 -0.09643641 0.80145328
1464106147.44725 -11.49547878 1.48567973 2.19328232 -0.00052349 0.61303918 -0.10830987 0.78259291
1464106147.56722 -11.45344264 1.47561859 2.21410764 -0.00326603 0.63910161 -0.10146277 0.76239345
1464106147.72905 -11.40034850 1.45964733 2.23527179 -0.00469748 0.66080662 -0.07405469 0.74687914
1464106147.88725 -11.36106624 1.45754091 2.25110102 -0.01869869 0.68420268 -0.06687753 0.72597827
1464106148.13020 -11.25107707 1.44200493 2.25886477 -0.00815358 0.70810028 -0.07399041 0.70217728
1464106148.32765 -11.18405208 1.42317516 2.25569456 -0.00870443 0.72395814 -0.06513646 0.68670669
1464106148.64729 -11.04736485 1.41264836 2.24615439 -0.00430978 0.75056848 -0.08763093 0.65494214
1464106149.04834 -10.91002635 1.39217942 2.20878656 -0.02243447 0.77453632 -0.07355303 0.62783767
1464106149.44749 -10.76010250 1.37417524 2.16674102 -0.00122550 0.75702864 -0.08412913 0.64794168
1464106149.80993 -10.61547980 1.36580806 2.13152961 0.00487300 0.75522576 -0.11274129 0.64567771
1464106150.08743 -10.52682988 1.34509620 2.10986735 -0.00680450 0.76091649 -0.09318257 0.64208784
1464106150.32745 -10.42729663 1.34273143 2.08633226 0.01102451 0.75905090 -0.11507581 0.64068537
1464106150.52748 -10.34756070 1.32381397 2.06579868 0.01431609 0.74767168 -0.11955760 0.65306056
1464106150.72803 -10.26641813 1.31807930 2.04935379 0.00527788 0.73880530 -0.11912252 0.66328629
1464106150.88761 -10.19564587 1.31727311 2.03711560 0.00207000 0.74180757 -0.13057128 0.65777533
1464106151.04811 -10.13056340 1.30420407 2.02150675 -0.00209883 0.74877750 -0.11561064 0.65265766
1464106151.21226 -10.06800426 1.29393781 2.00549058 0.00025441 0.75456950 -0.10334309 0.64803164
1464106151.32751 -10.01702866 1.29578656 1.99290112 0.00544777 0.75525388 -0.11129983 0.64589027
1464106151.48969 -9.94966218 1.29043871 1.97548173 0.01501304 0.74746646 -0.12009927 0.65318042
1464106151.64877 -9.88857734 1.27502341 1.95835167 0.01279109 0.73668648 -0.12413251 0.66462060
1464106151.84757 -9.80966235 1.27182113 1.93944054 0.00774768 0.73336397 -0.12530153 0.66814428
1464106152.00768 -9.74040982 1.26985144 1.92513863 0.00767759 0.73955654 -0.13845304 0.65865616
1464106152.16768 -9.67874407 1.25847878 1.91019406 -0.01116829 0.74290947 -0.11643518 0.65909304
1464106152.32760 -9.61797270 1.24935353 1.89522473 -0.00475381 0.74708115 -0.10803081 0.65587842
1464106152.48768 -9.55112853 1.25020954 1.88027736 0.00978441 0.74348639 -0.12363733 0.65714996
1464106152.68769 -9.47174624 1.23753824 1.86117575 0.00101915 0.73111857 -0.11907970 0.67177722
1464106152.96766 -9.36199373 1.22607752 1.84063258 0.00416549 0.71876553 -0.12701614 0.68353908
1464106153.20776 -9.25939935 1.21614705 1.82404205 -0.00062274 0.73100558 -0.13402073 0.66908064
1464106153.40778 -9.18159309 1.19972760 1.81018594 0.00293243 0.73411255 -0.12273219 0.66783753
1464106153.57006 -9.11365420 1.20025129 1.79987420 0.01500809 0.73539187 -0.12703732 0.66545855
1464106153.72763 -9.04723301 1.19248167 1.78975288 0.01684258 0.72692870 -0.12786182 0.67449415
1464106153.88771 -8.98639549 1.17534428 1.77974020 0.02390293 0.71909234 -0.12797359 0.68261088
1464106154.04769 -8.92385712 1.17195557 1.77280638 0.00655137 0.71348095 -0.12696009 0.68904510
1464106154.21383 -8.85499575 1.16994515 1.76704618 0.00749142 0.71521950 -0.14844595 0.68291196
1464106154.40787 -8.77718048 1.15439677 1.75569667 0.00106438 0.72373603 -0.13395601 0.67694964
1464106154.56829 -8.71641094 1.14790874 1.74602802 0.00240924 0.72622431 -0.11871955 0.67712489
1464106154.72799 -8.64978191 1.14844917 1.73353756 0.02229992 0.72933041 -0.12840472 0.67163390
1464106154.88783 -8.58601135 1.14013841 1.71859199 0.01459038 0.72895766 -0.12235688 0.67337704
1464106155.04790 -8.52711135 1.12803473 1.70454238 0.00053835 0.72783831 -0.11928489 0.67529417
1464106155.20799 -8.46347563 1.12772943 1.69360527 -0.00450157 0.73137970 -0.12649530 0.67012119
1464106155.32799 -8.41219844 1.12548412 1.68542206 -0.00012454 0.73778083 -0.13964651 0.66043794
1464106155.44798 -8.36403598 1.11846536 1.67673542 -0.01612459 0.74379340 -0.12626159 0.65617786
1464106155.61086 -8.30578942 1.10551259 1.66641010 -0.01369171 0.74470381 -0.11368535 0.65749860
1464106155.72797 -8.25906583 1.10300042 1.65874502 -0.00247052 0.74706704 -0.11131028 0.65535850
1464106155.84806 -8.20892640 1.10319540 1.64891930 0.01114218 0.74908914 -0.11548720 0.65223003
1464106156.01514 -8.14405292 1.09365460 1.63490376 0.00856601 0.74527821 -0.11245114 0.65714668
1464106156.16801 -8.08354203 1.08086988 1.62066492 -0.00282411 0.74465923 -0.10370029 0.65933369
1464106156.32804 -8.01981048 1.07977061 1.61045077 -0.01101124 0.74254228 -0.11551879 0.65967047
1464106156.44810 -7.96863231 1.07791221 1.60265916 -0.00634855 0.74629387 -0.12920670 0.65292479
1464106156.61053 -7.90434771 1.06715257 1.58911943 -0.01214604 0.75777273 -0.11813004 0.64162159
1464106156.76806 -7.84400911 1.05455374 1.57554718 -0.00486512 0.76283709 -0.10895421 0.63732636
1464106156.92810 -7.77775961 1.05430011 1.56162306 0.00151830 0.76485380 -0.11613514 0.63364738
1464106157.08841 -7.70984038 1.04759757 1.54580132 0.00321845 0.75871661 -0.11666132 0.64088133
1464106157.24822 -7.64802465 1.03300402 1.52838081 -0.00539769 0.75381368 -0.10858627 0.64803149
1464106157.41141 -7.58568229 1.02800467 1.51269813 -0.01153598 0.75401524 -0.11081313 0.64733947
1464106157.52830 -7.53358205 1.02857332 1.50188904 -0.01342884 0.75593162 -0.11992069 0.64343304
1464106157.64826 -7.48198941 1.02280573 1.49045047 -0.02232125 0.75852004 -0.12340066 0.63946961
1464106157.81077 -7.41900192 1.00595038 1.47510197 -0.01547674 0.75945894 -0.11965875 0.63926862
1464106157.96821 -7.35506625 1.00004711 1.46078593 -0.00530797 0.75978146 -0.11732880 0.63948253
1464106158.12831 -7.28600714 1.00067128 1.44497204 0.00766525 0.75790021 -0.12392163 0.64044668
1464106158.44830 -7.15654489 0.97559718 1.41309456 -0.00394828 0.75235977 -0.11182248 0.64918019
1464106158.72832 -7.03461754 0.97287116 1.39515419 -0.01776521 0.75091754 -0.12439372 0.64833128
1464106158.96833 -6.93739445 0.95176945 1.37867888 -0.02177875 0.75261244 -0.10619204 0.64947937
1464106159.16819 -6.85155177 0.94836967 1.36305486 -0.00948047 0.75583707 -0.12218761 0.64318787
1464106159.36839 -6.76734027 0.93411118 1.34570472 0.00207427 0.74741594 -0.12267354 0.65292903
1464106159.56835 -6.68739091 0.91776735 1.32796857 -0.00304973 0.74595498 -0.12103883 0.65489807
1464106159.76845 -6.59827853 0.91717865 1.31426002 -0.00126954 0.75015098 -0.13598497 0.64713212
1464106159.96844 -6.51301764 0.90400961 1.29969686 -0.01060694 0.75827585 -0.11760943 0.64114994
1464106160.16853 -6.43013583 0.89359122 1.28509176 -0.00995220 0.76075003 -0.11365565 0.63893876
1464106160.32850 -6.35907249 0.89425033 1.27245150 -0.00227890 0.76247439 -0.12487674 0.63484912
1464106160.48836 -6.29125235 0.88270017 1.26058201 -0.01107583 0.75411405 -0.12370267 0.64489299
1464106160.68854 -6.20817504 0.87057039 1.24868558 -0.01478811 0.74881902 -0.12014736 0.65162566
1464106161.00857 -6.06455850 0.86175164 1.23642699 -0.01852885 0.75127051 -0.11382801 0.64984036
1464106161.36858 -5.89727619 0.84823451 1.20968482 -0.01281723 0.75483422 -0.10797235 0.64684077
1464106161.60863 -5.80922310 0.82903368 1.19589329 -0.00715071 0.74113390 -0.10124816 0.66364012
1464106161.84851 -5.70797006 0.81949523 1.18116725 -0.02066249 0.73311474 -0.10731257 0.67126735
1464106162.04867 -5.61588028 0.81390710 1.16948353 -0.03137633 0.73660067 -0.11364424 0.66597295
1464106162.24857 -5.53429433 0.79648659 1.15523078 -0.03232760 0.74374224 -0.09147764 0.66138812
1464106162.40869 -5.46621259 0.79318342 1.14393671 -0.02798647 0.74596224 -0.09751959 0.65821503
1464106162.56873 -5.39518600 0.79014784 1.13090224 -0.03279779 0.74500214 -0.09905296 0.65885099
1464106162.76879 -5.31360948 0.77043857 1.11524654 -0.02537932 0.73719062 -0.09602557 0.66834495
1464106162.92871 -5.24603777 0.76694469 1.10684248 -0.04887925 0.73272647 -0.09449130 0.67215633
1464106163.08881 -5.17287061 0.76026231 1.09809762 -0.02719017 0.74198442 -0.12602345 0.65790418
1464106163.28880 -5.08861775 0.74341104 1.08412372 -0.02620497 0.75033527 -0.10717406 0.65178525
1464106163.44872 -5.02201969 0.73512855 1.07373377 -0.01340891 0.75044190 -0.10324984 0.65268417
1464106163.64884 -4.93242953 0.73205552 1.05844578 -0.01020031 0.74997344 -0.12162574 0.65010997
1464106163.92887 -4.81545047 0.70825535 1.03527208 -0.00627572 0.73834123 -0.11428166 0.66464468
1464106164.24892 -4.67257886 0.70035412 1.01302299 -0.02533315 0.74282409 -0.13297571 0.65565850
1464106164.48891 -4.57401703 0.68005026 0.99576504 -0.01030244 0.74324914 -0.11357670 0.65922296
1464106164.68894 -4.48688329 0.68124262 0.98023519 -0.00807224 0.74556907 -0.12154177 0.65520165
1464106164.88884 -4.40258547 0.66914672 0.96255530 -0.00175097 0.73878726 -0.11331126 0.66434244
1464106165.09159 -4.32277901 0.65707568 0.94573736 -0.00760259 0.73622766 -0.10753655 0.66809200
1464106165.24929 -4.25152195 0.65645372 0.93413889 -0.00923225 0.74019308 -0.12314449 0.66095718
1464106165.45205 -4.17802816 0.64871987 0.91931664 -0.01516121 0.74952214 -0.10886308 0.65279057
1464106165.64897 -4.08355262 0.62922283 0.89956988 -0.01295238 0.75444910 -0.10617480 0.64758452
1464106165.84892 -3.99547395 0.62626517 0.88012832 -0.00232363 0.75521578 -0.12321996 0.64378612
1464106166.04895 -3.91405349 0.60933147 0.86176667 0.00362718 0.74836176 -0.11534538 0.65317453
1464106166.24973 -3.83146524 0.60242338 0.84898648 -0.00579105 0.74160947 -0.11974422 0.66003271
1464106166.44905 -3.74095357 0.59865043 0.83864541 -0.01478774 0.74789551 -0.12522322 0.65173060
1464106166.72919 -3.62315236 0.57719144 0.81925752 -0.00045880 0.75943185 -0.10642611 0.64182282
1464106167.04913 -3.48433573 0.56866256 0.79517872 0.01049644 0.75374224 -0.11994378 0.64604640
1464106167.32919 -3.36580898 0.55294008 0.77702166 0.00397492 0.74442966 -0.11040830 0.65849730
1464106167.52919 -3.27665878 0.55082738 0.76569296 -0.00991098 0.75322378 -0.11763711 0.64708362
1464106167.72928 -3.19466211 0.53281416 0.75130054 -0.00776492 0.76349442 -0.10182418 0.63768944
1464106167.92927 -3.11067658 0.52435831 0.73631206 0.00404225 0.76703783 -0.11424059 0.63133646
1464106168.13414 -3.02525883 0.51409185 0.71740540 0.02204235 0.77529540 -0.11205773 0.62118776
1464106168.28930 -2.95845263 0.50140173 0.70338159 0.01962146 0.77465248 -0.10258330 0.62370282
1464106168.44935 -2.89259481 0.49901048 0.69335239 0.00073480 0.77108376 -0.10290774 0.62836238
1464106168.61204 -2.82217282 0.49667482 0.68547542 -0.00114264 0.77129366 -0.12080345 0.62490904
1464106168.80936 -2.73987714 0.48012212 0.67345708 0.00260281 0.77251032 -0.10136084 0.62685486
1464106169.00947 -2.65893831 0.47253147 0.66066416 0.00651129 0.77057881 -0.10131464 0.62920683
1464106169.21156 -2.57889114 0.47146098 0.64700563 0.01039154 0.76086472 -0.10108232 0.64090504
1464106169.44943 -2.48246052 0.45057104 0.62965063 0.00293760 0.75967478 -0.09715218 0.64299848
1464106169.72981 -2.37150789 0.44418469 0.61574290 0.01031046 0.76069643 -0.12069354 0.63770503
1464106170.01297 -2.26339111 0.42153358 0.59733147 0.01553928 0.77042564 -0.08965901 0.63100248
1464106170.24951 -2.16986591 0.42049032 0.58034859 0.00818263 0.77669640 -0.10157472 0.62157728
1464106170.44953 -2.09106273 0.40645921 0.56175071 0.01037845 0.77763524 -0.10517889 0.61976860
1464106170.64951 -2.01748025 0.39669580 0.54979645 0.00221753 0.76431583 -0.08151959 0.63966472
1464106170.84960 -1.93621637 0.39782517 0.54367211 -0.01474530 0.74923139 -0.06661150 0.65878510
1464106171.08972 -1.84278265 0.37530298 0.53169823 0.01936221 0.76748863 -0.06670447 0.63728865
1464106171.28991 -1.76381387 0.36199576 0.51873883 0.02989928 0.79143646 -0.07012096 0.60647953
1464106171.44969 -1.69381761 0.35745664 0.50677305 0.04691117 0.80919815 -0.05931356 0.58264877
1464106171.64964 -1.60937590 0.34381619 0.49406904 0.02705913 0.80452312 -0.03577155 0.59222525
1464106171.84966 -1.53188973 0.33389092 0.48079183 0.01131807 0.82138349 -0.03043110 0.56945150
1464106172.01217 -1.46564381 0.33344325 0.47091157 0.00924869 0.83584885 -0.02149401 0.54846072
1464106172.21310 -1.37322485 0.32098348 0.45343963 0.01381734 0.83576071 0.00782777 0.54886413
1464106172.37188 -1.32729739 0.31367434 0.45061712 0.01129486 0.82810565 0.01391210 0.56028556
1464106172.52979 -1.26611414 0.31538569 0.43901990 0.01109350 0.82883687 0.01725475 0.55911416
1464106172.68967 -1.20687838 0.31334211 0.42566903 0.00542359 0.83092141 0.03012639 0.55554711
1464106172.84967 -1.15430630 0.30404844 0.41313530 -0.00336239 0.83204926 0.03768249 0.55341011
1464106173.01419 -1.10350753 0.29964613 0.39802411 -0.00568866 0.84216123 0.04787622 0.53706608
1464106173.12977 -1.06222302 0.29989543 0.38609217 -0.00531896 0.84851725 0.04940774 0.52682925
1464106173.24977 -1.02137381 0.29696373 0.37329130 -0.00549289 0.85667551 0.05162015 0.51323703
1464106173.32984 -0.99730435 0.29206879 0.36436208 0.00531462 0.86490378 0.05257565 0.49914829
1464106173.44976 -0.96275846 0.28545174 0.35134220 0.00993698 0.86884669 0.06249174 0.49102084
1464106173.52985 -0.94189094 0.28219802 0.34118417 0.00996912 0.87526297 0.06612486 0.47900194
1464106173.64978 -0.91225038 0.28230537 0.32643891 0.00617404 0.88144456 0.06647863 0.46754461
1464106173.72993 -0.89063210 0.28547328 0.31530060 0.00558419 0.88556909 0.07151506 0.45893551
1464106173.84984 -0.86245273 0.28924999 0.29842092 0.02116757 0.89496524 0.07752584 0.43883813
1464106173.92994 -0.84426652 0.29021412 0.28922876 0.00948077 0.89241186 0.08744191 0.44256650
1464106174.05169 -0.81945147 0.28985900 0.27403894 0.00479235 0.89323115 0.10157699 0.43794664
1464106174.13027 -0.80675347 0.28822249 0.26451662 0.00435378 0.89724514 0.10354957 0.42919656
1464106174.24990 -0.78786274 0.28810875 0.24924875 0.00582916 0.90257533 0.11487613 0.41488222
1464106174.32996 -0.77944795 0.28969708 0.24302078 0.00612551 0.90410873 0.12421375 0.40880415
1464106174.44990 -0.76471785 0.29252010 0.23256782 0.00039445 0.90283761 0.13132280 0.40943671
1464106174.56984 -0.75269184 0.29404443 0.22104662 0.00732757 0.90952315 0.13254283 0.39388620
1464106174.64992 -0.74410494 0.29468559 0.21419233 0.00724141 0.91192717 0.12915425 0.38942982
1464106174.73023 -0.73638435 0.29494763 0.20853872 0.00487016 0.91358875 0.12710268 0.38623411
1464106174.84998 -0.72692204 0.29765893 0.20130575 0.00515434 0.91615297 0.13822847 0.37620480
1464106175.13018 -0.71757852 0.29987541 0.18806079 0.00560832 0.92609462 0.14234422 0.34936433
1464106175.85133 -0.71025509 0.29742470 0.16798539 0.02116562 0.93160777 0.13070991 0.33848766
1464106176.52994 -0.69063736 0.29725515 0.14507246 0.04323646 0.92873211 0.12240246 0.34728218
1464106176.81303 -0.68358871 0.30075080 0.13638211 0.04723392 0.92725962 0.12501718 0.34975600
1464106177.45031 -0.67273534 0.30520231 0.12168466 0.04474231 0.93437867 0.11798776 0.33318691
1464106178.41035 -0.66146026 0.30925071 0.10297618 0.01932331 0.92399893 0.12158977 0.36203387
1464106180.37053 -0.59580738 0.28490704 0.10745659 0.03954001 0.93569173 0.11218269 0.33216353
1464106181.21061 -0.52458524 0.27438042 0.11705590 0.03900365 0.94557256 0.11961526 0.30010571
1464106182.65077 -0.46086565 0.25767632 0.07363352 0.03547829 0.96130519 0.09710586 0.25535088
1464106183.01113 -0.43316514 0.25207904 0.05485313 0.04235911 0.94646206 0.07397241 0.31135727
1464106183.37088 -0.39938562 0.24617718 0.03319980 0.05546587 0.92561040 0.06414212 0.36885596
1464106183.69102 -0.35537650 0.24787662 -0.00662678 0.04250413 0.90959254 0.03724957 0.41163973
1464106184.05127 -0.30649540 0.24725418 -0.06682011 0.04582234 0.89579812 0.05140988 0.43909346
1464106184.29102 -0.27213070 0.25501450 -0.10911127 0.04245992 0.87837873 0.04752740 0.47369728
1464106184.49114 -0.24409137 0.26348963 -0.14797190 0.03734393 0.85772193 0.06526265 0.50858559
1464106184.65109 -0.22412953 0.26423412 -0.17677939 0.03106816 0.83672786 0.07435555 0.54165719
1464106184.81347 -0.20324351 0.26857717 -0.20459900 0.02924410 0.81823759 0.07776701 0.56884472
1464106184.93155 -0.18519397 0.27584164 -0.22662977 0.01607820 0.80052241 0.07369795 0.59453678
1464106185.09113 -0.16299129 0.28210902 -0.26014540 0.00780841 0.78533715 0.06658180 0.61542787
1464106185.25108 -0.14530189 0.28125157 -0.29063388 0.00301414 0.76436054 0.07163160 0.64079076
1464106185.41377 -0.12876547 0.28204050 -0.32174023 0.00193246 0.74008740 0.06563025 0.66929783
1464106185.53117 -0.11738577 0.28635097 -0.34667300 0.00062099 0.71912444 0.05614825 0.69260886
1464106185.65109 -0.10831020 0.29077298 -0.37450563 -0.00410448 0.69836193 0.04714880 0.71417838
1464106185.77146 -0.10028685 0.29211832 -0.40093890 -0.01033660 0.67073175 0.03992421 0.74055259
1464106185.93167 -0.08953642 0.29227508 -0.43573602 -0.01510379 0.64670668 0.04223442 0.76141880
1464106186.09150 -0.07558356 0.29603785 -0.46796329 -0.01481402 0.62314884 0.03183477 0.78131467
1464106186.27807 -0.05713460 0.30176593 -0.50195089 -0.01175959 0.60761440 0.00472783 0.79413103
1464106186.45117 -0.03727728 0.30254089 -0.54245177 -0.01284838 0.57577311 0.00025303 0.81750852
1464106186.61120 -0.02481803 0.30010567 -0.57332268 -0.00905844 0.55034143 -0.00103213 0.83488992
1464106186.77129 -0.01094536 0.30271625 -0.60490050 -0.00312770 0.51937441 -0.01697825 0.85437239
1464106186.93346 0.00137347 0.30667547 -0.63863893 -0.00590565 0.48637732 -0.02587188 0.87334579
1464106187.09445 0.01284119 0.30845265 -0.66806348 -0.01922484 0.44822646 -0.02602530 0.89333427
1464106187.29391 0.03242699 0.31027732 -0.69794737 -0.01891445 0.41390356 -0.02895494 0.90966351
1464106187.49136 0.06356399 0.31138040 -0.72193362 -0.00121485 0.38698039 -0.05363468 0.92052595
1464106187.65140 0.08572413 0.30675840 -0.73729191 0.00302123 0.35016117 -0.06992223 0.93407115
1464106187.85138 0.11022040 0.30082575 -0.75103153 0.00012012 0.30773228 -0.07153687 0.94877990
1464106188.05141 0.13680092 0.29817109 -0.75983394 0.00371038 0.26839448 -0.07750481 0.96017896
1464106188.25149 0.16381995 0.29501981 -0.76732485 0.01275506 0.22590905 -0.08785863 0.97009447
1464106188.45139 0.18094668 0.29189494 -0.76322354 -0.00418497 0.17206798 -0.09130174 0.98083591
1464106188.73140 0.20581958 0.28767203 -0.73538393 0.00181929 0.12936848 -0.10366153 0.98616164
1464106189.09842 0.22396378 0.27179848 -0.67850949 0.01364841 0.10412245 -0.11777943 0.98747164
1464106189.45276 0.21242696 0.25505881 -0.60917449 0.03940523 0.08640429 -0.11475912 0.98884370
1464106189.65406 0.19478745 0.24431614 -0.57033863 0.03696404 0.04370511 -0.11771095 0.99139682
1464106189.89341 0.16949463 0.23660368 -0.52909708 0.03239017 -0.00052692 -0.11767031 0.99252420
1464106190.13149 0.13986542 0.22986064 -0.48199671 0.05785673 0.00014548 -0.11734312 0.99140464
1464106190.37164 0.10872740 0.21982224 -0.42993709 0.06311287 0.00583722 -0.11706260 0.99109992
1464106190.61296 0.07778623 0.21040715 -0.37960002 0.06984795 0.00567013 -0.11396678 0.99100993
1464106190.79565 0.05423220 0.20161321 -0.34379574 0.09198319 0.00991165 -0.11552157 0.98898717
1464106190.93170 0.03096713 0.19199755 -0.30712352 0.09555422 0.01549303 -0.09584856 0.99067775
1464106191.09401 0.00627879 0.17875292 -0.27361150 0.09785164 0.00678874 -0.09559568 0.99057581
1464106191.25175 -0.01702180 0.16434392 -0.24268360 0.10641951 0.02165216 -0.08315735 0.99060130
1464106191.37176 -0.03614473 0.15378241 -0.22019543 0.12675499 0.03565529 -0.07665199 0.98832502
1464106191.49423 -0.05655375 0.14446641 -0.19778227 0.13559251 0.03989839 -0.06835469 0.98759831
1464106191.61173 -0.07727954 0.13551113 -0.17547111 0.13451694 0.03823464 -0.04983958 0.98891826
1464106191.73180 -0.09622880 0.12692326 -0.15581264 0.14055578 0.04974315 -0.03533169 0.98819096
1464106191.89453 -0.11916880 0.11981280 -0.13116128 0.14510307 0.06468983 -0.03874349 0.98653904
1464106192.05256 -0.14114846 0.11870403 -0.10663493 0.15696283 0.07349710 -0.04067145 0.98402575
1464106192.17184 -0.15880612 0.11906800 -0.08757185 0.16693495 0.07566625 -0.05269441 0.98164690
1464106192.29434 -0.17814472 0.12003333 -0.06873748 0.15512584 0.07137390 -0.05436321 0.98381217
1464106192.41546 -0.19633993 0.12153731 -0.05419216 0.15145475 0.07203125 -0.05182547 0.98447300
1464106192.57186 -0.22193412 0.12671855 -0.04025908 0.14897665 0.07488922 -0.06854964 0.98361502
1464106192.69460 -0.24370540 0.13173044 -0.03158692 0.14671126 0.07473660 -0.07989144 0.98311119
1464106192.85190 -0.26908668 0.13971457 -0.02521632 0.14047913 0.08705757 -0.07080374 0.98370393
1464106193.01191 -0.29063162 0.15352366 -0.02341511 0.10388424 0.08273880 -0.06585718 0.98895156
1464106193.13174 -0.30422089 0.16727835 -0.02648647 0.07801952 0.07028589 -0.07107123 0.99192829
1464106193.25591 -0.31486279 0.18188946 -0.03441547 0.06717853 0.04996827 -0.09032873 0.99238649
1464106193.37199 -0.32073925 0.19859649 -0.04658754 0.04498026 0.02612786 -0.11039056 0.99252609
1464106193.53182 -0.32116804 0.22118575 -0.06920694 0.02569096 0.00766072 -0.13104096 0.99101441
1464106193.65199 -0.31710008 0.23817779 -0.08962256 -0.00484013 -0.00928756 -0.13958291 0.99015500
1464106193.77328 -0.31157811 0.25184150 -0.11058109 -0.02563091 -0.01677216 -0.14687509 0.98868067
1464106193.93323 -0.30269422 0.26514453 -0.13895515 -0.03916652 -0.01184870 -0.14324151 0.98884147
1464106194.13180 -0.28832393 0.27953987 -0.17566304 -0.05588427 -0.00759374 -0.14907544 0.98721619
1464106194.33202 -0.27035602 0.28911250 -0.21139103 -0.07576476 0.01377792 -0.14130489 0.98696646
1464106194.49459 -0.25490653 0.29234533 -0.23564626 -0.08580417 0.03084176 -0.12937869 0.98739434
1464106194.73218 -0.22962322 0.29406611 -0.26068736 -0.08906049 0.03759350 -0.12878023 0.98695016
1464106194.93214 -0.20348116 0.28906472 -0.27146129 -0.07375897 0.03590598 -0.13398201 0.98758250
1464106195.13209 -0.17695657 0.27856460 -0.27271907 -0.05234492 0.04882023 -0.13484803 0.98827759
1464106195.41215 -0.15143549 0.26389367 -0.25115634 -0.03427127 0.06801416 -0.14056053 0.98713844
1464106195.65222 -0.14017962 0.24492197 -0.21287099 -0.00486933 0.08489553 -0.12199512 0.98888130
1464106195.85224 -0.13950315 0.22301048 -0.17430827 0.02133208 0.08905015 -0.11778326 0.98880843
1464106196.05217 -0.14202456 0.20333631 -0.13538297 0.03306698 0.09722322 -0.10577942 0.98907277
1464106196.21228 -0.14435526 0.18596041 -0.10342448 0.05521204 0.09156542 -0.09782128 0.98944348
1464106196.37229 -0.14595590 0.16693100 -0.06954921 0.08604176 0.09099021 -0.10281584 0.98678594
1464106196.53303 -0.14911091 0.15132578 -0.03377485 0.10205802 0.07752926 -0.09770206 0.98692841
1464106196.69516 -0.15221887 0.14164659 0.00230113 0.09912425 0.06336786 -0.10181562 0.98782209
1464106196.85495 -0.15583394 0.13635834 0.03695817 0.09119962 0.05898968 -0.10201204 0.98883588
1464106197.01288 -0.16066647 0.13394099 0.07131908 0.08670355 0.05601693 -0.10947741 0.98861484
1464106197.13432 -0.16390021 0.13384946 0.09515429 0.08285410 0.06489506 -0.10901543 0.98845307
1464106197.25238 -0.16690933 0.13505679 0.11742168 0.07294608 0.07007003 -0.08874843 0.99090503
1464106197.41235 -0.16997665 0.13861456 0.14000889 0.05622958 0.07088147 -0.07463784 0.99309780
1464106197.81240 -0.17123898 0.14457668 0.15398728 0.05455001 0.08078241 -0.08233088 0.99182666
1464106198.05262 -0.17162508 0.14973498 0.13422489 0.06165211 0.08724853 -0.08523711 0.99061665
1464106198.21534 -0.17288481 0.15476565 0.11067035 0.06741563 0.08553891 -0.08742919 0.99019915
1464106198.37241 -0.17303469 0.16295235 0.08111544 0.05784143 0.08369295 -0.07794477 0.99175323
1464106198.53551 -0.17590579 0.17101719 0.05066869 0.05362503 0.07770166 -0.09277844 0.99120077
1464106198.69245 -0.18010262 0.17960060 0.01944727 0.04935562 0.08371319 -0.08513531 0.99161893
1464106198.85247 -0.18637500 0.18784930 -0.01454065 0.04923257 0.08875707 -0.09334042 0.99044732
1464106199.01248 -0.19317431 0.19419815 -0.04990453 0.03994537 0.09630544 -0.09278880 0.99021203
1464106199.17291 -0.19782279 0.20017275 -0.08612067 0.04819493 0.09943459 -0.08247883 0.99044801
1464106199.33250 -0.20206253 0.20688796 -0.12378753 0.06128192 0.08912558 -0.08102840 0.99082569
1464106199.49548 -0.20488436 0.21442299 -0.16344139 0.06596818 0.08219998 -0.08512261 0.99078025
1464106199.65264 -0.20847002 0.22128918 -0.20470088 0.05479480 0.06724359 -0.09146571 0.99202311
1464106199.81265 -0.21230699 0.22432979 -0.24330521 0.06876932 0.06535722 -0.08050704 0.99222872
1464106200.01269 -0.21805294 0.22979659 -0.28932812 0.07588595 0.06452556 -0.09146446 0.99081382
1464106200.25264 -0.22448979 0.24017107 -0.34410828 0.07418036 0.07018858 -0.08642087 0.99101073
1464106200.45268 -0.22905093 0.24976510 -0.38573764 0.05681887 0.07399972 -0.06521312 0.99350033
1464106200.69281 -0.23339392 0.25614578 -0.42725819 0.05631043 0.05260263 -0.06902324 0.99463455
1464106201.09661 -0.22806932 0.25510423 -0.46502722 0.03687700 0.03273519 -0.09474435 0.99427964
1464106201.41283 -0.24166677 0.23310466 -0.45087700 0.04193453 0.06267266 -0.12036877 0.98986110
1464106201.61415 -0.25461121 0.21030753 -0.43090113 0.06208837 0.08351554 -0.10756323 0.98873674
1464106201.81416 -0.26785219 0.18174592 -0.39830727 0.08769474 0.08573420 -0.09487551 0.98790582
1464106202.01280 -0.27840806 0.14992606 -0.36544723 0.11225149 0.08023483 -0.08309065 0.98694373
1464106202.21332 -0.28338392 0.11716163 -0.34326317 0.13224528 0.06622721 -0.07056900 0.98648120
1464106202.37294 -0.28242376 0.09755864 -0.31569503 0.17332253 0.05763653 -0.06409602 0.98108564
1464106202.57336 -0.26348059 0.06853004 -0.28644237 0.19575380 0.07289025 -0.02666701 0.97757676
1464106202.77298 -0.24560960 0.05404834 -0.25302926 0.21051133 0.09373139 -0.00324465 0.97308215
1464106202.97298 -0.21896395 0.04527827 -0.21012178 0.20492853 0.10443461 0.01293857 0.97310344
1464106203.13304 -0.20261682 0.04430432 -0.16951546 0.18953234 0.13018009 0.03664245 0.97251631
1464106203.25427 -0.18781789 0.04458219 -0.14089814 0.18805694 0.17211960 0.03693929 0.96625303
1464106203.41330 -0.16730274 0.05115042 -0.10361016 0.16102818 0.20826078 0.02697017 0.96434951
1464106203.53297 -0.15303345 0.05800255 -0.07822750 0.12128704 0.22425777 0.02061042 0.96673322
1464106203.65304 -0.13946741 0.06712284 -0.05743950 0.08421610 0.23375776 0.01177894 0.96856916
1464106203.81313 -0.12130391 0.08645300 -0.04015225 0.05567711 0.23910658 -0.00348893 0.96938946
1464106203.93300 -0.11330362 0.09847134 -0.03457053 0.02596983 0.23777912 -0.01438835 0.97086541
1464106204.09556 -0.10976445 0.11188842 -0.03386543 -0.00971797 0.24369224 -0.02334484 0.96952291
1464106204.21397 -0.11254786 0.11894169 -0.03898251 -0.05928974 0.23879624 -0.02303897 0.96898415
1464106204.33295 -0.11860676 0.12252813 -0.04774553 -0.10958276 0.22542498 -0.03029150 0.96760406
1464106204.49875 -0.13091873 0.12542924 -0.06148845 -0.15009375 0.20511463 -0.03448611 0.96654569
1464106204.61303 -0.14213910 0.12418962 -0.07342091 -0.16090755 0.18694460 -0.04764425 0.96793104
1464106204.77348 -0.15423216 0.12148685 -0.08047921 -0.18705447 0.14428094 -0.04495997 0.97065557
1464106205.01315 -0.17496602 0.10605397 -0.08017653 -0.19384834 0.09592184 -0.02184044 0.97608648
1464106205.17622 -0.18539737 0.09071156 -0.07288337 -0.18144087 0.07816299 0.00286785 0.98028645
1464106205.37329 -0.19401219 0.07132665 -0.05954400 -0.13930117 0.04478314 0.02379875 0.98895059
1464106205.57320 -0.20110940 0.04759945 -0.04434872 -0.09318852 0.01435366 0.03136328 0.99505086
1464106205.77331 -0.19808850 0.02760847 -0.03033472 -0.02808416 0.00425804 0.02334901 0.99932376
1464106205.93327 -0.18737419 0.01083652 -0.00723351 0.00502780 0.01391749 0.01350118 0.99979935
1464106206.25328 0.00006981 0.00025976 0.00013569 0.00046557 0.00018380 -0.00019428 0.99999986
