1463141880.33656 14.83875674 -1.57229503 -3.57035685 -0.03477622 -0.17412966 0.06875904 -0.98170345
1463141880.43535 14.89434667 -1.69527063 -3.50172417 -0.02287826 -0.16025132 0.05502495 -0.98527578
1463141880.56024 14.92507594 -1.81841155 -3.39374688 -0.02284061 -0.13640301 0.04477016 -0.98937766
1463141880.81013 14.91073507 -2.05460919 -3.14793442 -0.03278707 -0.11918124 0.02961005 -0.99188915
1463141880.90977 14.88754591 -2.17117959 -3.06992159 -0.04296384 -0.11846577 0.02954942 -0.99158802
1463141881.01184 14.80397190 -2.26448266 -2.99369718 -0.05002966 -0.11562895 0.03463206 -0.99142705
1463141881.15982 14.57187294 -2.31637868 -2.89903682 -0.05392744 -0.09768752 0.04313635 -0.99281833
1463141881.23457 14.43733906 -2.29561113 -2.86086514 -0.05306395 -0.08760739 0.04489118 -0.99372730
1463141881.31062 14.30339367 -2.24513931 -2.83114653 -0.05135680 -0.08149331 0.04984877 -0.99410081
1463141881.38469 14.16859911 -2.16875984 -2.81142794 -0.04897723 -0.07590560 0.05174172 -0.99456642
1463141881.53712 13.91603692 -1.93834848 -2.77551217 -0.04174710 -0.06258237 0.05111647 -0.99585528
1463141881.58570 13.83565574 -1.84751186 -2.76501921 -0.03706406 -0.05660271 0.05684326 -0.99608796
1463141881.63432 13.76301256 -1.74758255 -2.75367216 -0.03240443 -0.05076198 0.05925526 -0.99642460
1463141881.68451 13.70622852 -1.63475760 -2.74466001 -0.02407101 -0.04683978 0.05975369 -0.99682301
1463141881.73482 13.65885338 -1.51865904 -2.73417256 -0.01874896 -0.04308400 0.06091451 -0.99703644
1463141881.78443 13.61336817 -1.39829145 -2.72226544 -0.01276989 -0.03685436 0.06198141 -0.99731489
1463141881.85934 13.57258531 -1.22344617 -2.71149724 -0.00758651 -0.03363925 0.06509478 -0.99728307
1463141881.93433 13.54489931 -1.05010105 -2.69849403 -0.00263696 -0.02605638 0.06305548 -0.99766634
1463141882.01179 13.54529812 -0.87780464 -2.68211552 0.00379475 -0.02304193 0.06063959 -0.99788652
1463141882.08415 13.56847758 -0.71638780 -2.66672521 0.01013032 -0.02300085 0.05788058 -0.99800710
1463141882.15913 13.61024228 -0.57494547 -2.65178096 0.01305041 -0.02287952 0.05807793 -0.99796451
1463141882.23384 13.67634095 -0.44312853 -2.63542936 0.01844185 -0.02578798 0.06126412 -0.99761796
1463141882.30938 13.76001434 -0.31970657 -2.61558485 0.02107727 -0.03015212 0.05959056 -0.99754477
1463141882.45889 13.94117787 -0.09468679 -2.56601276 0.03257814 -0.03701469 0.06012766 -0.99697204
1463141882.53383 14.04539708 -0.01049985 -2.53976901 0.03760119 -0.04389712 0.06022379 -0.99651005
1463141882.63593 14.17079472 0.06962018 -2.48976356 0.04437709 -0.04859279 0.05865084 -0.99610717
1463141882.73360 14.29492554 0.12358581 -2.43429057 0.05106395 -0.05186101 0.05787890 -0.99566708
1463141882.83396 14.43152906 0.15910753 -2.38050187 0.05767195 -0.05711942 0.05152615 -0.99536746
1463141882.93389 14.56874359 0.17534450 -2.32590729 0.06148911 -0.06152431 0.04889734 -0.99500899
1463141883.03361 14.69837909 0.17802348 -2.26766291 0.06334742 -0.06276632 0.04966566 -0.99477677
1463141883.10855 14.79425451 0.16846084 -2.22823791 0.06540275 -0.06600313 0.04738434 -0.99454552
1463141883.18347 14.89464595 0.14857669 -2.19116081 0.06888496 -0.07381525 0.04686951 -0.99378540
1463141883.25832 14.98613773 0.10698010 -2.14955494 0.06938703 -0.07795105 0.04478627 -0.99353071
1463141883.33328 15.07467443 0.04569367 -2.10895683 0.07008092 -0.08260666 0.04351529 -0.99316223
1463141883.40849 15.15268836 -0.03297275 -2.07156646 0.06690590 -0.08607940 0.04241919 -0.99313370
1463141883.45821 15.19960283 -0.08321942 -2.04829252 0.06580338 -0.08840948 0.04205933 -0.99301797
1463141883.53313 15.25893158 -0.16455671 -2.01644901 0.06144869 -0.09223342 0.03675149 -0.99315980
1463141883.58296 15.29305718 -0.22017482 -1.99517703 0.05844832 -0.09587529 0.03333005 -0.99311673
1463141883.63764 15.31814717 -0.27944363 -1.97409949 0.05598685 -0.09747803 0.03356895 -0.99309447
1463141883.68302 15.33677082 -0.34190741 -1.95428642 0.05448458 -0.10008891 0.03214357 -0.99296547
1463141883.73382 15.34585045 -0.41495193 -1.93583868 0.05001383 -0.10072549 0.03400394 -0.99307438
1463141883.78287 15.35300663 -0.48829287 -1.91898467 0.04669694 -0.10251795 0.03267634 -0.99309704
1463141883.83290 15.35503182 -0.56593101 -1.90534088 0.04198758 -0.10401834 0.03207638 -0.99317085
1463141883.88473 15.35339857 -0.64278712 -1.89520844 0.03735552 -0.10549729 0.03305918 -0.99316765
1463141883.93284 15.34573210 -0.72101702 -1.88707000 0.03040480 -0.10548135 0.03011354 -0.99350008
1463141883.98280 15.33841290 -0.80082050 -1.88176321 0.02805797 -0.10623870 0.03297177 -0.99339768
1463141884.03274 15.32505029 -0.86257266 -1.87628877 0.02366704 -0.10644643 0.03365924 -0.99346670
1463141884.08323 15.31386653 -0.92803253 -1.87309825 0.01988889 -0.10835569 0.03309841 -0.99336195
1463141884.13473 15.29607741 -0.99324845 -1.86977532 0.01526460 -0.10733395 0.03530604 -0.99347869
1463141884.18243 15.27937506 -1.05579046 -1.86812719 0.01122856 -0.10936017 0.03787551 -0.99321685
1463141884.23266 15.25707243 -1.11319080 -1.86531296 0.00727394 -0.10917707 0.03738976 -0.99329223
1463141884.28260 15.23131012 -1.16912732 -1.86074751 0.00251267 -0.10890230 0.03611379 -0.99339306
1463141884.33254 15.20055083 -1.22348701 -1.85455951 -0.00093967 -0.10827916 0.04099161 -0.99327460
1463141884.38520 15.16696718 -1.27652728 -1.84755854 -0.00578755 -0.10873431 0.03891601 -0.99329195
1463141884.43297 15.12557021 -1.32920941 -1.83979735 -0.01176061 -0.10541569 0.03667911 -0.99368197
1463141884.48221 15.08630137 -1.37864446 -1.83620648 -0.01599317 -0.10588145 0.03636387 -0.99358493
1463141884.53341 15.04420935 -1.42527782 -1.83500544 -0.01991209 -0.10567855 0.03847898 -0.99345605
1463141884.60734 14.97753698 -1.48821750 -1.83506494 -0.02755684 -0.10623080 0.03851556 -0.99321306
1463141884.68235 14.89994642 -1.53818965 -1.83587049 -0.03328392 -0.10472409 0.03910974 -0.99317444
1463141884.76107 14.81107286 -1.56804209 -1.83363637 -0.03635200 -0.09916408 0.03912264 -0.99363697
1463141884.83227 14.71748389 -1.58674377 -1.83415265 -0.03671611 -0.09440592 0.03869569 -0.99410366
1463141884.90746 14.63371265 -1.56711880 -1.83807736 -0.04062523 -0.09129360 0.03864112 -0.99424440
1463141884.98202 14.54564912 -1.53132974 -1.84209066 -0.04019562 -0.08733516 0.03490453 -0.99475553
1463141885.05709 14.45311667 -1.47704830 -1.84385738 -0.03693413 -0.08271230 0.03267425 -0.99535267
1463141885.13203 14.36703315 -1.41578069 -1.84481261 -0.03100098 -0.07731058 0.03357260 -0.99595928
1463141885.20716 14.28740183 -1.35153208 -1.84601645 -0.02844567 -0.07330163 0.03874108 -0.99615101
1463141885.28418 14.22666139 -1.27756244 -1.85082294 -0.02599334 -0.07415692 0.04300106 -0.99597992
1463141885.35679 14.17528516 -1.18570625 -1.85529270 -0.02005804 -0.07296691 0.04510965 -0.99611175
1463141885.43201 14.13685478 -1.08632409 -1.85612739 -0.01270953 -0.07315013 0.04960455 -0.99600548
1463141885.50899 14.11034986 -0.97887188 -1.85569299 -0.00327986 -0.07221566 0.05161031 -0.99604745
1463141885.58167 14.09176368 -0.87367662 -1.85750889 0.00463999 -0.06923871 0.05250830 -0.99620648
1463141885.63429 14.08644800 -0.80074613 -1.85897700 0.01171469 -0.06945785 0.05300951 -0.99610660
1463141885.68156 14.08144307 -0.72922103 -1.86003591 0.01672300 -0.06859439 0.05518212 -0.99597695
1463141885.73155 14.08285057 -0.65392847 -1.86331260 0.02356904 -0.07053967 0.05859482 -0.99550756
1463141885.78131 14.08174579 -0.57582843 -1.86532979 0.02942256 -0.06846802 0.05498922 -0.99570208
1463141885.83129 14.08380406 -0.50056995 -1.86783977 0.03628217 -0.06737476 0.05675161 -0.99545141
1463141885.90638 14.08978656 -0.39725103 -1.87197733 0.04284119 -0.06549061 0.05700821 -0.99530180
1463141885.98141 14.10251256 -0.29566543 -1.87891583 0.04948234 -0.06373296 0.05737964 -0.99508652
1463141886.05630 14.11315856 -0.19883645 -1.88532061 0.05328406 -0.05993871 0.05920417 -0.99501911
1463141886.13372 14.12674649 -0.11555516 -1.89266952 0.05606326 -0.05605910 0.05924091 -0.99509035
1463141886.20618 14.15004989 -0.02989222 -1.90246099 0.05945447 -0.05283157 0.05920188 -0.99507242
1463141886.28129 14.18718909 0.04915040 -1.91440076 0.06224872 -0.05139372 0.05415634 -0.99526422
1463141886.35616 14.23755052 0.12186308 -1.92555382 0.06827993 -0.05115177 0.05392708 -0.99489357
1463141886.43108 14.29587226 0.17931408 -1.93364033 0.07020914 -0.04825189 0.04887052 -0.99516537
1463141886.51215 14.37318930 0.22843977 -1.94072966 0.07226642 -0.04928455 0.04670201 -0.99507162
1463141886.58066 14.46530774 0.27733527 -1.94885445 0.07562717 -0.05310681 0.04555874 -0.99467814
1463141886.65594 14.56319915 0.31692907 -1.95685860 0.07878203 -0.05747753 0.04390069 -0.99426478
1463141886.73083 14.65562360 0.33739631 -1.95929103 0.07966515 -0.06157915 0.04216354 -0.99402400
1463141886.80588 14.74805306 0.34234633 -1.96457878 0.08146794 -0.06523745 0.04153375 -0.99367097
1463141886.88072 14.82430904 0.32705988 -1.96172855 0.08185900 -0.06644163 0.04043434 -0.99360439
1463141886.95567 14.89138675 0.29555540 -1.95582192 0.08167639 -0.06504518 0.03960122 -0.99374536
1463141887.03067 14.95437444 0.25344506 -1.94642110 0.08139865 -0.06390992 0.03512829 -0.99400995
1463141887.10558 15.02420998 0.20399262 -1.94381620 0.08289538 -0.06730233 0.03197940 -0.99376862
1463141887.18046 15.09133355 0.14671744 -1.93921737 0.08233875 -0.07100660 0.02891478 -0.99365101
1463141887.23050 15.13923700 0.10369326 -1.93657974 0.08079760 -0.07577539 0.02619431 -0.99350073
1463141887.30542 15.20497587 0.03585130 -1.93138499 0.07568108 -0.08007152 0.02241387 -0.99365917
1463141887.38030 15.27157735 -0.02861651 -1.92480223 0.07298725 -0.08650835 0.01702736 -0.99342802
1463141887.45532 15.32809551 -0.09860401 -1.91592673 0.06720420 -0.09030592 0.01428068 -0.99354139
1463141887.50522 15.36161678 -0.15010816 -1.91152127 0.06340328 -0.09327886 0.01144124 -0.99355331
1463141887.55527 15.39265843 -0.20465401 -1.90900040 0.06022747 -0.09611760 0.00897919 -0.99350563
1463141887.60524 15.41617483 -0.26600598 -1.90353504 0.05585634 -0.09805896 0.00743913 -0.99358400
1463141887.65516 15.44160195 -0.32362719 -1.90462508 0.05114467 -0.10014526 0.00559008 -0.99364174
1463141887.70514 15.45814802 -0.38355092 -1.90164994 0.04643090 -0.10180672 0.00553790 -0.99370463
1463141887.78008 15.47691610 -0.46938988 -1.89925935 0.04041611 -0.10479680 0.00562695 -0.99365613
1463141887.85501 15.48314804 -0.54733638 -1.89677434 0.03401902 -0.10672580 0.00388003 -0.99369877
1463141887.93019 15.48515820 -0.61949128 -1.89367000 0.02923105 -0.10896992 0.00201310 -0.99361313
1463141888.00820 15.47846661 -0.69103446 -1.88839401 0.02497080 -0.11021174 -0.00033560 -0.99359434
1463141888.07983 15.45782383 -0.78009252 -1.87604230 0.01924124 -0.11021629 0.00082944 -0.99372101
1463141888.13209 15.44392858 -0.83937581 -1.87476996 0.01443508 -0.11035185 -0.00457327 -0.99377723
1463141888.17977 15.42733834 -0.90805061 -1.86967816 0.00800298 -0.10995185 -0.00692455 -0.99388057
1463141888.22975 15.41125463 -0.97932426 -1.86700112 0.00202586 -0.11052862 -0.00507580 -0.99385792
1463141888.27972 15.39712598 -1.04823452 -1.86611703 -0.00296837 -0.11072903 -0.00622071 -0.99382673
1463141888.32970 15.38142980 -1.11251457 -1.86850904 -0.00529437 -0.11287870 -0.00631492 -0.99357460
1463141888.38187 15.36460682 -1.17256159 -1.87021070 -0.00793550 -0.11241498 -0.00453462 -0.99361931
1463141888.42988 15.35099900 -1.22845242 -1.87460500 -0.01092179 -0.11424353 -0.00345624 -0.99338673
1463141888.50753 15.33705196 -1.30105303 -1.88385203 -0.01606154 -0.11683817 -0.00304881 -0.99301640
1463141888.60571 15.31825672 -1.38210461 -1.89496263 -0.01972093 -0.12094710 -0.00357804 -0.99245659
1463141888.70432 15.30220678 -1.45799689 -1.90398206 -0.02241141 -0.12527536 -0.00163241 -0.99186750
1463141888.77935 15.28436397 -1.52224762 -1.90717631 -0.02902450 -0.12480807 -0.00423572 -0.99174724
1463141888.85418 15.26027588 -1.58993039 -1.91029356 -0.03491165 -0.12423943 -0.00590182 -0.99162035
1463141888.93012 15.23247579 -1.65320861 -1.91287162 -0.03823375 -0.12627509 -0.00799149 -0.99122597
1463141889.00743 15.18676571 -1.71997507 -1.91047658 -0.04465390 -0.12361648 -0.00493830 -0.99131257
1463141889.07928 15.13538879 -1.78017347 -1.90907361 -0.05031766 -0.12127135 -0.00918188 -0.99130070
1463141889.15750 15.07009339 -1.83553764 -1.90771095 -0.05704793 -0.11621446 -0.00843610 -0.99154857
1463141889.22918 14.98961896 -1.87277990 -1.90689229 -0.06096534 -0.11079800 -0.00435417 -0.99196173
1463141889.30467 14.90996124 -1.87942282 -1.90900296 -0.06153918 -0.10571362 -0.00701303 -0.99246581
1463141889.37895 14.83031342 -1.86444175 -1.91655142 -0.05915161 -0.10493484 -0.00008971 -0.99271837
1463141889.45394 14.74733802 -1.82493294 -1.92960552 -0.05489671 -0.10553377 0.00264135 -0.99289576
1463141889.52881 14.65930442 -1.76806200 -1.95107925 -0.05111815 -0.10555255 0.00609374 -0.99308029
1463141889.60433 14.57173990 -1.69396804 -1.98717763 -0.04719732 -0.10489217 0.00803134 -0.99333053
1463141889.65369 14.51263528 -1.63085550 -2.01412973 -0.04445040 -0.10325560 0.00179353 -0.99365951
1463141889.70371 14.45267461 -1.56226036 -2.04451118 -0.04039388 -0.10082866 -0.00055825 -0.99408330
1463141889.77864 14.36786661 -1.46669528 -2.10702567 -0.03776472 -0.10366208 0.00338725 -0.99388959
1463141889.85365 14.28502559 -1.37436770 -2.18332606 -0.03498775 -0.10533447 0.00825266 -0.99378690
1463141889.95340 14.18506483 -1.26907295 -2.28740310 -0.03107111 -0.10901774 0.01587732 -0.99342721
1463141890.05323 14.11926056 -1.18722009 -2.39317725 -0.02974799 -0.11364943 0.01430316 -0.99297245
1463141890.17935 14.07437811 -1.11502683 -2.54408757 -0.03098403 -0.12240707 0.01549571 -0.99187518
1463141890.30318 14.04819904 -1.07820337 -2.71434413 -0.04022315 -0.12877591 0.01783033 -0.99069720
1463141890.40317 14.02705579 -1.04157228 -2.88425625 -0.04518460 -0.12921031 0.01850357 -0.99041439
1463141890.50578 14.00802018 -0.99195240 -3.08049088 -0.04473811 -0.12912762 0.01992972 -0.99041777
1463141890.60305 13.99218850 -0.93840824 -3.30018264 -0.04402399 -0.12627828 0.01854759 -0.99084392
1463141890.70300 13.97012807 -0.88363364 -3.54755660 -0.04298947 -0.12088905 0.01859643 -0.99156034
1463141890.80311 13.94735329 -0.82445102 -3.83657585 -0.04067228 -0.11345908 0.01562240 -0.99258689
1463141890.88051 13.92300874 -0.78536786 -4.07515898 -0.03757799 -0.10652367 0.01558400 -0.99347760
1463141890.97822 13.90419353 -0.74306410 -4.41649231 -0.03448175 -0.10791728 0.00667506 -0.99353929
1463141891.07771 13.88090629 -0.70869735 -4.77444722 -0.02818184 -0.10262703 0.00286142 -0.99431649
1463141891.20243 13.82962970 -0.68701721 -5.20860145 -0.02511654 -0.09071059 0.00721094 -0.99553440
1463141891.35255 13.72198592 -0.65311724 -5.68944730 -0.02163919 -0.07293238 0.00606198 -0.99708368
1463141891.52771 13.54800118 -0.56876609 -6.18025420 -0.01160393 -0.04814427 0.00513803 -0.99875977
1463141891.72780 13.34906796 -0.49560205 -6.73335026 -0.01345807 -0.02961668 0.01118949 -0.99940809
1463141891.90208 13.13815284 -0.43383788 -7.27922646 -0.00846970 -0.00817113 0.02222966 -0.99968362
1463141892.07696 12.93641955 -0.35082776 -7.85611028 -0.00056813 0.00965677 0.02585683 -0.99961885
1463141892.25233 12.77342260 -0.25400732 -8.40320961 0.00958655 0.02911066 0.03255997 -0.99899976
1463141892.42654 12.56691315 -0.17539491 -8.85160269 0.01773197 0.05584388 0.02825969 -0.99788197
1463141892.65165 12.26738026 -0.07691058 -9.25077451 0.02314544 0.08312092 0.03077154 -0.99579532
1463141892.87653 11.84346901 0.04127212 -9.51005588 0.03165584 0.10406483 0.03795829 -0.99334163
1463141893.07627 11.32310374 0.09093754 -9.75977609 0.03480104 0.11872930 0.03839935 -0.99157336
1463141893.27617 10.73127115 0.09474959 -10.01211202 0.04180479 0.13872846 0.03037473 -0.98898137
1463141893.45108 10.22246424 0.09996240 -10.21821295 0.04236823 0.16948335 0.03916100 -0.98384285
1463141893.62600 9.62489128 0.15515476 -10.34266139 0.04481133 0.19734552 0.04650055 -0.97820468
1463141893.80143 8.90412612 0.27441721 -10.40206329 0.04154453 0.21429678 0.04992467 -0.97460683
1463141893.97545 7.99838002 0.41222381 -10.48516869 0.04172845 0.23460933 0.05199500 -0.96980087
1463141894.15045 7.07344028 0.46727678 -10.51242443 0.04869041 0.25609004 0.04806673 -0.96422856
1463141894.30035 6.29907860 0.58209303 -10.47821919 0.04986831 0.28286845 0.05139616 -0.95648159
1463141894.45011 5.51875696 0.79647301 -10.35636117 0.04850937 0.31163704 0.06242619 -0.94690663
1463141894.60023 4.65470624 0.96580749 -10.12830083 0.05363466 0.34180976 0.06579001 -0.93592793
1463141894.72527 3.89610611 0.98251680 -9.90327498 0.04868938 0.36645145 0.05833518 -0.92732933
1463141894.85010 3.14001562 0.99109019 -9.71041105 0.05527401 0.39599039 0.06057279 -0.91458588
1463141894.97497 2.36888332 1.06057580 -9.54112177 0.05452833 0.42617380 0.07136386 -0.90017207
1463141895.09988 1.55887357 1.20611968 -9.36842792 0.04324968 0.44827793 0.07956012 -0.88929553
1463141895.25221 0.48477091 1.34595923 -9.15709311 0.02653753 0.46653886 0.07602950 -0.88082732
1463141895.42879 -0.81463304 1.29946451 -8.92579830 0.03030644 0.48192535 0.05312149 -0.87407527
1463141895.57567 -1.89379424 1.32374019 -8.73879125 0.03443500 0.51045130 0.03381006 -0.85855144
1463141895.75122 -3.10660662 1.63637235 -8.44100657 0.00912339 0.52605884 0.04492105 -0.84921196
1463141895.87687 -4.05437999 1.80456206 -8.23443840 0.00438562 0.55202743 0.04907050 -0.83236925
1463141896.02404 -5.15361012 1.84117596 -8.03342538 0.00610701 0.57878267 0.05703461 -0.81346197
1463141896.19940 -6.46590058 1.99289320 -7.82665975 0.00122819 0.61222763 0.05526866 -0.78874660
1463141896.37589 -7.90206391 2.37593032 -7.58246741 -0.01762520 0.61973900 0.08310354 -0.78019660
1463141896.57372 -9.66005509 2.44520465 -7.30053826 -0.01108423 0.60384652 0.07492209 -0.79349430
1463141896.79850 -11.52616058 2.69810131 -6.89776715 -0.00141253 0.60849979 0.09731424 -0.78756330
1463141896.97494 -13.03638917 2.96993910 -6.48432594 -0.01956716 0.61820084 0.10447121 -0.77880076
1463141897.12347 -14.32566262 2.87546926 -6.24956127 -0.02983580 0.63958124 0.10715226 -0.76063398
1463141897.32321 -16.05822609 2.95100899 -5.90637464 -0.03741908 0.66451654 0.10914242 -0.73831261
1463141897.54804 -18.01797475 3.35509991 -5.37875906 -0.06437540 0.66055069 0.14415352 -0.73399479
1463141897.79805 -20.19570421 3.20800076 -4.72529497 -0.06680099 0.65700338 0.14706708 -0.73637997
1463141897.97283 -21.81526468 3.43415009 -4.19439095 -0.05522484 0.64027191 0.15370003 -0.75058537
1463141898.12485 -22.93428834 3.47167186 -3.96137397 -0.03599223 0.63268162 0.12197157 -0.76389886
1463141898.22270 -23.76333652 3.37725188 -3.89528567 -0.05057431 0.65870433 0.11522387 -0.74180476
1463141898.34762 -24.74743490 3.35978079 -3.80737113 -0.05996688 0.69086226 0.10839574 -0.71229465
1463141898.49957 -25.97110495 3.65117143 -3.65121787 -0.05692549 0.68044883 0.12545195 -0.71972960
1463141898.64734 -27.28039597 3.87328316 -3.60282959 -0.06598171 0.67373336 0.12142568 -0.72593772
1463141898.79701 -28.50909209 3.96008177 -3.50812792 -0.04500366 0.65602595 0.12266395 -0.74334257
1463141898.92218 -29.50360800 4.05461563 -3.48940382 -0.02418342 0.66516435 0.12941261 -0.73499927
1463141899.04711 -30.56102257 4.34554200 -3.41785518 -0.00739980 0.66380750 0.16180010 -0.73015449
1463141899.17195 -31.69796762 4.57788239 -3.33388021 -0.00451533 0.66777721 0.18716555 -0.72043200
1463141899.27192 -32.63394650 4.57601767 -3.32308617 -0.01351510 0.68301114 0.19297034 -0.70432633
1463141899.37167 -33.53662146 4.48296270 -3.37125837 -0.01414290 0.70275423 0.15413429 -0.69439117
1463141899.49969 -34.64749025 4.56066346 -3.42736799 -0.01376190 0.71843333 0.11985846 -0.68505336
1463141899.62387 -36.03286763 4.77638017 -3.35169993 -0.04276397 0.72512778 0.10679442 -0.67893733
1463141899.72156 -36.76419767 4.81353275 -3.45924179 -0.05217606 0.73360861 0.07902622 -0.67294199
1463141899.84649 -37.96725826 4.77339507 -3.47130568 -0.05426559 0.73635499 0.07851234 -0.66983012
1463141899.97136 -39.11306802 4.74995623 -3.47134051 -0.04855870 0.73921417 0.06616434 -0.66845100
1463141900.09632 -40.29348785 5.00728627 -3.43694774 -0.04522777 0.73924470 0.08596949 -0.66639401
1463141900.22113 -41.55372716 5.23909761 -3.35465073 -0.05605607 0.73770017 0.09385531 -0.66621870
1463141900.32170 -42.56064081 5.24226352 -3.34815972 -0.06406940 0.74689600 0.09787355 -0.65457028
1463141900.44594 -43.74502909 5.16480869 -3.39423906 -0.05167616 0.75885992 0.07323451 -0.64505651
1463141900.59579 -45.16470700 5.42340365 -3.46232583 -0.04107761 0.77197949 0.08182969 -0.62901844
1463141900.74790 -46.69660636 5.66172640 -3.51599432 -0.06481823 0.77373202 0.08422430 -0.62453472
1463141900.89575 -48.22236675 5.59673467 -3.55733100 -0.06266423 0.77429335 0.08197761 -0.62435781
1463141901.04570 -49.72808503 5.61591332 -3.55386431 -0.04659163 0.77372230 0.05653359 -0.62927495
1463141901.17047 -51.00211938 5.83358540 -3.53650082 -0.06003352 0.78061013 0.04928254 -0.62017338
1463141901.29542 -52.31060960 5.97172684 -3.50173166 -0.05651376 0.79040893 0.05009143 -0.60790687
1463141901.42033 -53.54795386 5.95787304 -3.51363878 -0.04805512 0.79954085 0.06940773 -0.59464923
1463141901.57200 -54.99268151 6.06443138 -3.55133606 -0.05105016 0.80970697 0.06369150 -0.58112984
1463141901.72031 -56.52227588 6.31909571 -3.56580518 -0.07325244 0.79989457 0.06698858 -0.59187439
1463141901.89674 -58.28472633 6.35523904 -3.55485863 -0.06778050 0.79676300 0.07458049 -0.59582906
1463141902.06984 -59.95763027 6.37563289 -3.52464925 -0.05059494 0.79698680 0.03301204 -0.60096789
1463141902.21989 -61.45227559 6.66137710 -3.43143471 -0.05825343 0.78571043 0.03411205 -0.61490002
1463141902.36974 -62.97714021 6.65657370 -3.34318897 -0.04916947 0.78084346 0.03054556 -0.62203924
1463141902.51974 -64.40422231 6.59231134 -3.27947916 -0.03678219 0.77614639 0.03004877 -0.62876142
1463141902.66949 -65.81913997 6.83057574 -3.18262291 -0.04744781 0.75954511 0.03340331 -0.64786121
1463141902.84436 -67.50926636 6.99495653 -3.10073659 -0.05270471 0.74098960 0.04399371 -0.66799789
1463141902.99421 -68.90050976 6.93901188 -2.98378868 -0.03589602 0.72696838 0.04524106 -0.68423804
1463141903.16908 -70.49966271 7.17728199 -2.78617201 -0.03679649 0.71586796 0.04059044 -0.69608297
1463141903.31879 -71.89834302 7.40023460 -2.54502422 -0.04603320 0.71505467 0.03094149 -0.69686469
1463141903.46884 -73.29016574 7.36668148 -2.31243676 -0.02868759 0.71911104 0.03382973 -0.69347810
1463141903.61854 -74.64680097 7.48504878 -2.08292852 -0.01421730 0.72155917 0.04202406 -0.69092996
1463141903.74362 -75.79573165 7.68782986 -1.87735332 -0.04386585 0.71654366 0.06048475 -0.69352907
1463141903.84582 -76.73894002 7.80888072 -1.70826341 -0.05515877 0.71294770 0.07468226 -0.69504363
1463141903.94367 -77.67933131 7.85970705 -1.51798849 -0.04184355 0.70989409 0.09921151 -0.69602915
1463141904.04333 -78.55993921 7.85667463 -1.32607417 -0.00869782 0.70375052 0.10689872 -0.70230493
1463141904.16947 -79.68698113 8.05464274 -1.08067756 0.03050015 0.68811606 0.13672087 -0.71195044
1463141904.31859 -81.09927515 8.34135340 -0.73797443 0.03305612 0.68491694 0.13533137 -0.71517935
1463141904.44320 -82.30444792 8.33050618 -0.46357142 0.03998193 0.69061682 0.10442741 -0.71452416
1463141904.56805 -83.45829988 8.20247368 -0.25846642 0.04016486 0.69298684 0.09652301 -0.71332975
1463141904.66835 -84.38313627 8.27860927 -0.07069141 0.04568740 0.68111970 0.10205413 -0.72358383
1463141904.76789 -85.34305774 8.43851210 0.09248583 0.02899677 0.67676120 0.12069937 -0.72566185
1463141904.89321 -86.57052127 8.55493071 0.28910738 0.01607712 0.67351970 0.12196603 -0.72886009
1463141905.01765 -87.79242520 8.53423481 0.49686295 0.01941991 0.67060088 0.12817080 -0.73040370
1463141905.12002 -88.71871497 8.57269231 0.67475828 0.03707093 0.65967057 0.13241566 -0.73886844
1463141905.21746 -89.63607624 8.73451868 0.86447246 0.04463989 0.65262305 0.12526373 -0.74592186
1463141905.31757 -90.58789261 8.93537453 1.06848616 0.04234288 0.65027825 0.11195148 -0.75020807
1463141905.46757 -92.04184271 9.03604369 1.33832361 0.05437982 0.65550263 0.10441877 -0.74595969
1463141905.61758 -93.42515978 8.95140838 1.50388920 0.05970930 0.67233873 0.11224714 -0.72924345
1463141905.76713 -94.81852584 9.17590091 1.68170202 0.05172502 0.67686685 0.13484545 -0.72179810
1463141905.89196 -96.03506142 9.38575939 1.83465913 0.03098568 0.67371417 0.14360903 -0.72424137
1463141906.01725 -97.24278175 9.43779478 1.98435775 0.03833230 0.67947111 0.14493489 -0.71822247
1463141906.19189 -98.87159409 9.49708663 2.22652884 0.06122243 0.68282107 0.13614051 -0.71517338
1463141906.34181 -100.33019845 9.79581733 2.43385918 0.04907555 0.70173090 0.13165403 -0.69845011
1463141906.46667 -101.41374980 9.92720430 2.64778750 0.04682714 0.72465373 0.12188586 -0.67662991
1463141906.61861 -102.94274357 9.78954870 2.70907944 0.04067191 0.72529445 0.13461791 -0.67392267
1463141906.79147 -104.52371461 10.00258591 2.79963164 0.01752018 0.74027099 0.15101203 -0.65489486
1463141906.94138 -105.94257806 10.30727093 2.84248700 0.00238260 0.75032234 0.20035575 -0.62997482
1463141907.11878 -107.58851938 10.24660077 2.85776339 0.00855800 0.77418976 0.17299715 -0.60879304
1463141907.29122 -109.17023773 10.33199366 2.89941302 0.03661522 0.78749886 0.09654428 -0.60760520
1463141907.49294 -111.05773999 10.70952579 3.04583175 0.03465001 0.78587025 0.10445613 -0.60851971
1463141907.61585 -112.21691258 10.65894442 3.14512166 0.03780091 0.76651818 0.11409547 -0.63087494
1463141907.81574 -114.05624956 10.69750438 3.20705452 0.05882270 0.76586884 0.08541504 -0.63457788
1463141907.94145 -115.24042116 10.94003408 3.26628891 0.04650478 0.74654046 0.10753265 -0.65494380
1463141908.09102 -116.70229834 10.96307720 3.34728956 0.04787250 0.72792455 0.08993815 -0.67804514
1463141908.24044 -118.05617006 10.87858531 3.45079738 0.06611222 0.71451368 0.08694467 -0.69104269
1463141908.41542 -119.65629657 11.18360806 3.64802281 0.08496615 0.69346622 0.08506125 -0.71038717
1463141908.61516 -121.54047723 11.37132832 3.85618666 0.08170662 0.68818281 0.11027932 -0.71243731
1463141908.79009 -123.09094420 11.30551244 3.97915762 0.09051788 0.69863440 0.09366604 -0.70352197
1463141908.96490 -124.69794075 11.61904628 4.15046305 0.07245066 0.69195419 0.09888928 -0.71145710
1463141909.21457 -127.01210180 11.66079379 4.43629362 0.06072777 0.68795369 0.10021535 -0.71623232
1463141909.43940 -129.14582924 11.94192668 4.60518465 0.08171510 0.68378793 0.09408409 -0.71896098
1463141909.61430 -130.84714826 12.11718624 4.82380770 0.06671473 0.69462707 0.09011651 -0.71057821
1463141909.79011 -132.47629189 11.95857665 4.98046211 0.07082866 0.70623969 0.07318081 -0.70060929
1463141909.98974 -134.37137356 12.22451638 5.14894898 0.05297691 0.70836108 0.07358764 -0.70000206
1463141910.21434 -136.57152144 12.33933618 5.28041174 0.04276062 0.70752299 0.08671920 -0.70004466
1463141910.46385 -138.91144262 12.53664912 5.46054100 0.06246052 0.71346373 0.06787103 -0.69459464
1463141910.71364 -141.36959661 12.71044768 5.60446606 0.05332221 0.72902686 0.06074885 -0.67969564
1463141910.93861 -143.46424973 12.79752924 5.66037185 0.05668280 0.74327160 0.05744222 -0.66410450
1463141911.18877 -145.87746296 13.10190797 5.72966267 0.03481504 0.74193795 0.06626016 -0.66627740
1463141911.41315 -147.95559064 13.15149581 5.87956997 0.05721320 0.73812912 0.05565396 -0.66992140
1463141911.61371 -149.87543958 13.45181753 6.08578375 0.03714439 0.73723131 0.04874106 -0.67285555
1463141911.78797 -151.53184625 13.37859170 6.18589339 0.03827002 0.74902547 0.04934640 -0.65959167
1463141912.01348 -153.62096784 13.59999138 6.30087649 0.04608480 0.75040692 0.04520536 -0.65781617
1463141912.18740 -155.32198452 13.78736479 6.39905692 0.03079770 0.74184059 0.05119088 -0.66790983
1463141912.36236 -156.93692086 13.73073053 6.49289719 0.04410373 0.73890146 0.05279933 -0.67029227
1463141912.56226 -158.78793655 14.02212358 6.62245946 0.03873522 0.73639940 0.03872958 -0.67432598
1463141912.76232 -160.71436288 14.08202427 6.74109854 0.03420814 0.74731533 0.03782772 -0.66250936
1463141912.98711 -162.77309561 14.16816470 6.81608089 0.05229248 0.75067672 0.04374706 -0.65714241
1463141913.13679 -164.19220985 14.34191037 6.91430364 0.02380027 0.73602504 0.02962422 -0.67588690
1463141913.28793 -165.61305353 14.35349140 7.05376538 0.02740800 0.71699747 0.02956638 -0.69590894
1463141913.41150 -166.74804299 14.37036010 7.25312604 0.04099298 0.68247549 0.03999055 -0.72866147
1463141913.61165 -168.59656299 14.66514645 7.66526602 0.03950721 0.65012865 0.01590229 -0.75862971
1463141913.83644 -170.70944684 14.64778318 8.10647333 0.02739233 0.63821401 0.02963116 -0.76880071
1463141914.11123 -173.12480492 14.85553494 8.52043488 0.03132982 0.64190024 0.01936624 -0.76590305
1463141914.31118 -174.99150268 15.00247128 8.87449638 0.02308923 0.63085583 0.03365345 -0.77482595
1463141914.51104 -176.72598804 15.06577357 9.17439428 0.04025525 0.63825721 0.01879842 -0.76854009
1463141914.71083 -178.54818999 15.48538530 9.51939344 0.03114721 0.63427964 0.02923820 -0.77192248
1463141914.91055 -180.37758972 15.45365526 9.80002975 0.03607472 0.64515835 0.03232618 -0.76251186
1463141915.13541 -182.37938259 15.73656771 10.03223672 0.04274521 0.65773942 0.03866378 -0.75103716
1463141915.33544 -184.30538659 15.96137676 10.28380374 0.03165665 0.65107313 0.05156911 -0.75659915
1463141915.53500 -186.12505161 15.92279155 10.51581295 0.04368363 0.64635373 0.04573935 -0.76041207
1463141915.76023 -188.24264050 16.35920970 10.83113244 0.03283236 0.64293968 0.04671871 -0.76378529
1463141915.93500 -189.90883192 16.30541436 11.03439418 0.03074025 0.65608900 0.05129451 -0.75231053
1463141916.13550 -191.76110034 16.39752464 11.27941854 0.03450237 0.65489570 0.04782701 -0.75341475
1463141916.31179 -193.45533949 16.68611613 11.50045617 0.02431274 0.64403516 0.05241334 -0.76281089
1463141916.48587 -195.10229547 16.69019202 11.69421700 0.04190645 0.64369844 0.06220781 -0.76159461
1463141916.70940 -197.18975453 17.00601015 12.06504843 0.04302614 0.63408781 0.05592906 -0.77003463
1463141916.93536 -199.34158189 17.09384292 12.42858835 0.02773890 0.64351013 0.06282991 -0.76235009
1463141917.18411 -201.52845310 17.28993836 12.83290741 0.03572747 0.65265155 0.06123156 -0.75433427
1463141917.40892 -203.82301385 17.53411389 13.11734213 0.02749800 0.63522343 0.07294398 -0.76838417
1463141917.61093 -205.65943647 17.54056815 13.39858837 0.04706606 0.63629070 0.06763609 -0.76703604
1463141917.78358 -207.30909255 17.84175961 13.71204138 0.03294867 0.63518327 0.06130939 -0.76921892
1463141917.93381 -208.76150942 17.90133043 13.93643590 0.02795374 0.64747613 0.06306746 -0.75895701
1463141918.08348 -210.13125309 17.85645354 14.08159588 0.03916053 0.66271286 0.06287693 -0.74520106
1463141918.25821 -211.76952532 18.13909387 14.27599511 0.02915435 0.66350837 0.06251378 -0.74498235
1463141918.40801 -213.24741308 18.32509093 14.44310414 0.01885009 0.65931258 0.07066165 -0.74830376
1463141918.58344 -214.88755154 18.25344748 14.64701827 0.02667007 0.66128857 0.07548374 -0.74584739
1463141918.75797 -216.54120516 18.51347639 14.89188271 0.03423772 0.65538870 0.05469259 -0.75253050
1463141918.98527 -218.75527288 18.66629787 15.17013335 0.01647092 0.65762356 0.07701131 -0.74921907
1463141919.15766 -220.38206660 18.60905698 15.32597078 0.01754728 0.67211039 0.06127955 -0.73770220
1463141919.30756 -221.84222890 18.93583652 15.51874954 0.01163970 0.65969464 0.06587092 -0.74855095
1463141919.45754 -223.36562814 19.09819939 15.71385167 0.01071020 0.65146022 0.07518025 -0.75487271
1463141919.63230 -225.02167962 19.09520595 15.93226101 0.03840399 0.64795510 0.06894113 -0.75757933
1463141919.80707 -226.67319898 19.40633944 16.18804652 0.04234445 0.63840396 0.05578048 -0.76650888
1463141920.00709 -228.61545057 19.50726790 16.43786878 0.03517628 0.65172161 0.06075731 -0.75520204
1463141920.25681 -230.94578048 19.62639669 16.72330774 0.03632601 0.66382056 0.05896471 -0.74467836
1463141920.45799 -232.90207170 19.88933576 16.99824900 0.01943449 0.65241410 0.06333190 -0.75496173
1463141920.65721 -234.78596913 19.87225103 17.26394632 0.03720143 0.65178883 0.07116621 -0.75413709
1463141920.85848 -236.69780558 20.21826106 17.59274237 0.03126210 0.64663914 0.05504916 -0.76016451
1463141921.05629 -238.62126384 20.30616189 17.87487989 0.03487957 0.65982878 0.07139333 -0.74720305
1463141921.28110 -240.44313169 20.44148080 18.20831019 0.03744151 0.67437427 0.05860355 -0.73510755
1463141921.45607 -242.42645880 20.67973055 18.31950792 0.01995952 0.66718279 0.06409408 -0.74186298
1463141921.63082 -244.08408415 20.67407806 18.50720415 0.03527413 0.66533865 0.07348634 -0.74207814
1463141921.83075 -245.95984870 20.94574819 18.74876928 0.03524140 0.66313948 0.06111928 -0.74516341
1463141922.05562 -248.14131235 20.99647468 19.00160309 0.01501748 0.67539925 0.05593328 -0.73517467
1463141922.30548 -250.43983382 21.13812897 19.13369680 0.01974899 0.69031959 0.05218784 -0.72134962
1463141922.53028 -252.63083170 21.40669287 19.27577486 0.01672413 0.67334824 0.06108133 -0.73660812
1463141922.78007 -254.95200749 21.42480103 19.44034949 0.03926930 0.66620124 0.04497103 -0.74337839
1463141923.00494 -256.66827272 21.67439439 19.53731086 0.02005835 0.66641851 0.03497666 -0.74448684
1463141923.17949 -258.68609853 21.66220094 19.72734467 0.02996481 0.68297029 0.04566245 -0.72840142
1463141923.35639 -260.27846491 21.93859406 19.87883689 0.03109622 0.68121089 0.05565535 -0.72930599
1463141923.50459 -261.72514818 22.16041069 20.04951286 0.02029657 0.66850990 0.05455986 -0.74142146
1463141923.65426 -263.13283554 22.15995365 20.22447754 0.03261631 0.66480636 0.05914022 -0.74395640
1463141923.80413 -264.43635559 22.27205126 20.42147358 0.04967917 0.65723225 0.06347201 -0.74936577
1463141923.95424 -265.91852431 22.54355458 20.70642572 0.03438261 0.64879748 0.05718229 -0.75803024
1463141924.10781 -267.35999954 22.63480036 20.92083584 0.03763695 0.66096245 0.06283640 -0.74683578
1463141924.25395 -268.71479562 22.64563422 21.11695731 0.05223805 0.67020736 0.06819005 -0.73718613
1463141924.42915 -270.30779109 22.93853661 21.40428456 0.04179656 0.65814334 0.07275660 -0.74820242
1463141924.57933 -271.75350798 23.07379376 21.63452456 0.02535593 0.65102945 0.08788777 -0.75352072
1463141924.75424 -273.33689580 22.99483858 21.87957280 0.03678613 0.65718884 0.08819121 -0.74764425
1463141924.92841 -274.96004948 23.23753992 22.19075124 0.04074564 0.65311187 0.05975186 -0.75379997
1463141925.07881 -276.38652126 23.38005468 22.47757716 0.02873956 0.65531434 0.06038135 -0.75239036
1463141925.22839 -277.74583995 23.27643756 22.70187916 0.03302562 0.67225135 0.05863707 -0.73725785
1463141925.40322 -279.29562355 23.48689925 22.99989121 0.03738043 0.67617428 0.06873889 -0.73257492
1463141925.58067 -280.69265126 23.71593638 23.20747879 0.01650013 0.66422704 0.07086078 -0.74398181
1463141926.02777 -284.99775092 24.12377982 24.25853731 0.03153929 0.65783392 0.07624754 -0.74862950
1463141926.30365 -287.52600583 24.14295685 24.79190621 0.03641772 0.67766430 0.09183109 -0.72870563
1463141926.62727 -290.46875312 24.60690418 25.32682663 0.01840734 0.67869141 0.09543320 -0.72796404
1463141926.92710 -293.09751863 24.62546195 25.60852422 0.03146971 0.69656867 0.08952245 -0.71118737
1463141927.15192 -294.89069995 24.88525872 25.78661032 0.00577812 0.70688739 0.07453205 -0.70336463
1463141927.32682 -296.65902147 24.80701969 25.95710566 0.00948445 0.73275116 0.07725383 -0.67603079
1463141927.55169 -298.58658878 25.08884817 26.03997523 0.00150070 0.74512691 0.07301073 -0.66291257
1463141927.77656 -300.56079482 25.21955556 26.00718494 -0.00654230 0.75340488 0.08376157 -0.65216737
1463141927.97852 -302.25186905 25.24871203 25.92890229 0.01212168 0.76177694 0.07260457 -0.64364395
1463141928.12628 -303.54879885 25.51899376 25.84351187 -0.00052195 0.77284661 0.06542415 -0.63121116
1463141928.25116 -304.65572378 25.56633622 25.68046606 -0.00518697 0.79136601 0.07082025 -0.60720460
1463141928.37607 -305.65169582 25.43579439 25.41564847 -0.00605473 0.81444169 0.06677096 -0.57635901
1463141928.50102 -306.63266638 25.52912975 25.12339186 -0.00605303 0.82946066 0.07302279 -0.55373825
1463141928.65087 -307.84975746 25.80617508 24.67980315 -0.01789954 0.83766671 0.07118367 -0.54122729
1463141928.77584 -308.80001467 25.87955260 24.21772177 -0.01832641 0.84638328 0.07232761 -0.52732172
1463141928.90068 -309.73993455 25.78755435 23.71454625 -0.00714734 0.86277066 0.05966521 -0.50201172
1463141929.05039 -310.73867556 25.88798884 23.06149295 -0.00539528 0.87419866 0.04356546 -0.48358002
1463141929.17549 -311.59170824 26.14057970 22.43989676 -0.00724914 0.88710098 0.04543375 -0.45927668
1463141929.27527 -312.24107278 26.20872761 21.88595842 -0.00722181 0.90323861 0.05390033 -0.42567900
1463141929.37534 -312.81236069 26.09437654 21.31329937 -0.00830737 0.91932937 0.04314550 -0.39102808
1463141929.52537 -313.56064661 26.05285784 20.39320987 -0.00641344 0.93589174 0.04796795 -0.34894784
1463141929.67515 -314.23419411 26.28247230 19.39100344 -0.02783573 0.94784534 0.04212460 -0.31470606
1463141929.82501 -314.88250443 26.39885911 18.25979558 -0.03681763 0.95390006 0.04125859 -0.29498621
1463141929.95000 -315.27141814 26.27695072 17.33498228 -0.04218102 0.96331440 0.03650972 -0.26251316
1463141930.07482 -315.57604789 26.31753276 16.38776214 -0.04528629 0.97321465 0.04086885 -0.22165769
1463141930.22720 -315.94601667 26.63726162 15.19138699 -0.04694551 0.98245233 0.04291670 -0.17533310
1463141930.42440 -316.47758212 26.66435301 13.52868132 -0.04008777 0.98836901 0.04200110 -0.14055452
1463141930.69942 -316.92714649 26.76837847 11.28989704 -0.04123870 0.99152439 0.06015085 -0.10752038
1463141930.92434 -317.22376497 26.69176945 9.26613740 -0.05284591 0.99164491 0.03646755 -0.11188293
1463141931.19913 -317.31903404 26.70060608 6.95488296 -0.05928435 0.99334014 0.05793586 -0.08002608
1463141931.57377 -317.61861830 26.62364085 3.64064310 -0.02786641 0.99693444 0.04718976 -0.05584184
1463141931.99837 -317.85585864 26.74448978 -0.19237693 -0.04618314 0.99695646 0.04453044 -0.04429419
1463141932.34817 -318.37369270 26.72781376 -3.31559366 -0.04500307 0.99748727 0.02010895 -0.05088718
1463141932.69804 -318.79891745 26.50768753 -6.36100395 -0.04512283 0.99826384 -0.00532493 -0.03748183
1463141932.94770 -319.13635097 26.81573260 -8.61955061 -0.10435664 0.99377680 0.00435442 -0.03870917
1463141933.17266 -319.48906866 26.65412517 -10.56577604 -0.06322084 0.99608475 0.03732391 -0.04924648
1463141933.49732 -320.04592187 26.93593857 -13.45257931 -0.06242863 0.99699190 0.02378560 -0.03929448
1463141933.77354 -320.58467718 26.73813203 -15.79441329 -0.03120078 0.99846949 0.01803129 -0.04195299
1463141934.04705 -321.05890175 26.94040281 -18.27508296 -0.06595790 0.99570474 0.01351087 -0.06355376
1463141934.32176 -321.70884943 26.72712448 -20.62097880 -0.05053851 0.99567211 0.00893482 -0.07747951
1463141934.54669 -322.18404374 26.84731259 -22.60888620 -0.06478045 0.99563491 -0.01018949 -0.06641382
1463141934.77184 -322.62112624 26.61706250 -24.52005910 -0.06531075 0.99681026 -0.00440969 -0.04565495
1463141935.02177 -323.00333953 26.82325078 -26.66012929 -0.04904052 0.99845455 -0.01493888 -0.02145610
1463141935.29608 -323.49794253 26.65341005 -28.94476760 -0.03994733 0.99895706 -0.01701665 -0.01412213
1463141935.52108 -323.81561914 26.88722929 -30.82348207 -0.03447393 0.99928311 -0.01541617 0.00267330
1463141935.74571 -324.10474474 26.75188757 -32.72282584 -0.03528965 0.99852451 -0.02862639 0.02973173
1463141935.99569 -324.26058403 26.82518977 -34.72888599 -0.03396982 0.99774709 -0.03378312 0.04696269
1463141936.19554 -324.40478097 26.90634550 -36.53620563 -0.03250237 0.99685390 -0.05366653 0.04843357
1463141936.37019 -324.46638555 26.67635005 -37.94574554 -0.00423119 0.99619388 -0.05043212 0.07096790
1463141936.54555 -324.48162237 26.79119982 -39.38460432 0.00204790 0.99351955 -0.06733481 0.09154631
1463141936.66995 -324.29797411 26.83509720 -40.36733195 -0.00193852 0.98833141 -0.08739921 0.12473433
1463141936.82105 -324.34691038 26.62971152 -41.61545175 0.01181996 0.98258111 -0.08448925 0.16509456
1463141936.94488 -324.20946543 26.54279147 -42.56064163 0.02145260 0.97665641 -0.08043020 0.19802279
1463141937.09699 -324.01504510 26.69999045 -43.71688903 0.00627186 0.97251320 -0.08454752 0.21686506
1463141937.24580 -323.74393730 26.75452619 -44.91373749 -0.00611968 0.96786117 -0.09277952 0.23366488
1463141937.39441 -323.43467716 26.54378093 -45.95763301 0.00453797 0.95962314 -0.09452738 0.26489131
1463141937.54449 -323.05233682 26.50921260 -46.98111100 0.01963577 0.95430950 -0.08583956 0.28555101
1463141937.67061 -322.68079466 26.62020388 -47.85847070 0.01652866 0.94696403 -0.09562647 0.30633560
1463141937.76932 -322.32268976 26.60910748 -48.53290962 0.01535994 0.93637894 -0.10824788 0.33352804
1463141937.86931 -321.92253960 26.48476938 -49.10911470 0.01884486 0.92359494 -0.10721574 0.36758950
1463141937.97216 -321.46712924 26.37540358 -49.61477968 0.02358305 0.90774216 -0.08930554 0.40923408
1463141938.09618 -320.86988508 26.40921608 -50.24456755 0.02343391 0.89547092 -0.08430862 0.43643411
1463141938.22117 -320.15299687 26.52601181 -50.89492711 0.01556847 0.88576002 -0.10015917 0.45294033
1463141938.31933 -319.49493482 26.51362063 -51.36615103 0.02132445 0.87502722 -0.10817008 0.47135110
1463141938.41872 -318.86692666 26.35473774 -51.74147198 0.02852124 0.86568844 -0.10637481 0.48831799
1463141938.51869 -318.27798881 26.12730171 -52.06656406 0.05041336 0.84949642 -0.10684165 0.51419762
1463141938.64374 -317.41348324 26.03460669 -52.47809807 0.05588613 0.83911545 -0.09190843 0.53321181
1463141938.76909 -316.72542327 25.99429296 -52.87939029 0.04977011 0.83083554 -0.09158742 0.54666899
1463141938.86856 -316.03771766 25.90302249 -53.21677256 0.05817748 0.82388217 -0.09573717 0.55557893
1463141938.96837 -315.36329105 25.67463502 -53.50841085 0.06196662 0.81322426 -0.09923156 0.57006976
1463141939.06835 -314.74541717 25.35051794 -53.69684049 0.06436154 0.79688045 -0.10216345 0.59194743
1463141939.16831 -314.18017850 25.03323167 -53.80801909 0.06734907 0.77702412 -0.10119315 0.61762252
1463141939.29347 -313.51393351 24.67392651 -53.96161912 0.06609933 0.76519354 -0.09361166 0.63351920
1463141939.44296 -312.81303449 24.29681093 -54.16860043 0.05787125 0.76217309 -0.08420796 0.63925904
1463141939.61819 -312.09614479 23.85808049 -54.45631045 0.05389116 0.77126613 -0.08549730 0.62843815
1463141939.79275 -311.39219725 23.37544567 -54.64611434 0.05519557 0.76223903 -0.07450826 0.64061973
1463141939.94282 -310.83871161 23.01911001 -54.64795796 0.05764392 0.73972469 -0.07874030 0.66579616
1463141940.09252 -310.21850393 22.65819289 -54.66650312 0.04021586 0.73118509 -0.05905745 0.67842706
1463141940.24248 -309.60883162 22.25872619 -54.78016766 0.05688837 0.73263737 -0.04979573 0.67640711
1463141940.39419 -309.03269995 21.92560348 -54.95478961 0.05024008 0.74518901 -0.04033482 0.66373366
1463141940.56724 -308.36835910 21.45580811 -55.03272242 0.05621330 0.73404218 -0.03290882 0.67597274
1463141940.69223 -307.90863941 21.14496782 -55.00561626 0.06455863 0.71506643 -0.04362827 0.69470048
1463141940.84444 -307.28165577 20.73991304 -54.99065309 0.05775999 0.70530584 -0.03414879 0.70572042
1463141940.99254 -306.61859844 20.34860970 -55.06505646 0.05334782 0.70930310 -0.02535862 0.70242442
1463141941.14201 -305.92650824 20.03643202 -55.21176487 0.04961733 0.72523214 -0.02863931 0.68611680
1463141941.29187 -305.11248140 19.85369493 -55.31590101 0.05069188 0.73433730 -0.02803862 0.67630829
1463141941.41683 -304.31479766 19.75761135 -55.41311367 0.06816430 0.74166928 -0.04262655 0.66593039
1463141941.56670 -303.29249996 19.58275077 -55.52212321 0.08411826 0.73582653 -0.06193337 0.66906479
1463141941.69208 -302.50403680 19.28692114 -55.54190613 0.09687668 0.72740227 -0.08051116 0.67455081
1463141941.84150 -301.57723996 18.94776341 -55.52037763 0.10454486 0.71614143 -0.08995371 0.68419307
1463141941.99118 -300.65970213 18.69979230 -55.51117193 0.10847602 0.71205465 -0.09581139 0.68704534
1463141942.11639 -299.83021834 18.32723828 -55.50218503 0.10757542 0.71316204 -0.09313698 0.68640582
1463141942.24103 -299.12315511 17.84987047 -55.52241560 0.10246518 0.71706729 -0.09515566 0.68283292
1463141942.36618 -298.49984094 17.37461449 -55.58905205 0.11520759 0.72299274 -0.09893046 0.67395955
1463141942.51596 -297.74059261 16.90405450 -55.69903372 0.10953985 0.72843430 -0.10429017 0.66821258
1463141942.66566 -296.91061478 16.43395800 -55.82214456 0.11069614 0.72836899 -0.09929308 0.66885415
1463141942.81583 -296.12005690 15.83804011 -55.88674492 0.10774503 0.72130294 -0.08562417 0.67880894
1463141942.96569 -295.42128118 15.23807358 -55.94802875 0.11749892 0.70836094 -0.08703010 0.69053931
1463141943.14054 -294.53146833 14.66316765 -56.04874008 0.11338158 0.70514173 -0.09419654 0.69357536
1463141943.29039 -293.69598273 14.10278825 -56.11482828 0.10098573 0.70585740 -0.10775219 0.69278905
1463141943.44034 -292.91492682 13.49212451 -56.20863804 0.09162920 0.71981629 -0.10709069 0.67970595
1463141943.61514 -292.10155732 12.89618244 -56.28130739 0.09900861 0.71883702 -0.10268822 0.68038648
1463141943.76516 -291.31619019 12.41422440 -56.38358684 0.09210283 0.72372911 -0.10459369 0.67586493
1463141943.91492 -290.46362749 11.83729861 -56.52706040 0.10294247 0.72447648 -0.09531884 0.67487110
1463141944.03988 -289.84226589 11.33353729 -56.62089384 0.11445617 0.71776249 -0.10177119 0.67923443
1463141944.21468 -289.01832026 10.76496445 -56.70888282 0.10182399 0.71939112 -0.09678072 0.68025126
1463141944.36533 -288.28413974 10.23714239 -56.72759048 0.10818298 0.71429373 -0.10557698 0.68332599
1463141944.51446 -287.43612018 9.68128043 -56.80940031 0.09897924 0.71991441 -0.10475790 0.67893456
1463141944.68947 -286.58013803 9.04641440 -56.97293277 0.09477610 0.73530393 -0.10283402 0.66315216
1463141944.93918 -285.32626234 8.28922557 -57.29008929 0.07713808 0.76049554 -0.10290864 0.63647942
1463141945.18886 -283.98810192 7.27555984 -57.50456051 0.09644133 0.75537095 -0.08978789 0.64191271
1463141945.43893 -282.76972636 6.33896030 -57.63702991 0.09959866 0.75515242 -0.08356501 0.64252768
1463141945.61407 -281.82458372 5.60127312 -57.77564004 0.09686495 0.75627808 -0.07442439 0.64274541
1463141945.78866 -280.95304151 5.02095612 -58.00394792 0.09010888 0.77485375 -0.06919559 0.62184727
1463141945.98847 -280.11411810 4.39557010 -58.44193211 0.09720788 0.78595646 -0.05094607 0.60846329
1463141946.18838 -279.20674392 3.75141924 -58.98983916 0.10356196 0.78981558 -0.02085777 0.60417814
1463141946.38860 -278.36444821 3.26797232 -59.53681424 0.11147370 0.79631641 -0.02842012 0.59384012
1463141946.56399 -277.51686025 2.95129852 -60.44479523 0.12817781 0.81324957 -0.03388751 0.56661029
1463141946.68801 -276.96481112 2.81033206 -61.22583594 0.13598323 0.83502205 -0.06261026 0.52945887
1463141946.78786 -276.59861266 2.72968375 -61.93054862 0.13089204 0.85898237 -0.07489123 0.48929322
1463141946.88784 -276.26992923 2.71396198 -62.69420056 0.12379095 0.88146803 -0.05884007 0.45191566
1463141946.98748 -276.01645606 2.78650525 -63.40286908 0.11705162 0.90145934 -0.04601320 0.41418927
1463141947.09006 -275.74554425 2.85640809 -64.34129020 0.11671976 0.91676295 -0.04914846 0.37882267
1463141947.21576 -275.49714806 2.94026738 -65.44290112 0.11039670 0.92980914 -0.06493371 0.34503788
1463141947.36264 -275.24338280 2.87378096 -66.77170817 0.09465101 0.93815411 -0.06726388 0.32616501
1463141947.53732 -274.98000146 2.77144503 -68.20133953 0.08949930 0.94147621 -0.06371086 0.31867437
1463141947.68707 -274.79991803 2.83021629 -69.34734458 0.07946271 0.94020643 -0.08123294 0.32108995
1463141947.81284 -274.46315840 2.82229176 -70.53987116 0.07238108 0.93489310 -0.09636227 0.33384156
1463141947.93796 -274.22322843 2.71520544 -71.53838653 0.06996427 0.93153382 -0.08596397 0.34635233
1463141948.06201 -273.95138627 2.67627982 -72.52445276 0.07946062 0.92754289 -0.07336463 0.35772591
1463141948.16188 -273.69239399 2.72591346 -73.33553063 0.07104758 0.92126714 -0.08187644 0.37351754
1463141948.26187 -273.36938621 2.70156915 -74.18605006 0.07237518 0.90937006 -0.10364193 0.39631589
1463141948.36162 -273.01333790 2.61326894 -74.86907537 0.06915530 0.89145730 -0.11150720 0.43369064
1463141948.48660 -272.49249205 2.47102495 -75.68651651 0.06316581 0.87382670 -0.09338126 0.47298723
1463141948.61542 -271.87201907 2.45499850 -76.47166733 0.06818357 0.85627756 -0.09469559 0.50316248
1463141948.71334 -271.29291983 2.50221142 -77.04835858 0.06592077 0.84469319 -0.11406533 0.51878412
1463141948.83623 -270.43044068 2.49565555 -77.67796973 0.06637664 0.82650211 -0.11112474 0.54785007
1463141948.96140 -269.54823860 2.33265966 -78.17105158 0.08268073 0.80289720 -0.09630443 0.58244780
1463141949.11122 -268.37138065 2.30987275 -78.73634550 0.07515932 0.78560138 -0.07983395 0.60894013
1463141949.26223 -267.05296388 2.34971163 -79.28898539 0.07621757 0.77394018 -0.08778739 0.62249566
1463141949.38700 -265.94933759 2.17407820 -79.62485116 0.06494676 0.74926531 -0.08156140 0.65401159
1463141949.53597 -264.61628288 1.93958334 -79.76994597 0.07064134 0.73112749 -0.04762576 0.67690043
1463141949.71298 -262.92443538 1.89137720 -79.92103126 0.07382283 0.72361775 -0.05000089 0.68441760
1463141949.83574 -261.64755649 1.79479726 -79.96225665 0.06915056 0.71247299 -0.04698627 0.69670132
1463141949.96072 -260.45761925 1.52896310 -79.98259572 0.08501469 0.70151872 -0.03898395 0.70648725
1463141950.11055 -258.97247948 1.45453960 -80.05881358 0.08708348 0.70883030 -0.01596860 0.69980074
1463141950.26056 -257.38685718 1.41607415 -80.13965111 0.12431472 0.69498188 -0.01864742 0.70795361
1463141950.41031 -255.82528251 1.13054018 -80.15769788 0.12506483 0.67647164 -0.02923229 0.72518300
1463141950.58570 -254.03383118 0.94468788 -80.11864081 0.10722252 0.67124429 -0.01424303 0.73330183
1463141950.76179 -252.12144622 0.97839798 -80.13562428 0.12443400 0.66703290 -0.03951188 0.73349990
1463141950.93479 -250.19834177 0.96589552 -80.17505307 0.11345248 0.67241736 -0.01712971 0.73122500
1463141951.11015 -248.30562519 0.87830091 -80.27188253 0.11480993 0.67328338 0.01104445 0.73033293
1463141951.30944 -246.09660925 0.69494733 -80.38195531 0.13341972 0.65768574 0.01657043 0.74119772
1463141951.48446 -244.20275292 0.48091820 -80.52705723 0.13964875 0.65641352 -0.00388886 0.74135309
1463141951.68419 -242.00135838 0.35319606 -80.66060670 0.12692648 0.64763773 0.00782846 0.75126144
1463141951.85931 -240.09179831 0.24373956 -80.87158368 0.12513808 0.66078202 0.01538968 0.73991266
1463141952.00994 -238.44115846 0.10012098 -81.07097426 0.11939921 0.66791391 0.01302872 0.73448287
1463141952.15897 -236.81791562 -0.16024759 -81.20730490 0.14548007 0.65667120 -0.00104298 0.74001175
1463141952.28409 -235.49159783 -0.38621033 -81.24763434 0.12251352 0.64059421 0.00441616 0.75803034
1463141952.45886 -233.64118097 -0.59577503 -81.34283633 0.12728854 0.63727082 0.00365313 0.76004617
1463141952.63375 -231.76689890 -0.68607761 -81.47056195 0.14203953 0.63868960 -0.01290228 0.75613088
1463141952.78362 -230.24890750 -0.81075915 -81.59578556 0.12496174 0.63864237 0.01048241 0.75921710
1463141952.95855 -228.47284755 -0.81407540 -81.79020931 0.12938235 0.64223602 0.02666179 0.75503791
1463141953.13454 -226.68002212 -0.94148232 -81.95343065 0.12583432 0.62435194 0.00674098 0.77091176
1463141953.33550 -224.73366173 -1.27013335 -82.09530855 0.12401630 0.61001418 0.02848102 0.78210709
1463141953.50846 -222.93970613 -1.30946973 -82.25900574 0.13782066 0.61528097 0.01428358 0.77603529
1463141953.70768 -220.93862183 -1.51060140 -82.40563586 0.12380543 0.62456668 0.00487665 0.77108034
1463141953.88389 -219.20556360 -1.62996728 -82.55685742 0.12663227 0.62649300 0.03729172 0.76816673
1463141954.05759 -217.40474512 -1.63311273 -82.69989679 0.13692683 0.62670239 0.01235710 0.76703485
1463141954.20757 -215.96095753 -1.87116523 -82.68096433 0.13654278 0.59794191 0.02191012 0.78951978
1463141954.38449 -214.23055882 -1.98113986 -82.62421215 0.12417390 0.59185700 0.03637410 0.79558975
1463141954.53280 -212.65323259 -1.98385320 -82.53389778 0.13242585 0.58892253 0.00807114 0.79722550
1463141954.70717 -210.88951691 -2.24048335 -82.39387949 0.11782758 0.59691884 0.00730343 0.79356866
1463141954.88210 -209.15811973 -2.45825450 -82.33181678 0.13289725 0.60350467 0.01578266 0.78604793
1463141955.03196 -207.60944229 -2.48387013 -82.28699182 0.16372717 0.61028916 0.02894052 0.77453405
1463141955.20694 -205.91660087 -2.71215209 -82.16447508 0.15430918 0.60209518 0.03147703 0.78273831
1463141955.38177 -204.23499254 -2.85139751 -82.01034454 0.14250212 0.60084468 0.04425489 0.78531542
1463141955.53159 -202.74055348 -2.84639592 -81.88489109 0.14580203 0.60622610 0.01535213 0.78166233
1463141955.68149 -201.36055540 -2.95684280 -81.77459868 0.13017017 0.60865567 0.01500172 0.78254007
1463141955.80637 -200.23783270 -3.06594319 -81.72076060 0.12246157 0.60360305 0.05020286 0.78622274
1463141955.93137 -199.04213812 -3.03928294 -81.73910450 0.13600841 0.60599349 0.05942995 0.78149963
1463141956.03167 -198.05785030 -3.02194888 -81.78267674 0.14539235 0.60678374 0.04577825 0.78011468
1463141956.23117 -196.32659715 -3.30673295 -81.84670620 0.13947525 0.58564810 0.05669475 0.79646008
1463141956.43086 -194.43533671 -3.34678489 -81.83286235 0.12909397 0.58635633 0.06376247 0.79715453
1463141956.63091 -192.50775607 -3.32894748 -81.80245364 0.10570099 0.58776827 0.03390394 0.80137774
1463141956.83350 -190.70089657 -3.67516745 -81.80902186 0.10209274 0.59280182 0.05463339 0.79698072
1463141956.98167 -189.22161922 -3.67013709 -81.87267283 0.11926590 0.60187876 0.04568272 0.78830875
1463141957.15549 -187.42648519 -3.80448171 -81.91185608 0.13584637 0.59444865 0.05040714 0.79097136
1463141957.38013 -185.35913231 -4.17181177 -81.83550900 0.13614217 0.57740633 0.07292489 0.80171641
1463141957.55540 -183.56101509 -4.15747482 -81.76739450 0.13964259 0.58946440 0.02893815 0.79510644
1463141957.73019 -181.77153091 -4.37025563 -81.69886924 0.11780201 0.60247907 0.03450616 0.78863869
1463141957.87994 -180.29544622 -4.49536572 -81.74566378 0.13507423 0.60914895 0.07334151 0.77801898
1463141958.05500 -178.42882993 -4.42620763 -81.84230583 0.14659874 0.62167174 0.05407453 0.76753436
1463141958.20473 -176.90330234 -4.62127090 -81.85350372 0.12727669 0.61124119 0.06072298 0.77877954
1463141958.37950 -175.15930369 -4.77076993 -81.82246754 0.11945834 0.59875955 0.07679155 0.78823839
1463141958.50486 -173.85293965 -4.75513724 -81.80632156 0.11560323 0.60175249 0.04405968 0.78904283
1463141958.62946 -172.52762673 -4.87841556 -81.79390793 0.10137229 0.60724163 0.03277576 0.78734174
1463141958.75503 -171.27855032 -5.13248204 -81.83432115 0.10053093 0.61897425 0.04173857 0.77783179
1463141958.85415 -170.25021672 -5.20613759 -81.90995363 0.10673973 0.64167070 0.05049327 0.75783624
1463141958.95435 -169.17304650 -5.19747786 -82.03004500 0.12226817 0.66508732 0.03781931 0.73571669
1463141959.08122 -167.80920995 -5.23098634 -82.14667821 0.11646253 0.67358527 0.03340843 0.72911127
1463141959.20575 -166.56691961 -5.48142761 -82.20209471 0.10657949 0.67628634 0.02854443 0.72832878
1463141959.30376 -165.57119334 -5.57192093 -82.20463639 0.09197167 0.67155384 0.03876096 0.73420313
1463141959.40401 -164.54617630 -5.58127404 -82.21494368 0.08758445 0.68219316 0.02201423 0.72557345
1463141959.50416 -163.51854869 -5.62334876 -82.23413367 0.07585589 0.70276106 -0.01944946 0.70710289
1463141959.65371 -162.03300482 -5.80626321 -82.20126179 0.05587929 0.70034045 -0.01716194 0.71141143
1463141959.83069 -160.36288435 -5.99161997 -82.23328160 0.05458138 0.71322216 0.01425361 0.69866434
1463141959.97879 -158.79264039 -5.95691769 -82.33215115 0.07084450 0.73381572 0.00543759 0.67562266
1463141960.15321 -157.02445487 -6.15150371 -82.37191417 0.05548719 0.74236407 0.00051547 0.66769491
1463141960.28006 -155.88471356 -6.32616857 -82.40786484 0.02547400 0.76248985 0.00555622 0.64647462
1463141960.42861 -154.48438283 -6.36839653 -82.47337083 0.04595058 0.78175124 -0.00965188 0.62182022
1463141960.60296 -152.78151986 -6.45066861 -82.55170549 0.03416507 0.80196153 -0.01849157 0.59611116
1463141960.75318 -151.47079252 -6.74646534 -82.63579329 0.04121788 0.81890699 -0.01597346 0.57222136
1463141960.87806 -150.32561571 -6.79950768 -82.74005028 0.05300130 0.83922760 -0.01717350 0.54091863
1463141961.02839 -148.84749171 -6.72228651 -82.83409519 0.05473916 0.85028682 -0.02461300 0.52288636
1463141961.17770 -147.41292554 -6.88307161 -82.82616441 0.03834118 0.84194834 -0.01021547 0.53809719
1463141961.30226 -146.27108765 -7.00122472 -82.70328419 0.02707421 0.82087018 0.01042492 0.57037747
1463141961.42852 -145.09047502 -7.00313067 -82.53865566 0.03870652 0.80376612 0.00303083 0.59367722
1463141961.55232 -143.86032617 -6.99736410 -82.38405369 0.03538693 0.79249886 -0.00383521 0.60883381
1463141961.65230 -142.92245468 -7.09809343 -82.24739901 0.01630959 0.77810260 0.01422275 0.62776433
1463141961.75218 -142.04106681 -7.27222285 -82.10256222 0.02997675 0.74856920 0.03076375 0.66166392
1463141961.87763 -140.89001023 -7.34198468 -81.96620552 0.05620619 0.72371118 0.04166606 0.68654711
1463141962.02702 -139.45723276 -7.36539831 -81.87650480 0.06927456 0.70525507 0.02232064 0.70520785
1463141962.15186 -138.32297576 -7.55867839 -81.80252306 0.05352535 0.68814029 0.01680397 0.72340556
1463141962.27681 -137.27397746 -7.77644523 -81.71520014 0.05573212 0.65877444 0.00437896 0.75026062
1463141962.37672 -136.39184315 -7.79261552 -81.63435454 0.07024425 0.61946941 0.00212371 0.78186884
1463141962.52653 -134.97199810 -7.76674270 -81.54705463 0.05797071 0.59264174 -0.02456178 0.80300179
1463141962.67655 -133.56810119 -8.00203305 -81.45382263 0.05052133 0.56023554 -0.01466055 0.82666124
1463141962.80157 -132.48552622 -8.23808936 -81.39513012 0.08114222 0.50947875 0.00656960 0.85662371
1463141963.02607 -130.43615106 -8.23289657 -81.50971276 0.07761181 0.48971447 -0.01144584 0.86834621
1463141963.27588 -128.00108631 -8.73130174 -81.40420965 0.09825023 0.47507380 0.00286919 0.87443899
1463141963.40110 -126.80658074 -8.81750131 -81.36367884 0.11073686 0.50852810 -0.02216774 0.85360712
1463141963.55077 -125.42436755 -8.85258237 -81.25264997 0.10526266 0.52645381 -0.09126398 0.83871154
1463141963.65154 -124.53477219 -8.92330169 -81.11573257 0.06192547 0.49649226 -0.10230996 0.85976354
1463141963.85074 -122.77612425 -9.17013956 -80.99810290 0.06706782 0.47506884 -0.05680949 0.87554794
1463141964.07529 -120.53624216 -9.19846019 -80.97949580 0.09419080 0.46482210 -0.04821356 0.87905856
1463141964.32535 -118.14526404 -9.66116605 -80.89287221 0.09831482 0.45259928 -0.01656385 0.88612286
1463141964.55016 -115.95423939 -9.72133577 -80.75156472 0.10872776 0.45030524 -0.05675171 0.88441094
1463141964.82498 -113.43689508 -10.07374539 -80.65201914 0.09739439 0.43612803 -0.03859385 0.89376574
1463141965.04991 -111.20009087 -10.07267883 -80.67504016 0.10608901 0.45156655 -0.06649262 0.88340903
1463141965.29970 -108.89302089 -10.46914149 -80.59811063 0.09697592 0.42604535 -0.05844480 0.89758857
1463141965.57834 -106.20697760 -10.46759270 -80.50415889 0.11316820 0.42771477 -0.07710440 0.89348080
1463141965.72440 -104.71124587 -10.66601205 -80.49468095 0.08238054 0.44900810 -0.06918393 0.88702805
1463141965.92411 -102.70747782 -10.76486355 -80.56122917 0.09117650 0.47880215 -0.06217158 0.87095926
1463141966.17460 -100.20121395 -11.04454241 -80.61361399 0.11162143 0.47893078 -0.07785111 0.86723997
1463141966.44892 -97.58014577 -11.27715951 -80.64283076 0.11807410 0.47540993 -0.07293753 0.86874854
1463141966.64883 -95.52820743 -11.31873206 -80.69949344 0.10172558 0.50189543 -0.07957098 0.85523175
1463141966.87343 -93.35675220 -11.54718568 -80.90406835 0.10974105 0.52513600 -0.05751442 0.84195081
1463141967.09834 -91.10973388 -11.66029586 -81.17693567 0.12953718 0.53645292 -0.08605383 0.82947762
1463141967.37325 -88.61946859 -12.01819936 -81.41217290 0.11382496 0.53657956 -0.07238254 0.83299881
1463141967.57313 -86.61456795 -12.00303842 -81.53916448 0.12919764 0.54388864 -0.09829244 0.82330536
1463141967.77569 -84.73316592 -12.31733184 -81.72904715 0.13139957 0.54553185 -0.08082380 0.82376979
1463141967.99789 -82.54164126 -12.28114087 -82.02774109 0.13473394 0.56027239 -0.08379849 0.81296951
1463141968.22283 -80.45874515 -12.64253292 -82.28726325 0.13694924 0.54980089 -0.08642383 0.81944787
1463141968.42252 -78.63641268 -12.67463659 -82.50532081 0.11524899 0.54861011 -0.06749975 0.82534139
1463141968.59793 -76.89410615 -12.64442005 -82.73956519 0.10468860 0.57235698 -0.08835398 0.80848089
1463141968.74700 -75.51130264 -12.89344578 -83.02664663 0.10618154 0.59554793 -0.07500765 0.79273072
1463141968.89781 -74.13453447 -12.96511898 -83.34110538 0.10418921 0.62225874 -0.05894186 0.77360489
1463141969.09693 -72.29301705 -12.91388110 -83.68753525 0.11058797 0.62431123 -0.07101419 0.77004076
1463141969.27160 -70.77524450 -13.13540851 -83.86017466 0.07749330 0.61677037 -0.06024681 0.78099899
1463141969.44664 -69.27685370 -13.16152347 -83.96166165 0.08976829 0.58937543 -0.05274205 0.80112205
1463141969.64636 -67.39428581 -13.18414782 -84.03204663 0.06163884 0.58083139 -0.07687146 0.80803857
1463141969.82301 -65.90681953 -13.59161776 -84.07390930 0.10332594 0.57320677 -0.06144001 0.81054480
1463141969.97170 -64.65173468 -13.61177102 -84.20885016 0.08771893 0.59440052 -0.04875760 0.79788227
1463141970.14879 -62.88445455 -13.65014907 -84.13122600 0.09252579 0.59361532 -0.05848429 0.79726998
1463141970.27116 -61.84017023 -13.91316358 -83.95599635 0.12284490 0.56842552 -0.02525672 0.81311971
1463141970.42108 -60.57937933 -13.97037118 -83.64584439 0.11519344 0.53929400 0.01525517 0.83406219
1463141970.57347 -59.29272261 -13.85974366 -83.25827745 0.08863956 0.53396590 -0.02386573 0.84050811
1463141970.72068 -58.03747166 -13.92613345 -82.79675669 0.06550072 0.52097012 -0.02567389 0.85067070
1463141970.84562 -57.13401762 -14.09040200 -82.39726130 0.06538362 0.48857894 -0.00292447 0.87006152
1463141970.97039 -56.18021403 -14.13033576 -81.90975759 0.07885684 0.46306161 -0.00564207 0.88279313
1463141971.07332 -55.45500919 -14.14826907 -81.56822558 0.10297808 0.43636794 -0.02349527 0.89354715
1463141971.19837 -54.58839334 -14.22255565 -80.99337865 0.09167197 0.39618506 -0.03240643 0.91300793
1463141971.29532 -53.99514319 -14.35989302 -80.45922992 0.08217502 0.35575865 -0.02757331 0.93054971
1463141971.42005 -53.34215914 -14.39318046 -79.71903962 0.06808968 0.31470927 -0.01994007 0.94653276
1463141971.62169 -52.23068708 -14.22461184 -78.33442502 0.06799352 0.28100535 -0.03509501 0.95665104
1463141971.82267 -51.36132465 -14.42116591 -76.92949954 0.08179946 0.25602267 -0.02370390 0.96291192
1463141971.99470 -50.64885504 -14.39071292 -75.55643604 0.08995023 0.22639556 -0.03305877 0.96930961
1463141972.11976 -50.21252028 -14.35567272 -74.50289694 0.10762446 0.18244441 -0.03191857 0.97678668
1463141972.24478 -49.85339080 -14.48141559 -73.41287547 0.09576368 0.13193826 -0.02204276 0.98637504
1463141972.39443 -49.57437013 -14.61312700 -72.15733274 0.07989560 0.07269449 -0.00017599 0.99414897
1463141972.57230 -49.22971256 -14.44901991 -70.60219365 0.08762386 0.03510208 -0.01160618 0.99546733
1463141972.77224 -48.94042780 -14.49415641 -68.76141527 0.07567397 0.00015567 -0.01693818 0.99698873
1463141973.01922 -48.54878728 -14.47468772 -66.49317024 0.07196617 -0.02342031 0.00800972 0.99709990
1463141973.19602 -48.38635212 -14.46127026 -64.80752266 0.08248480 -0.05940353 -0.00613034 0.99480144
1463141973.36894 -48.39144898 -14.64707859 -63.19836627 0.06253653 -0.10711332 0.01953009 0.99208593
1463141973.64370 -48.44819043 -14.38503093 -60.58613807 0.07386536 -0.12531043 0.02317672 0.98909254
1463141973.91853 -48.53598819 -14.50820227 -58.01190754 0.04633738 -0.12721253 0.04665175 0.98969361
1463141974.14326 -48.49267776 -14.42985021 -55.84132703 0.08805833 -0.12052237 0.03997355 0.98798897
1463141974.44290 -48.59009271 -14.60439336 -53.14868850 0.06562730 -0.13916817 0.05405748 0.98661191
1463141974.74289 -48.66520323 -14.38030275 -50.21891783 0.07529370 -0.12577603 0.03684327 0.98851091
1463141974.96786 -48.61789819 -14.45138413 -48.11608417 0.06091095 -0.09527687 0.05561602 0.99202774
1463141975.21763 -48.61689860 -14.34031331 -45.71096505 0.07813514 -0.10444630 0.04830663 0.99027892
1463141975.49241 -48.61751982 -14.47770882 -43.20969029 0.06606802 -0.09748734 0.06413359 0.99096827
1463141975.69206 -48.59709787 -14.33884094 -41.29539487 0.08838961 -0.07707475 0.03683729 0.99241613
1463141975.89307 -48.54683320 -14.51223460 -39.48414640 0.07245517 -0.05614892 0.05508758 0.99426501
1463141976.09177 -48.36326555 -14.37102604 -37.66294695 0.09051123 -0.02961042 0.04885212 0.99425571
1463141976.31907 -48.21204614 -14.42991253 -35.65857327 0.08378380 -0.03400482 0.05043456 0.99462571
1463141976.49148 -47.99558478 -14.45123115 -34.10682459 0.07083194 -0.01327444 0.06636271 0.99518974
1463141976.64165 -47.74087386 -14.30595876 -32.75687166 0.08998313 0.01637783 0.05107928 0.99449772
1463141976.79216 -47.45020430 -14.36745769 -31.40494064 0.08552075 0.04610079 0.04124459 0.99441430
1463141976.91640 -47.13623299 -14.49350038 -30.37839070 0.07392315 0.07456208 0.05503772 0.99294849
1463141977.04120 -46.74656391 -14.48883970 -29.36663555 0.08927769 0.10813276 0.05817143 0.98840927
1463141977.21605 -46.13463558 -14.45384426 -27.90506913 0.11130940 0.12875533 0.04048054 0.98457788
1463141977.39391 -45.50398727 -14.72211418 -26.58637902 0.12202522 0.15178487 0.04926392 0.97961434
1463141977.51570 -44.98248872 -14.77693102 -25.69647991 0.11652597 0.17917612 0.05682496 0.97523768
1463141977.64363 -44.35084897 -14.74899747 -24.82337546 0.13666358 0.22130010 0.03811610 0.96482977
1463141977.76595 -43.67615324 -14.76524408 -24.01595433 0.13912535 0.26637395 0.02333143 0.95349080
1463141977.89054 -42.97920762 -14.90195926 -23.35626484 0.13495871 0.30999558 0.02379374 0.94080962
1463141978.01558 -42.26732999 -14.96239942 -22.80645684 0.13613820 0.35343473 0.03825884 0.92470889
1463141978.11580 -41.64119023 -14.89927593 -22.46681713 0.14216157 0.39606133 0.03252120 0.90656929
1463141978.21532 -40.90682848 -14.81816378 -22.17302362 0.14620494 0.44046692 0.01249307 0.88569573
1463141978.31840 -40.22094172 -14.82773179 -21.93416263 0.13566534 0.47992624 -0.00358266 0.86674846
1463141978.41508 -39.61105745 -14.93142849 -21.77333949 0.13364180 0.51875145 -0.00774163 0.84437958
1463141978.51638 -39.04616177 -14.99120644 -21.65972328 0.12681447 0.56255440 0.00347760 0.81696912
1463141978.61516 -38.50951675 -15.00353504 -21.55918515 0.12695069 0.60390910 0.00145975 0.78687686
1463141978.71499 -37.99145052 -14.99473696 -21.44110252 0.12158990 0.64341851 -0.00402441 0.75578590
1463141978.83998 -37.39199615 -15.01658235 -21.25399673 0.11035347 0.68076200 -0.00637022 0.72411645
1463141979.06543 -36.32339798 -15.08406017 -20.92912067 0.10805134 0.71377401 0.00889884 0.69193379
1463141979.51434 -34.17725850 -14.96816741 -20.48472734 0.11218098 0.71661628 0.02603106 0.68789456
1463141979.78931 -32.95219685 -14.61943529 -20.53758003 0.10628443 0.74335587 0.01625104 0.66019814
1463141980.18917 -30.93870489 -13.51255857 -20.44534905 0.08859249 0.75759900 0.01423465 0.64652340
1463141980.38884 -30.03764350 -13.01758466 -20.49701981 0.05599159 0.78507914 0.03338914 0.61595523
1463141980.76359 -28.16866640 -12.05289934 -20.66960358 0.06649024 0.78164289 0.01268676 0.62004233
1463141980.93844 -27.34379244 -11.48279447 -20.76470605 0.01460435 0.80740292 0.00081931 0.58981910
1463141981.26614 -25.81224896 -10.66266200 -20.95347615 0.00363959 0.83393918 -0.01686857 0.55158649
1463141981.46312 -24.81637355 -10.15848521 -20.99011854 0.03117534 0.81166751 0.01831719 0.58299951
1463141981.93784 -22.28864709 -8.96778032 -21.37956186 0.05988927 0.80678596 0.01482231 0.58761381
1463141982.28803 -20.63519858 -8.02886728 -21.74724403 0.00857272 0.80962474 0.00582487 0.58685634
1463141982.58767 -19.07551193 -7.25967455 -22.11638516 0.00917301 0.82899455 0.00001926 0.55918144
1463141982.93714 -17.17124672 -6.43689334 -22.29213663 0.02050549 0.81566050 -0.00310777 0.57815898
1463141983.26325 -15.35862593 -5.52555477 -22.50082224 0.02889706 0.82653711 0.00210050 0.56213606
1463141983.56175 -13.70908676 -4.62647851 -22.58524866 0.01916730 0.80706362 0.02219986 0.58973562
1463141983.93628 -11.55293783 -3.61333204 -22.78629200 0.04746191 0.80982905 0.02936937 0.58400490
1463141984.28612 -9.58642382 -2.84407245 -23.03092273 0.03992311 0.81151550 0.01477736 0.58277814
1463141984.53592 -8.10102865 -2.68316782 -23.22917841 0.03801157 0.83134693 0.00734117 0.55440374
1463141984.86077 -5.95220317 -2.65751703 -23.43387497 0.04793212 0.82406629 0.01398263 0.56428871
1463141985.18534 -4.23769204 -2.63355225 -23.49211193 0.03600106 0.81040526 0.01192003 0.58464104
1463141985.51086 -2.48704529 -1.76574284 -23.52086849 0.03844698 0.81284457 -0.00683522 0.58117021
1463141985.73581 -1.33004654 -1.12573093 -23.47277743 0.03368584 0.78968683 0.01464588 0.61240956
1463141986.08483 0.54848575 -0.17119407 -23.47682495 0.02423162 0.78281290 0.01454367 0.62161505
1463141986.25946 1.44486515 0.22215778 -23.33887092 0.03532424 0.75325395 0.02508940 0.65630116
1463141986.43666 2.32097354 0.56323545 -23.15364061 0.03805299 0.72125653 0.01554991 0.69144717
1463141986.63442 3.35788860 0.93721796 -22.85104989 0.03678555 0.68870888 0.00869022 0.72405206
1463141986.78433 4.11029106 1.25215512 -22.54730803 0.04686275 0.64718336 -0.00869586 0.76084293
1463141986.90974 4.77394341 1.50746444 -22.19660397 0.03889238 0.60283701 0.00073865 0.79691554
1463141987.03415 5.35080068 1.62340100 -21.85096585 0.04638536 0.55743152 -0.00973921 0.82886889
1463141987.13395 5.77089231 1.65590129 -21.55241299 0.03288534 0.51864532 -0.01085360 0.85428788
1463141987.23403 6.10871972 1.65599874 -21.21315862 0.01949948 0.47832490 -0.01201025 0.87788428
1463141987.33374 6.54047550 1.70993919 -20.79986420 0.01516174 0.43714587 -0.00981939 0.89920920
1463141987.45859 6.97215222 1.71869205 -20.25544893 0.02080913 0.40291006 -0.01353166 0.91490292
1463141987.58356 7.43651575 1.66136774 -19.67108772 0.02110906 0.36670810 -0.02037567 0.92987333
1463141987.68590 7.65354324 1.54705976 -19.21118988 0.01923781 0.32637011 -0.01715584 0.94489054
1463141987.78390 7.82213081 1.44980935 -18.73137788 0.01933942 0.28751390 -0.00832773 0.95754498
1463141987.88368 7.96575623 1.42203022 -18.21469343 0.02615650 0.24926881 -0.00638278 0.96806000
1463141987.98347 8.16382081 1.45289139 -17.63078335 0.03137705 0.21331780 -0.01067345 0.97642054
1463141988.08344 8.23426562 1.46596713 -17.08806258 0.03927576 0.17352963 -0.01251205 0.98396561
1463141988.18606 8.26237132 1.43030643 -16.48844967 0.03482310 0.13019384 -0.00839860 0.99084125
1463141988.28356 8.17866842 1.37413344 -15.94783658 0.02820533 0.08058199 -0.00613615 0.99632994
1463141988.40790 8.02276938 1.35711249 -15.27695736 0.02230106 0.03511816 -0.01401594 0.99903600
1463141988.53296 7.81152618 1.45086540 -14.55055818 0.02989263 -0.00149831 -0.01637045 0.99941793
1463141988.65771 7.54351896 1.49087036 -13.76738734 0.04451087 -0.02774137 -0.01020096 0.99857155
1463141988.78262 7.11994505 1.45924141 -13.05022240 0.03946284 -0.05441603 -0.00327088 0.99773287
1463141988.90776 6.71494402 1.41364178 -12.38761881 0.03123333 -0.08443782 0.00002201 0.99593912
1463141989.03273 6.29617058 1.46191466 -11.72553923 0.02939161 -0.11065863 -0.00253498 0.99342054
1463141989.15844 5.85067448 1.55384264 -11.02726472 0.03733205 -0.13177776 0.00275928 0.99057222
1463141989.28302 5.36351213 1.57422527 -10.32498956 0.03577416 -0.14685035 0.01765973 0.98835384
1463141989.40757 4.83447961 1.52682807 -9.71589265 0.03590848 -0.15088024 0.02318734 0.98762750
1463141989.53225 4.33533411 1.50165948 -9.19758354 0.02081130 -0.15438365 0.01075504 0.98773322
1463141989.65719 3.81272630 1.55618641 -8.68436880 0.02674568 -0.15595192 0.01190836 0.98733067
1463141989.75704 3.38920480 1.61269592 -8.25813155 0.03574256 -0.14220841 0.01103816 0.98912962
1463141989.85882 2.96131130 1.60669089 -7.84921416 0.04095612 -0.12972244 0.01557841 0.99058165
1463141989.95733 2.54211798 1.52851259 -7.49824378 0.04484584 -0.10486386 0.02731576 0.99309933
1463141990.05714 2.23760367 1.45189179 -7.15281269 0.04753460 -0.08610870 0.03795215 0.99442717
1463141990.15682 1.95082309 1.43615180 -6.82325196 0.05418829 -0.06690059 0.03644666 0.99562020
1463141990.25676 1.67720954 1.48649580 -6.49203842 0.06647205 -0.04140064 0.02884512 0.99651162
1463141990.35701 1.39601860 1.53838996 -6.15493869 0.07562227 -0.01668937 0.03562298 0.99636025
1463141990.45663 1.08878071 1.56300655 -5.79352983 0.07780486 0.00479686 0.04487599 0.99594655
1463141990.55667 0.76761481 1.50811300 -5.45102224 0.08318120 0.02615376 0.06923484 0.99378237
1463141990.65644 0.46967429 1.40395671 -5.14483299 0.09049522 0.04239941 0.08727450 0.99115895
1463141990.75636 0.19886807 1.31785532 -4.84251910 0.07412001 0.05490681 0.08267499 0.99229850
1463141990.85801 -0.04199028 1.22309589 -4.56121400 0.07114234 0.07585976 0.06923542 0.99216456
1463141990.95635 -0.27897987 1.07301264 -4.29707488 0.05960915 0.07889951 0.03357130 0.99453234
1463141991.03117 -0.42146776 0.94165812 -4.11617877 0.05253357 0.10860502 0.01435692 0.99259209
1463141991.10726 -0.54459322 0.80403944 -3.94156374 0.05690323 0.13704394 0.00704093 0.98890414
1463141991.20612 -0.69969373 0.64605953 -3.71576685 0.05482495 0.15802897 0.00087124 0.98591090
1463141991.33100 -0.83524082 0.45356935 -3.48514934 0.05314107 0.18362714 -0.00052599 0.98155836
1463141991.45724 -0.93147824 0.20813578 -3.32626264 0.06328599 0.19940908 0.00775406 0.97783985
1463141991.55883 -0.97775068 -0.01865600 -3.25395936 0.07836362 0.20773946 0.01559410 0.97491553
1463141991.65580 -1.00586402 -0.23758218 -3.19593352 0.09299771 0.20831581 0.01666474 0.97348767
1463141991.78073 -1.04493165 -0.47077924 -3.11902298 0.10312955 0.19612665 0.02195847 0.97489305
1463141991.90543 -1.11331347 -0.68452740 -3.04533099 0.10957780 0.17875453 0.02029041 0.97756218
1463141992.03034 -1.23229556 -0.84957351 -2.97445625 0.11572824 0.15781192 0.02168555 0.98042445
1463141992.15546 -1.41573392 -0.95437119 -2.92652550 0.12182378 0.13706665 0.02229845 0.98278913
1463141992.25532 -1.60431904 -0.99360119 -2.91289161 0.12533192 0.11995752 0.01939756 0.98464503
1463141992.35553 -1.80728028 -0.95920975 -2.90246532 0.11930197 0.10752462 0.01674860 0.98687638
1463141992.45518 -2.01176015 -0.86126109 -2.88120113 0.10616275 0.09835126 0.01151360 0.98940585
1463141992.55514 -2.22729453 -0.71295714 -2.84069356 0.09145778 0.07863850 0.01386530 0.99260224
1463141992.63007 -2.38978121 -0.58057136 -2.80194125 0.07691667 0.05920901 0.00696030 0.99525357
1463141992.73000 -2.58435363 -0.39490951 -2.76458474 0.06439857 0.04090587 0.00069121 0.99708528
1463141992.83001 -2.73503017 -0.17594842 -2.76133198 0.05225019 0.02820421 -0.00351012 0.99822949
1463141992.93215 -2.86102511 0.07525327 -2.77374251 0.03895979 0.02403493 -0.01110145 0.99888999
1463141993.03055 -2.94355008 0.33002941 -2.80524269 0.02845022 0.01365523 -0.01487335 0.99939127
1463141993.12982 -3.01508847 0.58600584 -2.83023007 0.02022969 0.00146229 -0.01872432 0.99961894
1463141993.20481 -3.06944878 0.77457220 -2.84726019 0.01405002 -0.01490811 -0.02263643 0.99953386
1463141993.27982 -3.09889242 0.98233699 -2.86079833 0.00304228 -0.02717651 -0.01904536 0.99944457
1463141993.35530 -3.10937898 1.19661753 -2.87369619 -0.00956508 -0.04053006 -0.01611421 0.99900258
1463141993.43188 -3.09214679 1.42435434 -2.88080876 -0.02940378 -0.05410963 -0.02055663 0.99789027
1463141993.50442 -3.04058048 1.63897177 -2.88300382 -0.04830337 -0.06021259 -0.01555439 0.99689482
1463141993.57949 -2.96769527 1.82382791 -2.87960588 -0.06389106 -0.06697239 -0.01465896 0.99559919
1463141993.67941 -2.83772554 2.02434455 -2.86366101 -0.08194262 -0.07780307 -0.01502707 0.99348190
1463141993.77931 -2.67116349 2.16392935 -2.82663223 -0.09313150 -0.08812149 -0.01645348 0.99161001
1463141993.87921 -2.43957823 2.26574196 -2.76636400 -0.10471131 -0.08560895 -0.01718888 0.99066200
1463141993.97950 -2.18580906 2.32932818 -2.68443893 -0.10869302 -0.08523614 -0.01415748 0.99031318
1463141994.05402 -1.96750305 2.35006943 -2.61092804 -0.10953852 -0.08985438 -0.01809567 0.98974747
1463141994.12911 -1.75714167 2.36182222 -2.53424007 -0.10942430 -0.09693992 -0.02027139 0.98904906
1463141994.20400 -1.54239575 2.36330428 -2.45368530 -0.10606793 -0.10214784 -0.02564704 0.98876572
1463141994.27904 -1.32758789 2.34839085 -2.38072618 -0.10618662 -0.10445884 -0.03151627 0.98834178
1463141994.35410 -1.13124485 2.32977037 -2.30372503 -0.10505438 -0.10845193 -0.03744163 0.98782584
1463141994.42857 -0.94747923 2.30787374 -2.23585734 -0.10979932 -0.11058228 -0.04534073 0.98674206
1463141994.50354 -0.78873723 2.26246352 -2.17195792 -0.10649957 -0.11712693 -0.04888782 0.98617904
1463141994.60408 -0.59598519 2.18005239 -2.08573366 -0.10873324 -0.12081918 -0.05965814 0.98489630
1463141994.70352 -0.43237165 2.07540581 -1.98842321 -0.10679805 -0.11702710 -0.06646225 0.98513025
1463141994.80586 -0.27349259 1.94427962 -1.88494434 -0.10227456 -0.10259583 -0.05707368 0.98780393
1463141994.88026 -0.15635644 1.82687597 -1.80742404 -0.09552821 -0.08816197 -0.04392302 0.99054157
1463141994.95391 -0.04918205 1.69259597 -1.73609905 -0.08983465 -0.07300941 -0.03631311 0.99261308
1463141995.02984 0.04501190 1.56029163 -1.66590996 -0.08496765 -0.05979366 -0.02723417 0.99421502
1463141995.10336 0.11165257 1.43403140 -1.59609929 -0.07885218 -0.05139616 -0.01801038 0.99539761
1463141995.20365 0.18277872 1.28209129 -1.50369255 -0.07335946 -0.03672616 -0.00952730 0.99658357
1463141995.30572 0.21460645 1.13811138 -1.41656475 -0.06799041 -0.02501477 -0.01024316 0.99731973
1463141995.40289 0.22555225 1.00763017 -1.33880216 -0.06843505 -0.01439088 -0.00733399 0.99752482
1463141995.50290 0.19739821 0.86645740 -1.26537480 -0.06733687 -0.00235634 -0.00720825 0.99770148
1463141995.57836 0.16522564 0.74707744 -1.21407792 -0.06332600 0.00793085 -0.00558459 0.99794576
1463141995.65289 0.12299066 0.62533109 -1.16551823 -0.05880346 0.01666419 0.00469059 0.99811946
1463141995.72789 0.08171220 0.49536543 -1.12048282 -0.05243833 0.03091007 0.01089292 0.99808624
1463141995.80504 0.04043885 0.36568871 -1.07435849 -0.04338318 0.04313066 0.02356716 0.99784880
1463141995.87767 -0.00024122 0.23059126 -1.02514506 -0.03445531 0.05239592 0.03120118 0.99754398
1463141995.95260 -0.02887533 0.09982537 -0.97372307 -0.02715846 0.06487346 0.03468717 0.99692058
1463141996.02760 -0.05003645 -0.02966393 -0.92158576 -0.01624379 0.07383449 0.04683066 0.99603790
1463141996.10328 -0.06039791 -0.15439303 -0.87363880 -0.00589077 0.08155917 0.05073779 0.99535877
1463141996.17982 -0.07974330 -0.26642090 -0.82897140 0.00149888 0.08760876 0.05950361 0.99437507
1463141996.25255 -0.09217977 -0.36989882 -0.78784545 0.00724688 0.09320703 0.06190958 0.99369368
1463141996.32739 -0.11508132 -0.47592117 -0.74988485 0.01380806 0.09744026 0.06108742 0.99326888
1463141996.40242 -0.14753220 -0.57204358 -0.71624322 0.01826990 0.10227454 0.05691473 0.99295863
1463141996.47733 -0.20216150 -0.65239371 -0.67708917 0.02258731 0.09977667 0.05406127 0.99328335
1463141996.55446 -0.27049978 -0.72063016 -0.64120277 0.02707343 0.09836877 0.04691298 0.99367489
1463141996.62725 -0.36378809 -0.77725471 -0.60575008 0.03243871 0.09027777 0.04074774 0.99455381
1463141996.70300 -0.46821628 -0.81039733 -0.57259539 0.03339938 0.08268283 0.03496262 0.99540225
1463141996.77808 -0.57953481 -0.82272019 -0.53901759 0.03415181 0.07480937 0.03219945 0.99609257
1463141996.85193 -0.69606589 -0.81404739 -0.50894331 0.03273256 0.06647634 0.02981225 0.99680525
1463141996.92685 -0.81752469 -0.79059789 -0.48243108 0.03163444 0.05890832 0.02647186 0.99741080
1463141996.97759 -0.89938768 -0.76574658 -0.46546792 0.02949383 0.05327900 0.02567752 0.99781367
1463141997.02767 -0.98518567 -0.72872278 -0.45172211 0.02604313 0.04637044 0.02140226 0.99835539
1463141997.07776 -1.06280437 -0.67995156 -0.44172836 0.02108759 0.04273800 0.02054224 0.99865249
1463141997.12687 -1.13737778 -0.62521960 -0.43514399 0.01739645 0.03765449 0.01788895 0.99897922
1463141997.17683 -1.20735481 -0.56189607 -0.43286152 0.01356619 0.03381565 0.01594287 0.99920883
1463141997.22681 -1.26869860 -0.49403584 -0.42862198 0.00857455 0.03073581 0.01360495 0.99939817
1463141997.27756 -1.32493944 -0.41972496 -0.42548227 0.00350609 0.02886465 0.01222536 0.99950242
1463141997.32671 -1.38098775 -0.33647932 -0.42555567 0.00001467 0.02518567 0.00846171 0.99964698
1463141997.37664 -1.42763388 -0.24609424 -0.42059616 -0.00682860 0.02396229 0.00541630 0.99967487
1463141997.42896 -1.47269559 -0.15331121 -0.41917105 -0.01187974 0.02016114 0.00052636 0.99972602
1463141997.47668 -1.51156456 -0.05286212 -0.41744709 -0.02157213 0.01574745 -0.01057242 0.99958736
1463141997.52639 -1.53774216 0.05046097 -0.41939750 -0.03212752 0.01604048 -0.01447943 0.99925015
1463141997.57637 -1.55711533 0.14850277 -0.42044747 -0.03837699 0.01528328 -0.01638982 0.99901201
1463141997.62653 -1.57802686 0.24143810 -0.42003589 -0.04384673 0.01116056 -0.01593069 0.99884890
1463141997.67813 -1.59100627 0.33677519 -0.41935676 -0.05270398 0.00961776 -0.01943952 0.99837463
1463141997.72665 -1.60303271 0.42830642 -0.41867908 -0.05794547 0.00457026 -0.01786350 0.99814945
1463141997.77645 -1.60489736 0.52492712 -0.42081835 -0.06801473 0.00511784 -0.02746586 0.99729305
1463141997.82632 -1.60908873 0.62006014 -0.42187788 -0.07496797 -0.00095520 -0.02239593 0.99693396
1463141997.87619 -1.61091801 0.71380595 -0.42218391 -0.08248069 -0.00485343 -0.02045450 0.99637091
1463141997.92868 -1.61196100 0.80568457 -0.42190435 -0.09052376 -0.00998303 -0.02591837 0.99550692
1463141998.00121 -1.60353944 0.94545481 -0.42478914 -0.10494172 -0.01622083 -0.02745131 0.99396708
1463141998.07604 -1.57525157 1.07885832 -0.42651301 -0.11837218 -0.01695906 -0.02989408 0.99237431
1463141998.15118 -1.54318775 1.19951981 -0.42752477 -0.12769392 -0.02204475 -0.03535347 0.99093815
1463141998.22670 -1.49245157 1.31031511 -0.42521241 -0.13527017 -0.02403941 -0.04220778 0.98961740
1463141998.30288 -1.43421941 1.39451090 -0.41953427 -0.13046845 -0.02747324 -0.04460090 0.99006766
1463141998.37634 -1.36522573 1.46933346 -0.41492271 -0.12916748 -0.03139317 -0.04366921 0.99016323
1463141998.45079 -1.27873735 1.53234567 -0.40979187 -0.12697133 -0.03233297 -0.04550813 0.99033422
1463141998.52673 -1.18374547 1.58643395 -0.40353558 -0.12406114 -0.03375074 -0.04494677 0.99068134
1463141998.60155 -1.07175851 1.63837455 -0.40158323 -0.12253433 -0.02992422 -0.04503730 0.99099017
1463141998.65111 -0.98768669 1.66372117 -0.40077263 -0.12462223 -0.02644128 -0.04366437 0.99089030
1463141998.70070 -0.90169146 1.69190564 -0.40277539 -0.12677336 -0.02137553 -0.04895456 0.99049233
1463141998.75068 -0.81595844 1.71476139 -0.40516780 -0.12739632 -0.01688719 -0.04639429 0.99062231
1463141998.82601 -0.69413373 1.74289801 -0.40940044 -0.12677081 -0.01105299 -0.04973966 0.99062251
1463141998.90038 -0.58082312 1.74920344 -0.41147560 -0.12902957 -0.00615571 -0.05020140 0.99035009
1463141998.97588 -0.47678348 1.73787120 -0.41341452 -0.12741250 -0.00119685 -0.04963579 0.99060634
1463141999.05091 -0.37547973 1.71429391 -0.41680332 -0.12531594 0.00139666 -0.05188645 0.99075817
1463141999.12575 -0.28392957 1.67931216 -0.41588195 -0.12265007 0.00370755 -0.04521868 0.99141237
1463141999.20020 -0.18327005 1.63372437 -0.41666679 -0.11963702 0.00957491 -0.04034973 0.99195121
1463141999.27535 -0.08743701 1.57975253 -0.41736202 -0.11634596 0.01281818 -0.03791129 0.99240216
1463141999.35087 0.00653242 1.51312455 -0.41551658 -0.11060839 0.01905141 -0.03510380 0.99306120
1463141999.40017 0.06917337 1.46516264 -0.41380801 -0.10835202 0.02377442 -0.03594152 0.99317814
1463141999.45098 0.12731053 1.41207801 -0.40912719 -0.10197712 0.02829603 -0.03315706 0.99383128
1463141999.52490 0.20208196 1.32850959 -0.39839348 -0.09878110 0.03006423 -0.03397125 0.99407464
1463141999.57509 0.24199582 1.26289207 -0.39053751 -0.09296433 0.03408556 -0.03245157 0.99455654
1463141999.62581 0.27672081 1.19511436 -0.38109489 -0.08856936 0.03566213 -0.03154537 0.99493144
1463141999.67731 0.30730740 1.12506492 -0.37025223 -0.08437087 0.03885594 -0.03037625 0.99521307
1463141999.72505 0.33049952 1.05395900 -0.36318387 -0.08586205 0.04319647 -0.03264364 0.99483474
1463141999.77501 0.34906624 0.97940083 -0.35244162 -0.08170282 0.04464618 -0.03120003 0.99516729
1463141999.82477 0.36473739 0.89967466 -0.34503331 -0.08031588 0.04746216 -0.03168359 0.99513459
1463141999.87493 0.37538484 0.80846083 -0.33978600 -0.07116939 0.04705541 -0.02927858 0.99592343
1463141999.92691 0.38801032 0.71557088 -0.33752635 -0.06362008 0.04955675 -0.02807995 0.99634739
1463141999.97775 0.39493239 0.62193840 -0.33619340 -0.05621646 0.04826473 -0.02472752 0.99694472
1463142000.02484 0.40195241 0.53469707 -0.33750457 -0.04933779 0.05027901 -0.02109325 0.99729277
1463142000.07713 0.40708160 0.44901570 -0.34177875 -0.04247046 0.05200069 -0.01601875 0.99761495
1463142000.12446 0.40891063 0.36543624 -0.34827471 -0.03544884 0.05465531 -0.01347771 0.99778481
1463142000.17665 0.41014459 0.28613571 -0.35584350 -0.03049687 0.05732545 -0.01032277 0.99783625
1463142000.22451 0.41016118 0.20532646 -0.36385391 -0.02339821 0.06031411 -0.00602369 0.99788699
1463142000.27441 0.40588359 0.12443176 -0.37022982 -0.01726405 0.06231904 -0.00444171 0.99789707
1463142000.32460 0.39299676 0.04258974 -0.37447617 -0.01133223 0.06250223 -0.00683752 0.99795706
1463142000.37560 0.37378960 -0.03837802 -0.37750938 -0.00263252 0.06102551 -0.00071834 0.99813248
1463142000.44956 0.34433428 -0.14865275 -0.38233672 0.00492173 0.06137601 0.00400582 0.99809454
1463142000.49941 0.31966663 -0.21964876 -0.38593333 0.01263421 0.05913051 0.01124207 0.99810700
1463142000.57446 0.27799728 -0.31513203 -0.38883312 0.02134647 0.05715352 0.01112710 0.99807514
1463142000.64945 0.22355774 -0.40183083 -0.38962258 0.02829402 0.05615159 0.00928177 0.99797810
1463142000.72410 0.15902733 -0.48305838 -0.38776100 0.03536981 0.05275677 0.00829493 0.99794634
1463142000.80147 0.09413486 -0.55778595 -0.38951708 0.04004953 0.05480741 0.00273870 0.99768967
1463142000.87440 0.02221099 -0.62391011 -0.39308433 0.04581915 0.05180269 0.00207515 0.99760352
1463142000.95032 -0.04757619 -0.67803672 -0.40221366 0.04800516 0.05266953 -0.00340746 0.99745166
1463142001.02514 -0.12470651 -0.72107837 -0.41547634 0.05229723 0.04958413 -0.00146968 0.99739874
1463142001.09898 -0.21355739 -0.74891374 -0.43002962 0.05551402 0.04433669 -0.00106841 0.99747246
1463142001.17437 -0.31042468 -0.75903647 -0.44476310 0.05641336 0.03955263 -0.00006904 0.99762374
1463142001.24934 -0.41716304 -0.75976875 -0.45982124 0.05662232 0.03346104 0.00185159 0.99783307
1463142001.32456 -0.52877993 -0.75008378 -0.47323405 0.05731876 0.02754845 0.00201073 0.99797375
1463142001.39881 -0.64483596 -0.72453451 -0.48544978 0.05414529 0.01900985 -0.00420135 0.99834326
1463142001.47385 -0.76951158 -0.68524165 -0.49813570 0.05491319 0.00818237 -0.00606870 0.99843916
1463142001.52522 -0.85427867 -0.65337795 -0.50436698 0.05267921 0.00330118 -0.00620082 0.99858678
1463142001.57400 -0.94244843 -0.60436196 -0.51084316 0.04683353 -0.00455488 -0.00867082 0.99885469
1463142001.62383 -1.03037080 -0.55020889 -0.51670676 0.04210313 -0.01246100 -0.01094525 0.99897560
1463142001.67630 -1.11391253 -0.48929294 -0.52275870 0.03688896 -0.01935827 -0.01461423 0.99902497
1463142001.72362 -1.18832446 -0.41431191 -0.52787647 0.03020289 -0.02575108 -0.01361961 0.99911920
1463142001.77360 -1.25582314 -0.33460614 -0.52998179 0.02388708 -0.03013439 -0.01707946 0.99911442
1463142001.82455 -1.31933514 -0.24726331 -0.53218042 0.01828214 -0.03645780 -0.01868687 0.99899319
1463142001.87475 -1.37317573 -0.15683384 -0.53513173 0.01134204 -0.03991138 -0.02493026 0.99882777
1463142001.92574 -1.42545054 -0.06069276 -0.54022533 0.00617778 -0.04553217 -0.02632811 0.99859676
1463142001.97341 -1.47499823 0.04041795 -0.54510844 -0.00212349 -0.05186367 -0.02935756 0.99822031
1463142002.02332 -1.51543641 0.14338354 -0.55058114 -0.01156762 -0.05650788 -0.03103213 0.99785272
1463142002.07328 -1.55228717 0.24154206 -0.55638990 -0.01956669 -0.06185045 -0.02853744 0.99748548
1463142002.14834 -1.59896909 0.37622336 -0.56593081 -0.02842356 -0.06747139 -0.03599838 0.99666636
1463142002.22309 -1.63275441 0.50441347 -0.57437267 -0.03683603 -0.07183672 -0.04340318 0.99579052
1463142002.30013 -1.65010879 0.62904444 -0.58145568 -0.04511897 -0.07535070 -0.04509924 0.99511437
1463142002.37351 -1.64029061 0.74808387 -0.58720057 -0.05223584 -0.07470152 -0.04837243 0.99466135
1463142002.44885 -1.61607862 0.85348433 -0.59014230 -0.05271639 -0.07685682 -0.04527814 0.99461746
1463142002.52297 -1.57459560 0.95633682 -0.58702931 -0.05706518 -0.07396933 -0.04848678 0.99444514
1463142002.59780 -1.51665563 1.03827555 -0.57880260 -0.06284341 -0.07229088 -0.05231870 0.99402590
1463142002.67576 -1.44392217 1.10710049 -0.56381474 -0.06789467 -0.06875749 -0.05112607 0.99400646
1463142002.74782 -1.35131868 1.16003291 -0.54425943 -0.07326130 -0.06304085 -0.04857183 0.99413249
1463142002.82326 -1.24440798 1.19152846 -0.52032027 -0.07566082 -0.05535604 -0.04412413 0.99461762
1463142002.89773 -1.12557535 1.20939308 -0.49584420 -0.07543399 -0.04658555 -0.03900369 0.99529805
1463142002.97268 -1.00296087 1.22020978 -0.47162322 -0.07516346 -0.04055650 -0.03310845 0.99579589
1463142003.04742 -0.88095786 1.22241697 -0.44984475 -0.07329884 -0.03503744 -0.02914968 0.99626801
1463142003.12245 -0.76600906 1.21399146 -0.42806332 -0.07395059 -0.02837315 -0.02784649 0.99646919
1463142003.19859 -0.66720988 1.19687298 -0.40817678 -0.07189064 -0.02746903 -0.02757801 0.99665272
1463142003.27244 -0.57167802 1.17096445 -0.39143383 -0.06933974 -0.02364629 -0.02433202 0.99701595
1463142003.34742 -0.48477452 1.13506177 -0.37443841 -0.06538962 -0.02267779 -0.02461900 0.99729826
1463142003.42415 -0.39918382 1.09121315 -0.35810098 -0.06085465 -0.02300233 -0.02054995 0.99766994
1463142003.49731 -0.30876719 1.04336591 -0.34026458 -0.05876382 -0.01933096 -0.01610160 0.99795484
1463142003.57214 -0.22991659 0.98123182 -0.32157661 -0.05567622 -0.01940560 -0.01553572 0.99813938
1463142003.64720 -0.15265398 0.91588438 -0.30659723 -0.05281233 -0.01692038 -0.00883224 0.99842203
1463142003.72215 -0.09761945 0.84282463 -0.28713084 -0.04876787 -0.01824876 -0.00572114 0.99862703
1463142003.79903 -0.05182545 0.75944611 -0.26114958 -0.04425502 -0.01394637 -0.00321050 0.99891776
1463142003.87202 -0.01864970 0.66718293 -0.23082326 -0.03835950 -0.01226192 -0.00035671 0.99918870
1463142003.94758 0.01053103 0.57287139 -0.19742634 -0.03146921 -0.00943701 0.00160271 0.99945889
1463142004.02207 0.03412145 0.48669610 -0.16476318 -0.02708083 -0.00552117 0.00297179 0.99961358
1463142004.09772 0.05214857 0.40519795 -0.13059363 -0.02256092 -0.00271849 0.00655184 0.99972030
1463142004.17397 0.05575862 0.31916207 -0.09622189 -0.01547406 -0.00203486 0.00429008 0.99986900
1463142004.22288 0.04787222 0.25867959 -0.07399480 -0.01260916 -0.00248970 0.00038486 0.99991733
1463142004.29952 0.03201455 0.17402276 -0.04496339 -0.00849501 -0.00348034 -0.00218433 0.99995547
1463142004.47164 0.00000379 -0.00001427 0.00001828 -0.00000692 0.00001048 -0.00000013 1.00000000
