1464104601.78447 -0.28239162 -0.40765240 -0.32656450 -0.10849911 0.01330973 -0.19977558 -0.97372507
1464104601.98640 -0.32849085 -0.37161260 -0.40548516 -0.08321494 0.02805504 -0.19990201 -0.97587262
1464104602.18458 -0.38072996 -0.33976294 -0.49677113 -0.06318149 0.04781216 -0.19293951 -0.97800636
1464104602.41794 -0.42054047 -0.30184565 -0.60886221 -0.03619726 0.05715942 -0.19593524 -0.97828009
1464104603.35099 -0.39159684 -0.22454565 -0.73864177 -0.04389124 0.02428110 -0.17104347 -0.98398583
1464104603.65411 -0.36422172 -0.22340766 -0.61982317 -0.02743847 0.00742602 -0.16794100 -0.98538713
1464104603.78442 -0.35907958 -0.22260100 -0.53426021 -0.01984261 -0.00356433 -0.16269724 -0.98647006
1464104604.18435 -0.33524272 -0.27679708 -0.28865366 -0.02270002 -0.02812672 -0.18084764 -0.98284675
1464104604.58433 -0.28509044 -0.34227457 -0.08923480 -0.04583199 -0.02019470 -0.18764540 -0.98095913
1464104604.71784 -0.25432139 -0.38347608 -0.02769955 -0.06029552 -0.02149083 -0.19058976 -0.97958059
1464104604.85095 -0.22146475 -0.42780200 0.03111374 -0.07171038 -0.01873043 -0.19695018 -0.97760801
1464104604.98706 -0.19163830 -0.47258071 0.07658677 -0.08723985 -0.01780032 -0.19600545 -0.97655221
1464104605.05087 -0.17803808 -0.49712292 0.09389501 -0.10568646 -0.01717084 -0.19906227 -0.97411999
1464104605.15325 -0.15800968 -0.52941892 0.11418665 -0.13014462 -0.01774006 -0.20215361 -0.97050584
1464104605.28418 -0.13676290 -0.56259192 0.13166689 -0.15791242 -0.02198703 -0.20924532 -0.96477802
1464104605.48657 -0.11231018 -0.59831586 0.14090239 -0.17824576 -0.02604912 -0.21722164 -0.95935637
1464104605.61751 -0.09941046 -0.62919721 0.14014313 -0.20361769 -0.02582327 -0.21139114 -0.95560807
1464104606.01737 -0.07666863 -0.67516628 0.13029453 -0.25852962 -0.03888791 -0.20739107 -0.94267657
1464104606.08406 -0.08310872 -0.66498888 0.13678228 -0.25063543 -0.03537771 -0.20578765 -0.94529453
1464104606.21738 -0.10457104 -0.63781332 0.15020282 -0.22630969 -0.02686757 -0.20510820 -0.95183648
1464104606.31942 -0.12378079 -0.61060804 0.15894380 -0.20563091 -0.02010381 -0.20536367 -0.95662821
1464104606.41743 -0.14731014 -0.58103703 0.16483966 -0.18380471 -0.01574421 -0.20054816 -0.96215819
1464104606.48667 -0.16380613 -0.55618766 0.16941305 -0.16035540 -0.01105472 -0.19949892 -0.96662512
1464104606.55070 -0.18331166 -0.52879234 0.17150426 -0.13477084 -0.00667753 -0.19902335 -0.97066057
1464104606.61740 -0.20237586 -0.50409232 0.17232190 -0.11034635 0.00075987 -0.19824662 -0.97392062
1464104606.68475 -0.22118959 -0.48101940 0.16890471 -0.08609254 0.00577246 -0.19676900 -0.97664565
1464104606.78406 -0.24875215 -0.44693870 0.15606138 -0.05402159 0.00926805 -0.19302731 -0.97966128
1464104606.88407 -0.27217081 -0.41860213 0.13077429 -0.02853653 0.00808356 -0.19117334 -0.98110809
1464104606.98611 -0.29482011 -0.39392374 0.09761316 -0.00787135 0.00411802 -0.18908391 -0.98192075
1464104607.11719 -0.32287768 -0.36554062 0.04544838 0.01350459 0.00009728 -0.19250143 -0.98120376
1464104607.25053 -0.34445062 -0.33491054 -0.01563577 0.03449662 -0.00413176 -0.20001604 -0.97917644
1464104607.41736 -0.36049976 -0.29942324 -0.10343503 0.05393103 -0.00748010 -0.20361197 -0.97753652
1464104607.58398 -0.37199195 -0.28490870 -0.20804860 0.05680937 0.00199687 -0.18605053 -0.98089444
1464104607.71714 -0.37195572 -0.27634880 -0.30699541 0.05042905 0.01563694 -0.17954494 -0.98233192
1464104607.85059 -0.36207581 -0.26338530 -0.41022144 0.05217922 0.02823119 -0.17408049 -0.98294268
1464104608.01717 -0.33942076 -0.24606139 -0.51833726 0.04992797 0.04144162 -0.16964566 -0.98336674
1464104608.18379 -0.29594518 -0.22521104 -0.60320294 0.05138939 0.02979006 -0.16867100 -0.98388098
1464104608.41839 -0.23880689 -0.19650212 -0.69872269 0.04866498 0.02479471 -0.16057521 -0.98551131
1464104608.65311 -0.18119066 -0.17192418 -0.79469995 0.03994537 0.03356045 -0.14348588 -0.98827621
1464104608.88381 -0.09756149 -0.14630100 -0.86751594 0.04309360 0.02692887 -0.13831041 -0.98908443
1464104609.08374 -0.00434910 -0.13531644 -0.88246985 0.03408886 0.01036221 -0.14206973 -0.98921523
1464104609.28372 0.09587391 -0.12818034 -0.86521537 0.01359539 0.00391515 -0.13946942 -0.99012530
1464104609.48777 0.18201195 -0.12830545 -0.83829798 -0.00451029 0.01273432 -0.13246661 -0.99109540
1464104609.78355 0.25307132 -0.16718069 -0.76629197 -0.02497002 0.00451239 -0.15277859 -0.98793463
1464104610.05040 0.22348647 -0.21311194 -0.65223367 -0.05059451 -0.01327797 -0.15649386 -0.98629284
1464104610.21698 0.18656691 -0.26489053 -0.56348991 -0.06357992 -0.03045811 -0.15898792 -0.98476025
1464104610.38358 0.14010653 -0.31236125 -0.47215775 -0.06691628 -0.05284452 -0.17863255 -0.98021430
1464104610.55139 0.09577760 -0.35848214 -0.38571582 -0.09047693 -0.06536062 -0.18539668 -0.97630425
1464104610.68364 0.06090393 -0.38266106 -0.31561825 -0.10577196 -0.07488469 -0.18288415 -0.97455526
1464104610.85029 0.01557577 -0.40492718 -0.22141497 -0.12062939 -0.08331323 -0.17519452 -0.97355757
1464104611.01696 -0.02849861 -0.43349500 -0.11967060 -0.12760501 -0.08665289 -0.17467571 -0.97246935
1464104611.11677 -0.05368891 -0.45863885 -0.05953181 -0.12341666 -0.08683095 -0.17755678 -0.97247227
1464104611.25025 -0.09045483 -0.49233491 0.00760854 -0.12815747 -0.08769008 -0.18211783 -0.97093728
1464104611.35019 -0.12678620 -0.51301783 0.05112367 -0.13515207 -0.08820038 -0.17972399 -0.97038853
1464104611.45020 -0.17299877 -0.52807607 0.09477200 -0.13452741 -0.08817705 -0.17870016 -0.97066649
1464104611.51678 -0.20865920 -0.53798272 0.12312788 -0.13184719 -0.08797235 -0.17601657 -0.97154277
1464104611.58346 -0.24281254 -0.54842983 0.14786423 -0.12696705 -0.09370409 -0.17738785 -0.97140746
1464104611.65270 -0.27996280 -0.55943922 0.17052446 -0.12425510 -0.09608229 -0.18165053 -0.97073784
1464104611.71685 -0.31641720 -0.56713238 0.18999144 -0.11631954 -0.09768948 -0.18751609 -0.97044538
1464104611.78338 -0.35334301 -0.57420465 0.20522262 -0.10684612 -0.09879157 -0.19132391 -0.97067981
1464104611.85019 -0.39133513 -0.58080725 0.21657629 -0.09662369 -0.09584037 -0.19208402 -0.97189619
1464104611.95009 -0.44381741 -0.58598930 0.22620046 -0.08474231 -0.09373750 -0.19134207 -0.97335514
1464104612.05016 -0.49092906 -0.58010241 0.22867049 -0.06892051 -0.09112268 -0.18900212 -0.97530755
1464104612.15331 -0.53086756 -0.56533021 0.21816784 -0.05351421 -0.08845981 -0.18412349 -0.97745058
1464104612.28367 -0.57023354 -0.53614748 0.18512899 -0.02974233 -0.08529075 -0.18196207 -0.97914794
1464104612.41696 -0.60094265 -0.50424648 0.13424353 -0.00708949 -0.07635823 -0.17602545 -0.98139401
1464104612.55015 -0.61578197 -0.46766247 0.07008549 0.01081545 -0.06580938 -0.17373302 -0.98253193
1464104612.65460 -0.61457293 -0.44132526 0.01006689 0.01618613 -0.06416155 -0.17958098 -0.98151514
1464104612.75036 -0.60904329 -0.41688704 -0.05681994 0.02512293 -0.06014471 -0.17984265 -0.98153353
1464104612.88332 -0.59589187 -0.39758174 -0.14649743 0.02055947 -0.05509845 -0.17846944 -0.98218640
1464104613.05030 -0.58005690 -0.38334794 -0.24728247 0.01188488 -0.05224135 -0.16546318 -0.98475963
1464104613.25029 -0.56445615 -0.37724832 -0.34664088 0.00080588 -0.06084140 -0.15518207 -0.98601024
1464104613.48577 -0.56244392 -0.36928681 -0.46747260 -0.00912146 -0.06993978 -0.14904285 -0.98631205
1464104613.71649 -0.56967347 -0.35712767 -0.61105716 -0.01335706 -0.05829039 -0.13679658 -0.98879245
1464104614.01649 -0.55858866 -0.34963783 -0.76024667 -0.01072330 -0.05792950 -0.14602717 -0.98752481
1464104614.41649 -0.48999577 -0.34776674 -0.86285732 -0.02652379 -0.04584523 -0.14097258 -0.98859569
1464104614.78314 -0.40667861 -0.33209751 -0.89791139 -0.04361393 -0.02926992 -0.13512012 -0.98943603
1464104615.15262 -0.33304493 -0.31936921 -0.78395684 -0.05823897 -0.03811449 -0.13327890 -0.98863150
1464104615.38359 -0.29964484 -0.34587439 -0.63951900 -0.08501259 -0.03578716 -0.12524206 -0.98782922
1464104615.61834 -0.27585943 -0.37112005 -0.47947854 -0.08739982 -0.02985763 -0.13149316 -0.98700524
1464104615.81779 -0.26905851 -0.38004466 -0.35050550 -0.08488785 -0.02140468 -0.13754659 -0.98661889
1464104615.98548 -0.26585688 -0.38819034 -0.23657023 -0.09591504 -0.01448834 -0.14189155 -0.98511785
1464104616.11623 -0.25612403 -0.39790642 -0.13920105 -0.10932680 -0.01674331 -0.14656410 -0.98299862
1464104616.24953 -0.24797728 -0.41675977 -0.03376178 -0.11777425 -0.01021388 -0.14917957 -0.98171807
1464104616.34953 -0.24017626 -0.43483514 0.04528577 -0.11941090 -0.00605062 -0.15616664 -0.98046744
1464104616.45157 -0.22917696 -0.45296699 0.11568091 -0.12555175 -0.00645901 -0.16096901 -0.97891982
1464104616.54954 -0.21947781 -0.46357225 0.17835416 -0.12351950 -0.00583097 -0.16365895 -0.97873627
1464104616.65204 -0.21777312 -0.47172230 0.22753976 -0.11886451 -0.00538811 -0.17217301 -0.97785411
1464104616.74955 -0.20651033 -0.47354725 0.27182147 -0.11153759 -0.00461995 -0.17273849 -0.97862119
1464104617.11779 -0.22069174 -0.46657238 0.28659659 -0.09912562 -0.01310774 -0.17026460 -0.98031233
1464104617.24941 -0.23393345 -0.46653918 0.24184330 -0.10272454 -0.01580597 -0.16459077 -0.98087090
1464104617.34950 -0.24487222 -0.46286938 0.19536764 -0.10253627 -0.01976831 -0.16559102 -0.98065037
1464104617.44947 -0.25770015 -0.45647226 0.13828329 -0.10315218 -0.02460929 -0.16783628 -0.98009438
1464104617.54941 -0.27509638 -0.44899843 0.07238180 -0.10302651 -0.02472099 -0.16543595 -0.98051280
1464104617.65164 -0.29673973 -0.43479547 0.00153312 -0.08901980 -0.02434393 -0.16539795 -0.98189937
1464104617.74938 -0.31631893 -0.42074670 -0.06556050 -0.07322133 -0.02649297 -0.17576179 -0.98134833
1464104617.88267 -0.34363736 -0.40467415 -0.15096085 -0.05680762 -0.04211116 -0.19799887 -0.97764819
1464104618.01623 -0.38706436 -0.39733516 -0.22790304 -0.04179970 -0.03815346 -0.21684225 -0.97456479
1464104618.15164 -0.43015685 -0.38249883 -0.30299398 -0.01956015 -0.02202994 -0.24067226 -0.97015924
1464104618.28457 -0.47637747 -0.37055026 -0.37777761 -0.00136894 -0.00498508 -0.25979327 -0.96565042
1464104618.41604 -0.52591531 -0.37578847 -0.45602654 0.01046024 0.02278599 -0.27033421 -0.96244002
1464104618.51611 -0.55860109 -0.38473608 -0.51556698 0.01716155 0.04075594 -0.28502362 -0.95749985
1464104618.68266 -0.60731931 -0.42147836 -0.59264783 0.00950983 0.06143266 -0.31217138 -0.94798978
1464104618.84918 -0.64774411 -0.47596639 -0.63977166 -0.01723419 0.08217085 -0.32317791 -0.94260648
1464104619.08259 -0.67005089 -0.54708024 -0.66497878 -0.04496189 0.08415068 -0.32887450 -0.93954173
1464104619.28257 -0.66052808 -0.61664542 -0.67844525 -0.07767330 0.07614840 -0.36022992 -0.92650024
1464104619.44926 -0.63593505 -0.66632685 -0.68865367 -0.11785949 0.08102770 -0.40031489 -0.90514730
1464104619.65224 -0.59441919 -0.70398276 -0.69033497 -0.14507151 0.08881151 -0.45133798 -0.87599133
1464104619.84910 -0.52439925 -0.71777321 -0.68225361 -0.16186320 0.08585181 -0.49763911 -0.84781194
1464104619.98484 -0.46428130 -0.71050928 -0.68059610 -0.17221164 0.07044126 -0.49995865 -0.84582654
1464104620.11594 -0.39122751 -0.68908250 -0.68124972 -0.18034991 0.05338150 -0.47904765 -0.85740170
1464104620.24912 -0.31637782 -0.66787456 -0.68301918 -0.18305469 0.04814004 -0.45865178 -0.86822351
1464104620.41614 -0.23713203 -0.63071431 -0.67874328 -0.17673662 0.04433036 -0.41868871 -0.88966216
1464104620.58418 -0.16802059 -0.58445376 -0.66996368 -0.16152709 0.03269759 -0.38295019 -0.90894940
1464104620.74909 -0.11549622 -0.54531566 -0.66155845 -0.14188531 0.01584939 -0.33796190 -0.93026830
1464104620.94903 -0.07601872 -0.49029854 -0.64942111 -0.11884230 0.00130657 -0.30373487 -0.94531472
1464104621.11565 -0.06339958 -0.42872596 -0.63813413 -0.09349233 -0.01003002 -0.28956418 -0.95252883
1464104621.31778 -0.06407316 -0.35792917 -0.62752667 -0.07086902 -0.02728309 -0.26285505 -0.96184221
1464104621.48562 -0.07528461 -0.29222596 -0.62033579 -0.03390373 -0.03699582 -0.24984722 -0.96698408
1464104621.65128 -0.09668568 -0.22927889 -0.61581590 0.00132659 -0.04493668 -0.23541280 -0.97085516
1464104621.81807 -0.12988440 -0.16707357 -0.61368580 0.03138034 -0.05021784 -0.21675319 -0.97442881
1464104622.01562 -0.18533475 -0.10996127 -0.61531013 0.05833651 -0.05251795 -0.19500638 -0.97765599
1464104622.21683 -0.26069216 -0.07672815 -0.61542139 0.07562764 -0.04229892 -0.17855409 -0.98010698
1464104622.41603 -0.34926745 -0.09357094 -0.60033129 0.06434717 -0.03951603 -0.17203161 -0.98219298
1464104622.58227 -0.42427047 -0.14258565 -0.58588526 0.04325550 -0.04308488 -0.17517081 -0.98264329
1464104622.74873 -0.50210538 -0.19692808 -0.57699055 0.02644365 -0.04443739 -0.19430418 -0.97957743
1464104622.91537 -0.57170819 -0.25905616 -0.56848528 0.01140473 -0.03847190 -0.21511078 -0.97576493
1464104623.04904 -0.60966870 -0.31783396 -0.56394112 -0.01816205 -0.03200644 -0.22053062 -0.97468558
1464104623.21664 -0.62242136 -0.38903452 -0.56423019 -0.05974383 -0.03423236 -0.22434991 -0.97207301
1464104623.41547 -0.59958130 -0.45294425 -0.56898134 -0.08963333 -0.03893022 -0.21300479 -0.97215187
1464104623.78276 -0.52073876 -0.46485962 -0.57493585 -0.08087124 -0.05470647 -0.19295115 -0.97633852
1464104623.98509 -0.47348854 -0.42574438 -0.58822238 -0.06476857 -0.08348926 -0.19104583 -0.97587707
1464104624.21537 -0.45304809 -0.36013176 -0.62764816 -0.03401994 -0.10407370 -0.18640829 -0.97635202
1464104624.44866 -0.42555679 -0.29602294 -0.69204173 -0.00260541 -0.11592786 -0.19942702 -0.97302765
1464104624.65333 -0.41757429 -0.24851397 -0.76076184 0.02678064 -0.09878035 -0.20501899 -0.97339224
1464104624.81844 -0.40732784 -0.20067481 -0.83226888 0.04953116 -0.06131424 -0.19818135 -0.97699098
1464104624.94907 -0.39865941 -0.16185795 -0.89178244 0.06158750 -0.02036052 -0.19183851 -0.97928056
1464104625.11511 -0.36915024 -0.12581059 -0.98128768 0.07431152 0.02088182 -0.17930932 -0.98075987
1464104625.38192 -0.34542288 -0.08080627 -1.10034524 0.09767692 0.05007560 -0.18184921 -0.97718090
1464104625.78187 -0.34179413 -0.03994474 -1.25300723 0.11762230 0.06132316 -0.17679406 -0.97526833
1464104626.31705 -0.38464328 -0.04096570 -1.37252912 0.11776339 0.09358184 -0.16817094 -0.97421392
1464104626.74838 -0.48457988 -0.04038495 -1.33437709 0.13002697 0.13001955 -0.16034767 -0.96978169
1464104627.08167 -0.59850927 -0.08513773 -1.17917186 0.12513474 0.15541135 -0.15200924 -0.96802986
1464104627.21500 -0.62722707 -0.10369406 -1.11002251 0.13282729 0.16950661 -0.14688030 -0.96542768
1464104627.51495 -0.71756080 -0.15291431 -0.97227681 0.12969987 0.20156694 -0.13860301 -0.96090474
1464104627.84904 -0.82019503 -0.18693667 -0.78656988 0.12823550 0.21202024 -0.12912582 -0.96017165
1464104628.08157 -0.89929253 -0.22517414 -0.61883271 0.13113681 0.20541767 -0.13451841 -0.96047463
1464104628.31831 -0.96707547 -0.27299525 -0.47487826 0.13342236 0.20450013 -0.13848889 -0.95979112
1464104628.54818 -1.03574707 -0.30592290 -0.31892140 0.11963908 0.19746505 -0.13358375 -0.96376835
1464104628.71486 -1.05393828 -0.31736821 -0.20803295 0.10696806 0.19259035 -0.13404589 -0.96617726
1464104628.88153 -1.08918826 -0.35195676 -0.08148875 0.09492472 0.18627259 -0.13896516 -0.96797753
1464104629.04814 -1.12428791 -0.39711856 0.02849948 0.08204193 0.19166547 -0.14287314 -0.96753332
1464104629.24811 -1.16639046 -0.43290348 0.14543385 0.07524794 0.19849589 -0.13630886 -0.96765543
1464104629.41462 -1.19934088 -0.45161896 0.22321286 0.06803883 0.19602544 -0.13037321 -0.96950893
1464104629.54795 -1.23818006 -0.46661767 0.29813588 0.06545371 0.19474926 -0.12100316 -0.97115744
1464104629.68138 -1.27804610 -0.48603590 0.37345591 0.06407949 0.18221335 -0.12401269 -0.97330004
1464104629.81757 -1.32672867 -0.50564568 0.45498707 0.06679557 0.17925143 -0.12482218 -0.97356392
1464104629.94791 -1.36258407 -0.52660525 0.51444163 0.07379712 0.16887513 -0.12922746 -0.97433846
1464104630.11476 -1.40113260 -0.54462793 0.57968656 0.07565837 0.16590047 -0.13405374 -0.97405464
1464104630.28131 -1.43216514 -0.55711769 0.63795050 0.07586488 0.16977272 -0.13189949 -0.97366538
1464104630.44788 -1.45926568 -0.56838943 0.69659842 0.07242378 0.17404433 -0.12807701 -0.97368355
1464104630.58134 -1.48210814 -0.57614589 0.76077628 0.07016253 0.17453870 -0.12743579 -0.97384474
1464104630.71444 -1.48535571 -0.58358352 0.79646459 0.06914903 0.17397106 -0.12652516 -0.97413750
1464104630.84793 -1.49328671 -0.59408765 0.84014929 0.06658303 0.17200616 -0.12819176 -0.97444726
1464104630.98415 -1.50299984 -0.60433808 0.87788912 0.06620977 0.17716889 -0.12461825 -0.97401116
1464104631.15032 -1.51435837 -0.61333003 0.91497820 0.06210089 0.18244430 -0.12261953 -0.97356151
1464104631.38115 -1.53705245 -0.61946432 0.95045534 0.06291433 0.20153024 -0.11439710 -0.97074232
1464104631.71450 -1.56387303 -0.61948130 1.01445117 0.06242597 0.22770420 -0.09582163 -0.96699121
1464104631.94892 -1.59202115 -0.62583552 1.08275747 0.05138897 0.24777219 -0.08415542 -0.96378731
1464104632.31703 -1.65201812 -0.66013277 1.21150318 0.03654826 0.28709047 -0.06036287 -0.95530080
1464104632.78106 -1.74424391 -0.71413430 1.34202388 0.02279045 0.31959466 -0.07395189 -0.94438920
1464104633.14761 -1.83779335 -0.75449548 1.47174028 0.00564872 0.36223908 -0.06972736 -0.92945631
1464104633.51434 -1.91990461 -0.82079507 1.62785854 -0.00627542 0.38196024 -0.07680471 -0.92096038
1464104633.81653 -1.96227314 -0.83136567 1.76941095 0.01460423 0.34345172 -0.09563433 -0.93417434
1464104634.04754 -2.01648828 -0.83431066 1.89930328 0.03628293 0.30140638 -0.10218778 -0.94730956
1464104634.21425 -2.06777013 -0.84829659 2.00734297 0.04795357 0.25436477 -0.11883232 -0.95858119
1464104634.41468 -2.12038687 -0.88678348 2.12541658 0.05377659 0.21632627 -0.13129116 -0.96595738
1464104634.65001 -2.14620230 -0.89526822 2.24937468 0.06610130 0.18039582 -0.13776162 -0.97165308
1464104634.84747 -2.17885397 -0.88972176 2.44439323 0.08384885 0.14345415 -0.14517020 -0.97535424
1464104635.04770 -2.18248140 -0.88133860 2.63980359 0.09138164 0.11353429 -0.16062724 -0.97619581
1464104635.24734 -2.17484237 -0.91509850 2.82009048 0.10007381 0.07703295 -0.17821486 -0.97585379
1464104635.44767 -2.17743080 -0.90216151 2.99084490 0.12352843 0.03787213 -0.18828254 -0.97357902
1464104635.58081 -2.17652689 -0.88691519 3.11018627 0.13876046 -0.00342972 -0.19833337 -0.97025648
1464104635.71402 -2.16021599 -0.86326176 3.22025143 0.14956325 -0.06168815 -0.21399836 -0.96334319
1464104635.84733 -2.14610373 -0.89193351 3.34524803 0.14567979 -0.12213229 -0.24622209 -0.95038718
1464104636.01403 -2.11614633 -0.89665443 3.47358438 0.14394412 -0.16962504 -0.25014395 -0.94230326
1464104636.18059 -2.08427048 -0.87402565 3.61379384 0.14072564 -0.21025316 -0.24681908 -0.93545189
1464104636.38061 -2.04303072 -0.84828620 3.78838637 0.14758979 -0.23294317 -0.25794558 -0.92596912
1464104636.61407 -1.98400096 -0.84360286 3.99064342 0.15924545 -0.25422548 -0.25988901 -0.91786055
1464104636.78053 -1.94745555 -0.83564884 4.12197747 0.16552564 -0.28817738 -0.25603622 -0.90774474
1464104636.91396 -1.91330615 -0.81440774 4.23962200 0.16379030 -0.32515343 -0.25302788 -0.89633971
1464104637.04719 -1.88158190 -0.80222837 4.35103050 0.16815438 -0.36859444 -0.26467605 -0.87510504
1464104637.21376 -1.81699424 -0.78409169 4.45977340 0.17106364 -0.40513320 -0.27248894 -0.85577690
1464104637.41377 -1.74414971 -0.76204742 4.60226094 0.18651658 -0.43433622 -0.26681288 -0.83986576
1464104637.61377 -1.62349572 -0.68956639 4.72409273 0.18411183 -0.46343640 -0.26851413 -0.82415393
1464104637.81376 -1.46629738 -0.64474181 4.82516493 0.18126423 -0.49279666 -0.27693537 -0.80473693
1464104638.08040 -1.25901511 -0.57054515 4.93337073 0.20158520 -0.51734301 -0.27362821 -0.78539622
1464104638.31710 -1.03505097 -0.47035719 5.02585878 0.19664515 -0.55732694 -0.26799805 -0.76085111
1464104638.58067 -0.76313890 -0.41259368 5.09201929 0.20784560 -0.59513697 -0.25493458 -0.73322613
1464104638.78042 -0.55481594 -0.34289288 5.10938237 0.19919567 -0.63694624 -0.22630608 -0.70951119
1464104639.21363 -0.02418095 -0.19224473 5.12470805 0.24821378 -0.66974544 -0.19707507 -0.67155967
1464104639.58028 0.40967015 -0.01199152 5.11908606 0.26476123 -0.70074672 -0.15501389 -0.64407004
1464104639.94686 0.84776144 0.12621097 5.07861258 0.26884602 -0.71749251 -0.16078456 -0.62215323
1464104640.38005 1.39615916 0.32157557 4.96572903 0.25863734 -0.71275004 -0.14151925 -0.63644827
1464104640.78013 1.87772998 0.54020465 4.83787473 0.25991710 -0.74213613 -0.12942992 -0.60409020
1464104641.24669 2.43043306 0.76001453 4.65840641 0.24796402 -0.77059489 -0.13977619 -0.57022800
1464104641.68007 2.95782172 0.93766963 4.48839982 0.25927375 -0.75009697 -0.14060803 -0.59191304
1464104642.04657 3.40322865 1.14441671 4.37292476 0.26428798 -0.73330236 -0.14106837 -0.61034353
1464104642.34682 3.74859062 1.28970677 4.25742204 0.25452451 -0.71688458 -0.15784836 -0.62958531
1464104642.54694 3.99270690 1.40101733 4.15135669 0.24995741 -0.70167376 -0.14710397 -0.65079617
1464104642.77982 4.27636254 1.47906001 4.02449179 0.25107510 -0.68318763 -0.14866748 -0.66941313
1464104642.97981 4.50537543 1.58580342 3.92194040 0.25223488 -0.67091204 -0.13970233 -0.68318215
1464104643.14644 4.70895644 1.68091202 3.83227567 0.24700885 -0.66903072 -0.12536556 -0.68968688
1464104643.31571 4.90224950 1.74237130 3.73804239 0.25915280 -0.66595056 -0.14128431 -0.68511927
1464104643.51302 5.12273710 1.84374733 3.63256488 0.25334922 -0.65112004 -0.15453961 -0.69855163
1464104643.71307 5.35493940 1.95002878 3.52002133 0.24214422 -0.63528146 -0.14543960 -0.71877045
1464104644.01303 5.69748728 2.06288639 3.37414624 0.25489589 -0.60800085 -0.15490222 -0.73577738
1464104644.58090 6.37435812 2.33283237 3.19296611 0.25524021 -0.62109751 -0.15044912 -0.72557245
1464104644.97983 6.90778739 2.54431050 3.11236883 0.23382529 -0.61781429 -0.13384393 -0.73872664
1464104645.34636 7.37134000 2.74948245 3.06818925 0.24879718 -0.61764146 -0.14425499 -0.73199008
1464104645.68255 7.84375729 2.91100491 3.04573453 0.24927232 -0.62711630 -0.15246663 -0.72204043
1464104645.94636 8.19443337 3.08234610 3.00923346 0.24373415 -0.63179279 -0.16009326 -0.71819334
1464104646.18199 8.52444166 3.17994555 2.97316136 0.23700567 -0.63078331 -0.15465095 -0.72251215
1464104646.44613 8.85398846 3.31803684 2.94165809 0.25218142 -0.64217273 -0.15119267 -0.70792619
1464104646.71311 9.23253819 3.45484443 2.91612259 0.24582670 -0.66251287 -0.14427482 -0.69269814
1464104647.01275 9.61843181 3.60637020 2.86729370 0.24822848 -0.67773437 -0.15271838 -0.67508210
1464104647.31269 10.03087609 3.74882414 2.80161283 0.24557441 -0.67761254 -0.14050148 -0.67881794
1464104647.54621 10.32235749 3.86285976 2.76161655 0.25850372 -0.68437683 -0.14293364 -0.66661395
1464104647.71263 10.53743919 3.97000575 2.73230971 0.26502320 -0.70760205 -0.12865664 -0.64226904
1464104647.88121 10.75312274 4.04104145 2.70356440 0.27266722 -0.72136804 -0.14542148 -0.61978490
1464104648.07912 10.99335281 4.12587803 2.66227876 0.27611834 -0.73853375 -0.15161470 -0.59610363
1464104648.27929 11.23420846 4.24903093 2.60806636 0.28001279 -0.75154955 -0.14455722 -0.57954233
1464104648.44585 11.46361652 4.31065232 2.55818192 0.26132949 -0.76193771 -0.14207591 -0.57530188
1464104648.61426 11.66200992 4.37147182 2.50480769 0.26476693 -0.76850467 -0.14974605 -0.56291666
1464104648.74578 11.80761084 4.44952350 2.45338399 0.27849770 -0.77618070 -0.14797830 -0.54597159
1464104648.88205 11.96337591 4.52768692 2.39572595 0.28390070 -0.79263016 -0.13988349 -0.52112421
1464104649.01247 12.12802102 4.58435899 2.33225942 0.28553992 -0.80714109 -0.14366644 -0.49633675
1464104649.14868 12.27519493 4.62741754 2.26601348 0.28695582 -0.81700411 -0.15037338 -0.47702043
1464104649.27911 12.40949965 4.69319229 2.19521726 0.29048611 -0.82447251 -0.15880588 -0.45895926
1464104649.41240 12.54615747 4.77513641 2.11336760 0.28640015 -0.83552304 -0.15684928 -0.44189875
1464104649.54577 12.69006180 4.83851827 2.02059897 0.28881312 -0.84549123 -0.15865206 -0.42019172
1464104649.67903 12.83470050 4.87445875 1.93099774 0.28377593 -0.85278464 -0.15735174 -0.40923100
1464104649.81452 12.96330677 4.92012286 1.84478754 0.29288156 -0.85751191 -0.16491368 -0.38948324
1464104649.91241 13.05442559 4.97134844 1.77663676 0.29592785 -0.86547431 -0.16405671 -0.36941350
1464104650.01237 13.15178632 5.02355897 1.70291883 0.29196526 -0.87809906 -0.15215594 -0.34719863
1464104650.11217 13.24843975 5.06189011 1.62774239 0.29288507 -0.88848147 -0.15235863 -0.31875674
1464104650.17895 13.31049735 5.07925233 1.57800325 0.29501356 -0.89767328 -0.15347147 -0.28913007
1464104650.27902 13.40202201 5.10207994 1.50024315 0.28472270 -0.90819716 -0.15190921 -0.26652298
1464104650.37891 13.47281964 5.13365064 1.42462183 0.29506982 -0.90880194 -0.16481356 -0.24464123
1464104650.48135 13.53734336 5.17379705 1.33944172 0.29628105 -0.91370528 -0.16554212 -0.22350841
1464104650.57894 13.60061553 5.21570358 1.24410584 0.29081645 -0.92148822 -0.15594897 -0.20485404
1464104650.68205 13.66381000 5.25003731 1.14461013 0.28881508 -0.92701280 -0.14767226 -0.18821801
1464104650.81486 13.75157898 5.27232797 1.00533779 0.27642422 -0.93487875 -0.14486402 -0.16913245
1464104650.91235 13.80950019 5.28866895 0.90975499 0.26667635 -0.93864973 -0.14724945 -0.16167252
1464104651.01227 13.85472620 5.30479487 0.81710467 0.27327554 -0.93896435 -0.15551379 -0.13957756
1464104651.11231 13.89294194 5.33938302 0.71750025 0.28395830 -0.93745010 -0.16298390 -0.11828456
1464104651.21231 13.93581798 5.37980781 0.60547170 0.28134351 -0.94205277 -0.15382557 -0.09859054
1464104651.31477 13.97722336 5.39751018 0.49383725 0.27553603 -0.94655291 -0.15198809 -0.07083152
1464104651.38166 14.00178813 5.41057342 0.42110942 0.27777062 -0.94515864 -0.16726318 -0.03926403
1464104651.48479 14.04103665 5.41808269 0.31175143 0.26044523 -0.95170863 -0.16054373 -0.02539048
1464104651.57894 14.06276192 5.42424149 0.21180275 0.26711847 -0.94913612 -0.16669550 -0.00097744
1464104651.67889 14.07132206 5.43722379 0.10561963 0.26246659 -0.95163530 -0.15818482 0.02188837
1464104651.77877 14.06654348 5.45652266 -0.00361341 0.26377323 -0.95167506 -0.15030371 0.04633634
1464104651.87880 14.05605399 5.47048897 -0.12004353 0.26411396 -0.95066335 -0.14898484 0.06547155
1464104652.01208 14.03839451 5.45037316 -0.25601683 0.25685987 -0.95110317 -0.14555912 0.09076515
1464104652.14840 14.03825359 5.44326678 -0.42767190 0.24855922 -0.95237914 -0.13845487 0.10964736
1464104652.31400 14.00928387 5.43590818 -0.60302956 0.25173236 -0.94650188 -0.14544777 0.14003555
1464104652.44690 13.98579493 5.44331390 -0.75413940 0.25436907 -0.94195706 -0.14398511 0.16517132
1464104652.57866 13.93454777 5.42605196 -0.87062865 0.24693325 -0.93947000 -0.13865690 0.19285839
1464104652.71241 13.90168443 5.41801190 -1.02758260 0.23395699 -0.93737709 -0.12425016 0.22616411
1464104652.88002 13.84545152 5.39687770 -1.15864023 0.22853667 -0.92758254 -0.12867465 0.26609106
1464104653.04537 13.78400134 5.38572197 -1.29218274 0.22695454 -0.91900848 -0.12327223 0.29785736
1464104653.21199 13.69936955 5.38328235 -1.45117154 0.21681073 -0.91359422 -0.11466820 0.32432995
1464104653.34535 13.63916306 5.35104029 -1.56643565 0.20975065 -0.90378468 -0.11454849 0.35504444
1464104653.51313 13.58912238 5.30938990 -1.68667813 0.21157274 -0.89562794 -0.11712701 0.37332134
1464104653.71186 13.48648990 5.28736433 -1.85770537 0.20776832 -0.88125905 -0.12180896 0.40666619
1464104653.87862 13.40016283 5.25760563 -2.00895176 0.20563522 -0.86754201 -0.10592245 0.44030155
1464104654.01180 13.34355498 5.23090374 -2.12465599 0.18705976 -0.86063008 -0.09112779 0.46477978
1464104654.17857 13.26259658 5.21049805 -2.24909251 0.17863741 -0.84655754 -0.10535832 0.49023324
1464104654.37857 13.15324247 5.19115309 -2.37851078 0.17591415 -0.83276543 -0.09590279 0.51609942
1464104654.54514 13.00254466 5.15346915 -2.49506043 0.17181696 -0.82075207 -0.07652949 0.53943322
1464104654.71184 12.86442448 5.08295587 -2.60919034 0.16169867 -0.81331521 -0.07062875 0.55442176
1464104654.91169 12.68615940 5.02505345 -2.71624407 0.15792102 -0.79559346 -0.07578855 0.57995525
1464104655.07850 12.49690050 4.96708885 -2.80609690 0.16062919 -0.77635860 -0.05963221 0.60655551
1464104655.21173 12.34094227 4.90919856 -2.86267425 0.15678889 -0.75050360 -0.06255873 0.63894287
1464104655.37846 12.20354869 4.83682757 -2.91824734 0.14651407 -0.73437069 -0.05213656 0.66069289
1464104655.57842 12.00670662 4.77819194 -2.96325108 0.13784476 -0.71122376 -0.05242212 0.68732198
1464104655.81691 11.72710729 4.69387101 -2.98931369 0.13314206 -0.69269341 -0.03788597 0.70782320
1464104656.04731 11.46532797 4.57288061 -2.99172410 0.12425833 -0.67263373 -0.03145183 0.72878976
1464104656.21158 11.26933647 4.51451731 -2.96908177 0.12538240 -0.64502690 -0.03779776 0.75285515
1464104656.41463 11.01838781 4.42095717 -2.94548562 0.12907079 -0.61417608 -0.03496930 0.77775679
1464104656.54497 10.89927917 4.35242804 -2.93727193 0.12235767 -0.59880509 -0.02737651 0.79101934
1464104656.84490 10.54377514 4.24033031 -2.88627897 0.10942490 -0.57287107 -0.02592417 0.81189462
1464104657.57826 9.61612423 3.86350404 -2.67980009 0.13239372 -0.57422461 -0.03700038 0.80707433
1464104657.87816 9.23262085 3.70108204 -2.61583215 0.11064058 -0.57044370 -0.03838409 0.81294484
1464104658.57815 8.36385096 3.35011403 -2.43211662 0.13861681 -0.58875246 -0.05099185 0.79470482
1464104659.37797 7.30642868 2.98378749 -2.30637343 0.13158789 -0.60325481 -0.04076954 0.78556101
1464104659.91115 6.62885223 2.72698352 -2.23640529 0.16152588 -0.61315598 -0.05790019 0.77110097
1464104660.51102 5.87196959 2.42526898 -2.12669906 0.16040236 -0.62088851 -0.03442057 0.76654012
1464104660.64732 5.71070648 2.33009951 -2.09877864 0.16023452 -0.63130966 -0.04505612 0.75745822
1464104661.04441 5.17842498 2.15396119 -2.07330706 0.16703163 -0.61182846 -0.05461957 0.77122180
1464104661.37774 4.75196365 1.98269055 -2.04104213 0.15181998 -0.61080924 -0.04948500 0.77550887
1464104661.71108 4.30793064 1.82243010 -2.01014552 0.15374067 -0.61804290 -0.05040500 0.76931536
1464104661.98022 3.98167706 1.68624461 -1.98834486 0.15724437 -0.62546304 -0.05924242 0.76194523
1464104662.21081 3.66950361 1.58289636 -1.97648785 0.15669994 -0.61040922 -0.06077182 0.77404942
1464104662.41098 3.42763633 1.47715704 -1.95172012 0.13718363 -0.60635133 -0.05697358 0.78119954
1464104662.64688 3.12166608 1.37741734 -1.90405997 0.13544108 -0.59511489 -0.04018810 0.79112508
1464104662.87799 2.82062838 1.23834297 -1.84758174 0.13804843 -0.59319799 -0.01923479 0.79289898
1464104663.11077 2.54480122 1.11667236 -1.79556442 0.13368843 -0.58754363 -0.02600158 0.79764892
1464104663.27753 2.32585179 1.04882596 -1.74978700 0.13961400 -0.56127102 -0.02156053 0.81548631
1464104663.44423 2.11660983 0.96013649 -1.70310677 0.12890314 -0.54333042 -0.02098496 0.82929829
1464104663.64663 1.88835543 0.85472103 -1.64474568 0.11157315 -0.53201518 -0.03106373 0.83877669
1464104663.81318 1.67760970 0.79600669 -1.58874716 0.11194918 -0.52385757 -0.01096015 0.84434620
1464104663.98038 1.46925271 0.70910952 -1.52616773 0.11232574 -0.51478524 -0.00214514 0.84992616
1464104664.11137 1.32126426 0.63056588 -1.48399404 0.10801885 -0.51485448 0.00492903 0.85043077
1464104664.24395 1.17643739 0.56804940 -1.44342448 0.09588629 -0.50254300 0.00364912 0.85921070
1464104664.34395 1.05954539 0.52966669 -1.40892913 0.08919852 -0.48094105 0.02074770 0.87195692
1464104664.44392 0.94411051 0.49209801 -1.36703072 0.08597920 -0.45656540 0.03355925 0.88488948
1464104664.54395 0.83052119 0.45806581 -1.32700730 0.06279056 -0.43550546 0.04330173 0.89694888
1464104664.64743 0.72482532 0.42037332 -1.28363379 0.03342990 -0.40784511 0.05709566 0.91065081
1464104664.74392 0.62677519 0.38165388 -1.24469677 0.00804644 -0.37375647 0.06759941 0.92502523
1464104664.84393 0.53696734 0.35318557 -1.20128945 -0.00976491 -0.34618851 0.07076782 0.93544111
1464104664.94401 0.43901884 0.32606156 -1.14857592 -0.01001680 -0.33350717 0.07587638 0.93963579
1464104665.04399 0.34560646 0.29336084 -1.08740032 -0.00398657 -0.31380954 0.08677011 0.94550443
1464104665.14665 0.26004658 0.25233578 -1.01904087 -0.00037706 -0.28026959 0.09139879 0.95556009
1464104665.24494 0.17864368 0.20784162 -0.95224992 -0.00532481 -0.25575443 0.09898503 0.96164613
1464104665.34393 0.10659213 0.16167402 -0.89137170 -0.00916576 -0.23725391 0.10140339 0.96609726
1464104665.44399 0.04030575 0.12343557 -0.82799933 -0.01922628 -0.20383932 0.10781545 0.97285955
1464104665.54389 -0.02563920 0.09578695 -0.76008960 -0.03235166 -0.16972330 0.11449939 0.97828281
1464104665.64632 -0.09215114 0.06915989 -0.68856351 -0.03992117 -0.13811444 0.11054075 0.98341824
1464104665.71054 -0.13072809 0.04916313 -0.63592985 -0.04123319 -0.11368199 0.11341036 0.98616141
1464104665.81301 -0.19198166 0.01854957 -0.56179194 -0.05270484 -0.08624414 0.12074596 0.98752446
1464104665.87722 -0.21768521 -0.00400355 -0.50986145 -0.05789889 -0.05474532 0.13575344 0.98753313
1464104665.97993 -0.25469544 -0.03915142 -0.43786619 -0.06343255 -0.03055006 0.14400614 0.98706901
1464104666.11207 -0.29151753 -0.07891140 -0.34910446 -0.07311874 -0.01219567 0.16165525 0.98405919
1464104666.24381 -0.30895062 -0.11963712 -0.26237154 -0.06997959 0.01212351 0.17102907 0.98270287
1464104666.37721 -0.31564519 -0.16279093 -0.17185403 -0.05657626 0.02051731 0.18208181 0.98143995
1464104666.51047 -0.30764889 -0.20811378 -0.08446086 -0.03542420 0.03162503 0.19016840 0.98060235
1464104666.64656 -0.29252848 -0.24874460 0.00022329 -0.02756457 0.03829836 0.19098525 0.98045809
1464104666.74372 -0.27061083 -0.28450399 0.05941868 -0.01438947 0.04788010 0.19894652 0.97873425
1464104666.84376 -0.24582564 -0.32148321 0.11002699 -0.00355369 0.06183998 0.20575720 0.97664075
1464104666.91030 -0.22816753 -0.34467805 0.13801290 0.00757571 0.06937583 0.20934368 0.97534857
1464104667.01043 -0.20578316 -0.37678762 0.16976050 0.02186928 0.07583639 0.21502739 0.97341348
1464104667.14665 -0.18023326 -0.40929439 0.19793161 0.04173311 0.07302774 0.22483323 0.97076017
1464104667.27775 -0.15810134 -0.43030774 0.20512471 0.06849498 0.08248416 0.22631306 0.96813594
1464104667.44392 -0.14426738 -0.44725418 0.19123710 0.10497459 0.09190214 0.21267495 0.96711100
1464104667.64629 -0.14136009 -0.45343074 0.14757915 0.13108840 0.09439770 0.20853233 0.96458238
1464104667.81308 -0.15070190 -0.44341664 0.09693081 0.12687113 0.09355151 0.20697938 0.96556272
1464104667.97985 -0.17214582 -0.41878598 0.04107071 0.10498865 0.08230954 0.20280619 0.97008874
1464104668.07692 -0.18689918 -0.39989576 0.00094392 0.08900676 0.07511028 0.20347549 0.97212858
1464104668.21034 -0.20861871 -0.37212646 -0.06382966 0.06795577 0.05955133 0.20236284 0.97513329
1464104668.34354 -0.22787563 -0.34255493 -0.13404903 0.04435863 0.04398227 0.19985974 0.97783125
1464104668.51167 -0.24058233 -0.30581393 -0.22291697 0.02238512 0.03103341 0.20580932 0.97784373
1464104668.67687 -0.25159698 -0.26542381 -0.30318788 0.00005096 0.01405572 0.19977357 0.97974127
1464104668.87687 -0.25681605 -0.21638209 -0.38595095 -0.02443687 -0.00200002 0.18638110 0.98217153
1464104669.11067 -0.25225957 -0.16481741 -0.49017528 -0.04300862 -0.01342428 0.17544819 0.98345716
1464104669.74348 -0.21651932 -0.16747056 -0.56043606 -0.01547709 -0.00264120 0.17420035 0.98458505
1464104670.01053 -0.20327949 -0.18986271 -0.42268076 -0.00673873 0.00123620 0.16692129 0.98594642
1464104670.17667 -0.18759687 -0.22108653 -0.29591923 0.01483047 0.00564366 0.17719539 0.98404776
1464104670.34331 -0.17560298 -0.25639931 -0.17548044 0.02056929 0.01136917 0.17365094 0.98452679
1464104670.50981 -0.16053319 -0.28742160 -0.07055419 0.03153793 0.01377922 0.18081138 0.98291543
1464104670.64584 -0.14575369 -0.31542413 0.00612434 0.04906618 0.00960996 0.18392035 0.98166871
1464104670.77667 -0.13584670 -0.34283017 0.08332093 0.07022481 -0.00031466 0.17875572 0.98138411
1464104670.90990 -0.12659834 -0.36373250 0.15787094 0.08492005 -0.00908861 0.17233049 0.98132980
1464104671.00995 -0.11997776 -0.37889096 0.21409858 0.09308806 -0.02033120 0.16567652 0.98156637
1464104671.10999 -0.10818210 -0.39547160 0.26714259 0.09955435 -0.02760187 0.16594514 0.98070856
1464104671.20995 -0.09304557 -0.41289083 0.31298213 0.11134680 -0.03516916 0.16933053 0.97861749
1464104671.31125 -0.07457572 -0.42474680 0.35031279 0.12244966 -0.03640610 0.17277867 0.97664129
1464104671.40986 -0.05256891 -0.43111404 0.37691309 0.13420002 -0.03514804 0.17629398 0.97451291
1464104671.50997 -0.02574765 -0.42803511 0.39661325 0.13161763 -0.02277348 0.18116157 0.97434011
1464104671.60999 0.00020991 -0.42368422 0.40900050 0.13443885 -0.01112631 0.18564608 0.97331287
1464104671.70991 0.02573596 -0.41609918 0.41422884 0.13283087 0.00373771 0.18843626 0.97305384
1464104671.81347 0.04884440 -0.40738611 0.41279622 0.13214463 0.02183681 0.19099613 0.97241011
1464104671.90984 0.06872484 -0.39696297 0.40509026 0.13228254 0.03678494 0.19435418 0.97127475
1464104672.00966 0.08392231 -0.38408337 0.39110792 0.12817640 0.05311081 0.19739660 0.97045589
1464104672.14667 0.09405212 -0.36789058 0.36366664 0.11983758 0.06730015 0.19365829 0.97139390
1464104672.24641 0.09747666 -0.35233451 0.33734276 0.11445274 0.07978875 0.19381631 0.97106620
1464104672.34297 0.09535225 -0.33046892 0.30983326 0.10352774 0.09249102 0.20419260 0.96903705
1464104672.40984 0.09013637 -0.31476561 0.29000276 0.08722484 0.09964989 0.19832677 0.97114789
1464104672.50995 0.07531306 -0.29993760 0.24965256 0.06246365 0.11030733 0.19977036 0.97160815
1464104672.60969 0.06322035 -0.26861123 0.20793234 0.06046710 0.11591322 0.20250571 0.97051496
1464104672.70960 0.03976284 -0.24843338 0.16137330 0.04256002 0.12226987 0.20371918 0.97043146
1464104672.81232 0.01017558 -0.23215814 0.11728483 0.02421918 0.11946353 0.20371355 0.97141273
1464104672.90968 -0.01700898 -0.22066497 0.07545658 0.01418270 0.12395475 0.20211113 0.97138312
1464104673.04298 -0.05500675 -0.21317610 0.02233400 -0.00040062 0.11889621 0.20325128 0.97188088
1464104673.17644 -0.09269082 -0.20473548 -0.03088932 -0.00548478 0.10845697 0.20221049 0.97330258
1464104673.31145 -0.13434932 -0.19497097 -0.08335622 -0.01792518 0.10078277 0.20188094 0.97404600
1464104673.44304 -0.18009659 -0.18907334 -0.13919337 -0.03022956 0.09590671 0.20675422 0.97321157
1464104673.54299 -0.21648353 -0.19236885 -0.18367285 -0.04047614 0.08978924 0.20624829 0.97353028
1464104673.67635 -0.25237563 -0.19513222 -0.24562001 -0.05713338 0.07964461 0.21246405 0.97224047
1464104673.84296 -0.31022060 -0.21205422 -0.31089635 -0.05931068 0.06387511 0.21454551 0.97281675
1464104674.00959 -0.37200864 -0.22857900 -0.35979275 -0.05838342 0.04971646 0.22226442 0.97196614
1464104674.17619 -0.43882328 -0.25217164 -0.38340457 -0.05787156 0.02868817 0.22100917 0.97313042
1464104674.34302 -0.50534487 -0.28781226 -0.38369768 -0.05031998 0.00842842 0.21637395 0.97497650
1464104674.47974 -0.54599538 -0.32573570 -0.37409791 -0.03856771 -0.00336319 0.22064960 0.97458451
1464104674.64563 -0.57273216 -0.38165017 -0.35973380 -0.01045767 -0.01228948 0.22456328 0.97432589
1464104674.84579 -0.56752175 -0.44503725 -0.34348916 0.02497906 -0.01436530 0.22278069 0.97444264
1464104675.04411 -0.53267845 -0.49340634 -0.32430385 0.05562854 -0.01968401 0.23305996 0.97067042
1464104675.24281 -0.46868376 -0.52733256 -0.29320383 0.07842121 -0.02631734 0.25466835 0.96348406
1464104675.37608 -0.40847971 -0.54421604 -0.27127788 0.10023062 -0.01920366 0.26638416 0.95844902
1464104675.50933 -0.35405355 -0.57931306 -0.25435773 0.11611622 -0.00303156 0.26635132 0.95685151
1464104675.64535 -0.27059212 -0.55864554 -0.23012823 0.14198060 -0.00326504 0.26641604 0.95333800
1464104675.77618 -0.20498118 -0.55739093 -0.20788815 0.14937150 0.00595040 0.26200543 0.95341801
1464104675.90935 -0.15570735 -0.54532463 -0.18418031 0.13300871 0.02389358 0.25010451 0.95874163
1464104676.07593 -0.10345798 -0.49246304 -0.13948627 0.12730119 0.03746396 0.24311477 0.96087776
1464104676.20935 -0.08275629 -0.45719549 -0.11858883 0.10586367 0.04422369 0.23821714 0.96441160
1464104676.34301 -0.08129414 -0.41753118 -0.10299231 0.07749997 0.04008496 0.23152706 0.96890772
1464104676.47860 -0.09369478 -0.35495932 -0.09118407 0.05583788 0.03656292 0.22580954 0.97188237
1464104676.60935 -0.10727292 -0.32479874 -0.08263620 0.03491176 0.03431626 0.21445980 0.97550528
1464104676.74257 -0.13123135 -0.27152506 -0.07830085 0.01105630 0.02309368 0.19977274 0.97950768
1464104676.87593 -0.15334439 -0.20279117 -0.08335461 -0.01439063 0.00908737 0.18614255 0.98237533
1464104677.04486 -0.17956913 -0.15497839 -0.08500720 -0.03962870 0.00223777 0.17326990 0.98407424
1464104677.20925 -0.20471582 -0.10129255 -0.09031590 -0.05637202 -0.00363680 0.16493317 0.98468575
1464104677.54251 -0.21415068 -0.04125926 -0.10500797 -0.07961122 -0.00481855 0.15442117 0.98478065
1464104677.67581 -0.20656645 -0.08453879 -0.09108086 -0.05514258 0.00657384 0.13896678 0.98873875
1464104677.81153 -0.17896077 -0.13345526 -0.08756807 -0.02630105 0.01269164 0.12052264 0.99228094
1464104678.07575 -0.14910888 -0.17120448 -0.08946135 -0.01194390 0.02300009 0.12264289 0.99211242
1464104678.31151 -0.12269742 -0.12261022 -0.10044267 -0.02254766 0.01423630 0.11729808 0.99273868
1464104678.47877 -0.10860338 -0.07779106 -0.09164715 -0.03689516 0.00293356 0.09306581 0.99497181
1464104678.67572 -0.08288113 -0.03244120 -0.07863962 -0.04366069 -0.00455104 0.07775597 0.99600554
1464104678.84235 -0.07445621 0.00232535 -0.05600178 -0.04226532 -0.01566821 0.05363443 0.99754273
1464104679.00899 -0.04287117 0.01387426 -0.03705474 -0.02846428 -0.02463726 0.02429614 0.99899574
1464104679.27566 0.00013503 0.00011735 -0.00000032 0.00003398 -0.00003242 -0.00001054 1.00000000
