1463163683.58640 -0.00000000 -0.00000000 0.00000000 -0.00000000 0.00000000 -0.00000000 1.00000000
1463163683.91907 -0.08363414 0.00273949 -0.02479628 -0.01845008 0.02206168 0.01311721 0.99950028
1463163684.15247 -0.12616866 0.01769991 -0.03984449 -0.02555265 -0.00413477 0.01636430 0.99953098
1463163684.41923 -0.14828067 0.05060319 -0.05135181 -0.05965524 -0.02175090 0.00229084 0.99797941
1463163684.75258 -0.13124462 0.08205103 -0.04985474 -0.09454563 -0.01509591 -0.02084730 0.99518773
1463163684.98595 -0.08990088 0.08687697 -0.03599282 -0.10604046 0.01193288 -0.03381069 0.99371518
1463163685.18851 -0.04521790 0.08375627 -0.02038169 -0.09800664 0.02066842 -0.04674096 0.99387263
1463163685.38581 -0.00237330 0.08135998 -0.00602860 -0.09314734 0.01935372 -0.06663732 0.99323133
1463163685.58606 0.03486249 0.08164929 0.01034124 -0.10196685 0.03501200 -0.07552684 0.99129845
1463163685.78603 0.07141535 0.08067537 0.02796172 -0.10879501 0.04972190 -0.07389443 0.99006615
1463163685.98607 0.11296480 0.07728607 0.04707120 -0.10612276 0.05140447 -0.07787038 0.98996553
1463163686.15280 0.14937331 0.07334385 0.06334785 -0.09138651 0.04747002 -0.07599613 0.99177603
1463163686.31940 0.18722652 0.07256701 0.07480260 -0.10156215 0.05592321 -0.07001995 0.99078501
1463163686.45271 0.22006440 0.07344488 0.08296436 -0.11379261 0.06704075 -0.07179782 0.98863636
1463163686.58592 0.25773207 0.07202045 0.08951704 -0.11540299 0.07350929 -0.06978760 0.98813371
1463163686.68615 0.28873656 0.06939900 0.09291837 -0.10893477 0.07300625 -0.07183305 0.98875847
1463163686.78630 0.32069644 0.06664529 0.09576265 -0.10533619 0.06744990 -0.07760100 0.98910711
1463163686.91950 0.36284616 0.06261933 0.09827394 -0.10846291 0.07578142 -0.09396341 0.98674407
1463163687.05296 0.40081430 0.05813704 0.10256189 -0.10537633 0.09007348 -0.09914565 0.98536934
1463163687.18626 0.43481434 0.05422177 0.11016997 -0.10632022 0.11178495 -0.09901308 0.98305470
1463163687.32018 0.46634935 0.05142268 0.12146063 -0.10170648 0.12662903 -0.09644634 0.98199745
1463163687.45293 0.49785437 0.04860569 0.13475557 -0.09600350 0.13444643 -0.09695243 0.98148241
1463163687.58617 0.52839735 0.04473949 0.14914521 -0.08112588 0.13509363 -0.10013878 0.98241566
1463163687.75267 0.56319149 0.03851239 0.16357826 -0.07495280 0.13460849 -0.10721457 0.98222587
1463163687.95318 0.59745185 0.03036100 0.17850900 -0.07462227 0.13511257 -0.10556041 0.98236099
1463163688.18835 0.62859622 0.01972287 0.19956797 -0.05905119 0.12932226 -0.09756845 0.98502239
1463163688.41966 0.64991912 0.00943834 0.21977934 -0.04254910 0.12104124 -0.11242365 0.98534233
1463163688.88641 0.62921191 -0.00455826 0.25795084 -0.03217630 0.12855628 -0.11069506 0.98497948
1463163689.08617 0.59145756 -0.01186789 0.27019823 -0.02267792 0.13886010 -0.09332872 0.98564361
1463163689.28655 0.54728696 -0.01728908 0.27536321 -0.02324497 0.13562047 -0.07193010 0.98787288
1463163689.48622 0.50331348 -0.01838831 0.27648262 -0.01131925 0.10985074 -0.07789956 0.99082609
1463163689.71968 0.44960650 -0.01543426 0.27596459 -0.01371143 0.10323417 -0.07763958 0.99152751
1463163689.95307 0.39006358 -0.01792409 0.26957890 -0.01952568 0.10807265 -0.06092707 0.99208212
1463163690.18652 0.33284539 -0.02126077 0.25396034 -0.01983889 0.10064693 -0.05634924 0.99312707
1463163690.45323 0.26768291 -0.02116066 0.23151005 -0.02541338 0.10737493 -0.05489143 0.99237680
1463163690.68906 0.20685458 -0.02137413 0.21039269 -0.02787073 0.09758616 -0.05156723 0.99349936
1463163690.91994 0.15134083 -0.02119805 0.19783307 -0.01913061 0.07450642 -0.05072825 0.99574568
1463163691.21982 0.08676782 -0.01786227 0.19442991 -0.00579594 0.06912963 -0.04535883 0.99655912
1463163691.48644 0.03147917 -0.01745915 0.19223950 -0.00241398 0.06812775 -0.03808899 0.99694634
1463163691.75314 -0.01426443 -0.01205814 0.18043393 -0.00834274 0.05050102 -0.03386208 0.99811493
1463163692.01995 -0.04902072 -0.00059381 0.15911450 -0.01621509 0.03249075 -0.00470851 0.99932940
1463163692.18884 -0.06675192 0.01069840 0.14132090 -0.03078991 0.00399568 0.02352299 0.99924105
1463163692.38658 -0.07757200 0.03144481 0.12022891 -0.06010343 -0.01547592 0.04759752 0.99693658
1463163692.58672 -0.07747981 0.05253086 0.10311433 -0.09063360 -0.02484500 0.05609640 0.99399269
1463163692.88653 -0.05703768 0.06898494 0.08601846 -0.12095976 -0.03326528 0.03812934 0.99136689
1463163693.08657 -0.02655396 0.07200779 0.07663720 -0.12815694 -0.03040729 0.02306269 0.99101933
1463163693.25323 0.00787207 0.07208289 0.06789649 -0.13169350 -0.01611887 0.00729954 0.99113254
1463163693.41993 0.03977501 0.07116847 0.06264933 -0.14075985 0.00155653 0.00020330 0.99004253
1463163693.58666 0.06677075 0.07360236 0.06345855 -0.16254344 0.02337201 0.01737076 0.98627158
1463163693.75330 0.09292923 0.07380564 0.07099794 -0.17436798 0.04456649 0.02507719 0.98335180
1463163693.95350 0.12815034 0.07583459 0.08774509 -0.18060070 0.04781688 0.02447140 0.98208863
1463163694.12021 0.16195679 0.07688282 0.10154183 -0.17943751 0.04827751 0.01520788 0.98246638
1463163694.28686 0.19041592 0.07090140 0.11173260 -0.18281261 0.02416248 -0.00813728 0.98281713
1463163694.45358 0.21981149 0.06871152 0.11688474 -0.20552062 0.00809466 -0.00486618 0.97860721
1463163694.62009 0.25704512 0.06924047 0.12281953 -0.21250909 -0.00008171 0.01656362 0.97701869
1463163694.71998 0.28497015 0.07103372 0.12636338 -0.21401975 -0.01257495 0.02676940 0.97638149
1463163694.82016 0.31705733 0.07232904 0.13032151 -0.21209083 -0.01780281 0.02982368 0.97663252
1463163694.92021 0.35075381 0.07165931 0.13448454 -0.21698034 -0.01402427 0.04010858 0.97525082
1463163695.02205 0.38435748 0.07157309 0.13750674 -0.22778640 0.01117979 0.05255771 0.97222737
1463163695.12020 0.41640113 0.07211057 0.14135066 -0.24110540 0.03883112 0.08000285 0.96641599
1463163695.22022 0.44793688 0.07297457 0.14860765 -0.22991228 0.06362243 0.10602429 0.96532449
1463163695.32015 0.47943733 0.07563213 0.15876809 -0.23009889 0.07762719 0.10912043 0.96390936
1463163695.38679 0.50240901 0.07616570 0.16803876 -0.20065529 0.08988409 0.11305586 0.96895649
1463163695.45345 0.52691085 0.07720453 0.17737949 -0.20543783 0.11229235 0.07420811 0.96937035
1463163695.52243 0.55200807 0.07689294 0.18750158 -0.19881216 0.14100746 0.05525789 0.96826504
1463163695.58698 0.57656992 0.07433589 0.19741088 -0.18497088 0.16172175 0.04664105 0.96822335
1463163695.65351 0.60046402 0.07149024 0.20644966 -0.18175239 0.18212936 0.02560940 0.96599127
1463163695.75362 0.63447642 0.06782073 0.21679428 -0.18162372 0.21463227 0.02365125 0.95936773
1463163695.85591 0.66643373 0.06608278 0.22618943 -0.18123922 0.23704855 0.03743606 0.95370796
1463163695.92028 0.68852580 0.06633393 0.23159734 -0.19114983 0.26215901 0.02854057 0.94547334
1463163695.98686 0.71142732 0.06659746 0.23798113 -0.17286817 0.28194437 0.01548817 0.94360166
1463163696.08680 0.74640759 0.06810976 0.24844498 -0.16051753 0.29352508 0.00704858 0.94235210
1463163696.18903 0.78246053 0.06772259 0.25929186 -0.14558769 0.30205554 -0.00109393 0.94210694
1463163696.28703 0.81508468 0.06629605 0.27073540 -0.13863572 0.29007252 0.00207508 0.94690747
1463163696.38683 0.84551985 0.06410501 0.28147448 -0.13408208 0.28236512 0.02893788 0.94944960
1463163696.48700 0.87471035 0.06263656 0.29127128 -0.14553591 0.29014932 0.03768914 0.94509904
1463163696.58707 0.90456620 0.06341745 0.30313349 -0.15652048 0.29693615 0.02987801 0.94150813
1463163696.68988 0.93580380 0.06630943 0.31803275 -0.15405276 0.30699625 0.01109798 0.93909418
1463163696.78684 0.96842588 0.06873409 0.33562187 -0.13370944 0.31921277 0.01922756 0.93800602
1463163696.88714 1.00149568 0.06770798 0.35383754 -0.11871824 0.33170957 0.02124490 0.93564063
1463163696.98708 1.03461265 0.06176474 0.37059364 -0.10905057 0.35056036 0.01116476 0.93010255
1463163697.08704 1.06476517 0.05418873 0.38645444 -0.07692897 0.34654832 -0.01088972 0.93480886
1463163697.25377 1.11381548 0.05294862 0.40636213 -0.08773264 0.36482769 -0.00876940 0.92689095
1463163697.48705 1.19058445 0.06171563 0.43626693 -0.08230735 0.36721801 0.00656162 0.92646283
1463163697.65374 1.25136387 0.05396067 0.45389183 -0.07142462 0.38007449 -0.01561186 0.92206191
1463163697.85604 1.31963710 0.04469702 0.46626135 -0.08156934 0.41215563 -0.02762445 0.90703421
1463163698.02275 1.37813311 0.04737518 0.47491297 -0.09387916 0.45000854 -0.03521452 0.88737757
1463163698.15385 1.43244101 0.04993580 0.48330942 -0.07770728 0.49086596 -0.02099932 0.86750863
1463163698.28722 1.49094730 0.04954753 0.48892612 -0.08150425 0.53532614 -0.02539321 0.84032028
1463163698.45388 1.55638666 0.04418584 0.49175921 -0.07659486 0.57696661 -0.01848660 0.81295818
1463163698.58704 1.60354042 0.03930190 0.48770133 -0.09418744 0.61837402 -0.02704460 0.77975053
1463163698.78762 1.67743172 0.04413327 0.48446190 -0.05555411 0.64585776 0.02025806 0.76116431
1463163698.92056 1.72695420 0.04769803 0.47752255 -0.05166007 0.68062221 0.06065417 0.72828958
1463163699.08732 1.78422022 0.04342198 0.47001853 -0.00384331 0.70170639 0.11842541 0.70254451
1463163699.32042 1.85439656 0.04015203 0.45662272 -0.05347248 0.73028056 0.09564169 0.67430235
1463163699.52312 1.92102680 0.04602682 0.44293775 -0.00893014 0.75491666 0.10927202 0.64659162
1463163699.75404 2.00684775 0.04475308 0.42239723 -0.01800798 0.78050590 0.08501228 0.61907929
1463163699.98742 2.08224325 0.03939936 0.39748878 -0.01457628 0.79964775 0.07570824 0.59549918
1463163700.25409 2.17244349 0.04513844 0.36110195 0.01311976 0.81338296 0.07262324 0.57702851
1463163700.45411 2.23723862 0.03846192 0.32579512 0.02583926 0.83445337 0.06902223 0.54612804
1463163700.65410 2.29521814 0.03612304 0.29419538 0.00404716 0.85833401 0.07237289 0.50794539
1463163700.85581 2.35724743 0.04571925 0.26206217 -0.00061762 0.88051705 0.07824507 0.46751156
1463163701.05404 2.42421200 0.04746148 0.22806479 -0.00895818 0.89595153 0.06608396 0.43911675
1463163701.32100 2.50038756 0.04066619 0.18087155 0.00569596 0.89972876 0.07033873 0.43070661
1463163701.58775 2.57992453 0.05064159 0.12178277 0.03309101 0.89552738 0.05841023 0.43991356
1463163701.92067 2.66660434 0.03569666 0.03780387 0.02082140 0.89668670 0.04398303 0.43998287
1463163702.25412 2.75335048 0.04401599 -0.05557930 0.01490582 0.90560674 0.01402060 0.42362444
1463163702.58745 2.84222057 0.03182841 -0.13717023 -0.00987230 0.89179026 0.00325987 0.45232958
1463163702.78763 2.89499690 0.03647281 -0.17480568 -0.01661153 0.86273698 -0.00475718 0.50535763
1463163702.95431 2.94066989 0.04190171 -0.20693578 -0.01474313 0.83022981 -0.01677186 0.55697379
1463163703.12106 2.98238657 0.03880832 -0.23191484 -0.02964705 0.79936804 -0.00523780 0.60008695
1463163703.28741 3.02636706 0.03865203 -0.24608529 -0.04396984 0.76263794 0.00007979 0.64532939
1463163703.48769 3.08980677 0.05130319 -0.25640183 -0.05155679 0.72803095 -0.00634944 0.68357335
1463163703.58771 3.12851606 0.05365558 -0.25665032 -0.05916183 0.69712590 -0.03964899 0.71340263
1463163703.75436 3.18982899 0.05078392 -0.25154656 -0.06573689 0.66010989 -0.03573642 0.74743328
1463163703.88763 3.23063466 0.04486886 -0.24015693 -0.05680907 0.62364307 -0.03093106 0.77902845
1463163704.02282 3.27203130 0.04807516 -0.22540258 -0.05306461 0.58211586 -0.02376599 0.81102433
1463163704.15442 3.31929978 0.05170154 -0.20658204 -0.04312173 0.54345674 -0.02984201 0.83779756
1463163704.28766 3.36617964 0.04895815 -0.18172419 -0.03147026 0.49207709 -0.02712836 0.86955955
1463163704.42113 3.40445169 0.03684695 -0.15547032 -0.02787667 0.44399678 -0.03707985 0.89482670
1463163704.55423 3.43995814 0.03516500 -0.12658343 -0.03079519 0.40116772 -0.04908266 0.91417012
1463163704.72115 3.48680036 0.04973528 -0.08066762 -0.04011030 0.35638974 -0.05831055 0.93165305
1463163704.85648 3.52384089 0.05145585 -0.03381553 -0.02947158 0.31959592 -0.07039226 0.94447594
1463163705.02301 3.55995882 0.04224252 0.02181205 -0.03494677 0.28156086 -0.07078042 0.95629093
1463163705.18967 3.58613266 0.04139230 0.07745556 -0.03326676 0.22520120 -0.06779281 0.97138143
1463163705.35662 3.61455908 0.05157278 0.13927545 -0.03662934 0.17194001 -0.07629554 0.98146519
1463163705.48814 3.63714247 0.04609552 0.19346392 -0.02849292 0.13247240 -0.08564523 0.98706844
1463163705.58790 3.64643404 0.03363396 0.23309339 -0.01086699 0.09216083 -0.09841795 0.99080886
1463163705.72131 3.65222468 0.02402629 0.28517742 -0.00156935 0.04452488 -0.09529369 0.99445170
1463163705.88775 3.65671174 0.02972285 0.35671876 0.00119202 -0.00429038 -0.09562631 0.99540734
1463163706.05450 3.65583517 0.03303108 0.43309133 0.01073905 -0.04036906 -0.11003660 0.99304932
1463163706.22126 3.64958402 0.02001649 0.50381353 0.02808888 -0.06653694 -0.11165329 0.99111926
1463163706.42116 3.63670247 0.01785160 0.58135194 0.03677825 -0.10749091 -0.10139229 0.98833834
1463163706.58814 3.61977472 0.02508176 0.65316597 0.04347859 -0.15359831 -0.10013183 0.98208492
1463163706.72115 3.60131896 0.01821690 0.70833898 0.04833812 -0.19711086 -0.09465398 0.97460318
1463163706.85657 3.57840802 0.00949463 0.75403165 0.04904782 -0.24372736 -0.09238549 0.96418681
1463163707.02371 3.54697914 0.01460614 0.80959651 0.05049250 -0.29159339 -0.09220645 0.95074801
1463163707.22123 3.49897378 0.02241751 0.88172865 0.06599088 -0.32941465 -0.10363562 0.93615749
1463163707.45451 3.43967562 0.00695825 0.95976264 0.07118613 -0.35727335 -0.10644873 0.92517942
1463163707.65452 3.38597481 0.01273846 1.01707800 0.06348180 -0.39448266 -0.10054559 0.91117730
1463163707.82139 3.33161863 0.01429342 1.06889174 0.07927370 -0.42950147 -0.09308301 0.89475120
1463163707.98790 3.27525264 -0.00099295 1.11281770 0.09439132 -0.46807022 -0.07828541 0.87514110
1463163708.15464 3.22042361 -0.00469484 1.14664379 0.08761489 -0.50824825 -0.07848692 0.85313959
1463163708.38788 3.13015746 0.01111267 1.19566652 0.09492516 -0.54925843 -0.09842722 0.82438855
1463163708.68823 3.01766773 -0.00331789 1.25021917 0.09135385 -0.57572668 -0.09252272 0.80723777
1463163708.98810 2.90168673 0.00923781 1.30028385 0.08247522 -0.61365849 -0.07048248 0.78208268
1463163709.32130 2.77418080 -0.00550763 1.34877534 0.04095200 -0.64006463 -0.02352751 0.76686809
1463163709.72136 2.61398434 0.02444868 1.39869485 0.01075171 -0.63369450 -0.05821436 0.77131496
1463163709.98819 2.50548202 0.01613053 1.42504033 -0.03955063 -0.63448128 -0.00235936 0.77192208
1463163710.25484 2.39196526 0.02436891 1.45031327 -0.09128597 -0.63227047 0.06904238 0.76624675
1463163710.48825 2.29633294 0.00587676 1.47140874 -0.13972434 -0.61801310 0.11839436 0.76453887
1463163710.62208 2.24456335 0.00237659 1.48440062 -0.11717833 -0.64797130 0.05791822 0.75036519
1463163710.75500 2.18847570 0.01194645 1.49501981 -0.16744424 -0.68444534 0.05152006 0.70770240
1463163710.92174 2.11532833 0.01824889 1.51682008 -0.14109492 -0.66931497 0.04409291 0.72812465
1463163711.02429 2.07384363 0.01545389 1.53383520 -0.11397345 -0.63781660 0.03754917 0.76078256
1463163711.19064 2.01054172 0.00996172 1.55434645 -0.13441465 -0.62055721 0.06995298 0.76938159
1463163711.28828 1.97377355 0.01101889 1.56967584 -0.13536911 -0.58098031 0.08600972 0.79795953
1463163711.38835 1.93618065 0.01397752 1.58539103 -0.12297819 -0.53835258 0.09663745 0.82807854
1463163711.55513 1.87033601 0.01462408 1.60226474 -0.17762452 -0.54998686 0.10958843 0.80867444
1463163711.69031 1.82077089 0.00718085 1.61136955 -0.21518748 -0.57157545 0.12689708 0.78159643
1463163711.78841 1.78468384 -0.00033971 1.61423733 -0.26327306 -0.58720103 0.16899186 0.74654136
1463163711.92164 1.73679900 -0.00592511 1.62041647 -0.29282027 -0.58119487 0.23554857 0.72179338
1463163712.05490 1.68792044 -0.00381280 1.62670759 -0.33946486 -0.55617100 0.27983756 0.70507331
1463163712.15533 1.64889632 -0.00090777 1.63068068 -0.36111745 -0.51045612 0.32104114 0.71130958
1463163712.28856 1.60288530 -0.00070169 1.63817837 -0.37723749 -0.47947007 0.33217697 0.71934608
1463163712.38828 1.56963569 -0.00324178 1.64275376 -0.40071657 -0.46670057 0.33474881 0.71383474
1463163712.48835 1.53690107 -0.00477541 1.64603272 -0.44502718 -0.46197742 0.34182724 0.68679095
1463163712.55498 1.51475267 -0.00564166 1.64818594 -0.47137260 -0.45502314 0.36536850 0.66126218
1463163712.62211 1.49298697 -0.00565264 1.64986845 -0.51213396 -0.45512217 0.37467278 0.62466225
1463163712.69035 1.47041953 -0.00520942 1.65341665 -0.54357130 -0.43545525 0.40094448 0.59510713
1463163712.78843 1.43677788 -0.00557057 1.66165393 -0.56098009 -0.41559632 0.42592230 0.57547479
1463163712.88853 1.40443297 -0.00662837 1.66969105 -0.58376828 -0.40167301 0.42920881 0.56004749
1463163712.98834 1.37258927 -0.01077121 1.67742084 -0.60703469 -0.38244994 0.44081767 0.53937066
1463163713.08858 1.34126922 -0.01637887 1.68568214 -0.62964416 -0.35595500 0.46865111 0.50715916
1463163713.19060 1.30976667 -0.01916597 1.69457332 -0.64509559 -0.32648128 0.48828308 0.48871391
1463163713.28841 1.27693428 -0.01808603 1.70320698 -0.66117573 -0.29114895 0.50556403 0.47168205
1463163713.38850 1.24238903 -0.01686303 1.71141596 -0.68360181 -0.24870824 0.52540626 0.44134004
1463163713.45524 1.21776704 -0.01715398 1.71917787 -0.68990335 -0.19539490 0.56587319 0.40699107
1463163713.52379 1.19317717 -0.01975491 1.72800444 -0.69674297 -0.12487153 0.62506322 0.32901719
1463163713.58862 1.16999682 -0.02008332 1.73696415 -0.69502902 -0.09053302 0.63582931 0.32320199
1463163713.69056 1.13704278 -0.02335768 1.75133123 -0.68974896 -0.05664251 0.65293795 0.30774994
1463163713.78973 1.10616842 -0.02720149 1.76602644 -0.69167123 -0.02965239 0.66093958 0.28960406
1463163713.88841 1.07575168 -0.03059056 1.78308135 -0.69101272 0.01450406 0.67490970 0.25843363
1463163713.98849 1.04641522 -0.03272600 1.80226915 -0.69037415 0.05858975 0.68551368 0.22365546
1463163714.08862 1.01910968 -0.03489196 1.82404202 -0.69017560 0.09259782 0.69201885 0.19024509
1463163714.19111 0.99416571 -0.03601511 1.84837754 -0.68704393 0.11492686 0.69630592 0.17297552
1463163714.28844 0.97223820 -0.03564077 1.87281678 -0.68123212 0.15229740 0.69628453 0.16708129
1463163714.38842 0.95170096 -0.03559290 1.89786140 -0.66131006 0.20602475 0.70406459 0.15657542
1463163714.48881 0.93054898 -0.03894047 1.91990614 -0.65279901 0.23167263 0.70706190 0.14228391
1463163714.58859 0.90970290 -0.04027596 1.94180895 -0.63903115 0.26667100 0.71072573 0.12407536
1463163714.69053 0.88907779 -0.04181200 1.96625110 -0.61382299 0.29902875 0.72490154 0.09121898
1463163714.78852 0.86841035 -0.04521588 1.99296256 -0.59281858 0.31247434 0.74005621 0.05694483
1463163714.85867 0.85492131 -0.04882459 2.01128311 -0.58059298 0.31529074 0.75010950 0.02897035
1463163714.92199 0.84251448 -0.05128903 2.02951352 -0.56290615 0.31820816 0.76275001 0.00962574
1463163715.02386 0.82787751 -0.05580715 2.05397866 -0.53730827 0.32941313 0.77609614 -0.02148466
1463163715.15527 0.81045953 -0.05953808 2.07845532 -0.51663788 0.35300818 0.77832365 -0.05179605
1463163715.28876 0.79674528 -0.06199474 2.09976311 -0.49698004 0.37515644 0.77813937 -0.08226541
1463163715.42181 0.78542588 -0.06368393 2.12284889 -0.46914019 0.39804438 0.77977864 -0.11581640
1463163715.55531 0.77623748 -0.06353269 2.14567531 -0.44202645 0.41684109 0.78213781 -0.13826269
1463163715.69101 0.76623419 -0.06538039 2.16652939 -0.42414391 0.43811791 0.77686064 -0.15697829
1463163715.82194 0.75618232 -0.06937195 2.18623443 -0.38944025 0.46473104 0.77202478 -0.19062814
1463163715.95521 0.74332553 -0.07433579 2.20325691 -0.35135329 0.47509437 0.77923251 -0.20888488
1463163716.08999 0.72764429 -0.07723124 2.21705840 -0.30681072 0.49959481 0.77856872 -0.22383690
1463163716.19106 0.71261590 -0.08024778 2.22690620 -0.27311462 0.50493126 0.78405181 -0.23604151
1463163716.28862 0.69560526 -0.08565231 2.23576527 -0.23956388 0.51051141 0.78596734 -0.25346123
1463163716.38867 0.67744305 -0.09013794 2.24188584 -0.21439656 0.52028578 0.78687633 -0.25330310
1463163716.52484 0.65250232 -0.09641621 2.24608371 -0.18302696 0.54168162 0.77981477 -0.25489427
1463163716.65543 0.62895490 -0.10517370 2.25055064 -0.17100860 0.53510962 0.78259085 -0.26826350
1463163716.75554 0.61291000 -0.10858088 2.25336281 -0.14597813 0.55044786 0.77872006 -0.26323489
1463163716.82268 0.60188158 -0.10887536 2.25440495 -0.11555465 0.58210297 0.76110815 -0.26175872
1463163716.92210 0.58174284 -0.11027054 2.25631839 -0.10258130 0.60193873 0.74607056 -0.26556649
1463163717.02403 0.55782089 -0.11485028 2.25964855 -0.11445990 0.60517883 0.74240773 -0.26360628
1463163717.12233 0.53263193 -0.12124038 2.26395173 -0.12550016 0.61011560 0.73907087 -0.25648180
1463163717.19080 0.51472506 -0.12804346 2.26716703 -0.14275926 0.60595535 0.73597597 -0.26603998
1463163717.25542 0.49707657 -0.13487665 2.26800118 -0.16830887 0.62019154 0.72498013 -0.24786769
1463163717.35740 0.47447892 -0.14699754 2.27245526 -0.18119896 0.61336923 0.72967393 -0.24191132
1463163717.45607 0.45094632 -0.15862194 2.27453294 -0.21423133 0.61333882 0.71958949 -0.24517625
1463163717.55552 0.42743193 -0.16624400 2.27652527 -0.24250932 0.61144666 0.70985083 -0.25186111
1463163717.65544 0.40376812 -0.16955057 2.27918144 -0.24862977 0.60930684 0.70794118 -0.25641314
1463163717.75561 0.37790882 -0.17358488 2.27904725 -0.26928387 0.61540317 0.69411478 -0.25878528
1463163717.85797 0.35223218 -0.17931781 2.27909796 -0.27038818 0.60870186 0.69608582 -0.26802388
1463163717.95544 0.32652176 -0.18930375 2.27961412 -0.27458351 0.59032253 0.70267030 -0.28701509
1463163718.05553 0.30215682 -0.19545912 2.27787038 -0.25896346 0.60985590 0.69271154 -0.28489373
1463163718.15566 0.27750141 -0.20339296 2.27585605 -0.26683047 0.60590327 0.69115795 -0.28979894
1463163718.28903 0.24560524 -0.21131023 2.27460388 -0.25972232 0.60773877 0.69061731 -0.29367608
1463163718.42238 0.21387891 -0.21708102 2.27473676 -0.24937025 0.60940650 0.68649103 -0.30849354
1463163718.52421 0.18776405 -0.22293779 2.27464548 -0.26646517 0.60556306 0.67886208 -0.31849014
1463163718.65549 0.15124204 -0.23114766 2.27507186 -0.27302181 0.60688153 0.67542620 -0.31773157
1463163718.75564 0.12217794 -0.23907067 2.27412117 -0.28196141 0.60766038 0.66994742 -0.32002668
1463163718.88905 0.08485243 -0.24557948 2.27233971 -0.27408951 0.62061144 0.66650293 -0.30901494
1463163719.02248 0.04774947 -0.24993187 2.27056960 -0.26369890 0.61963829 0.67577914 -0.29972294
1463163719.12228 0.01820243 -0.25012122 2.26691989 -0.25201993 0.62897264 0.67959370 -0.28112590
1463163719.25571 -0.02137531 -0.25110439 2.26283703 -0.23995448 0.62443622 0.68191202 -0.29579935
1463163719.35566 -0.05110470 -0.25440560 2.25858207 -0.24077036 0.62441930 0.67409321 -0.31261559
1463163719.48890 -0.09147673 -0.25829309 2.25224390 -0.23623993 0.62413837 0.66722919 -0.33082805
1463163719.58909 -0.12013062 -0.26118584 2.25056203 -0.21990746 0.59655277 0.68811188 -0.34966776
1463163719.72238 -0.16102973 -0.25870863 2.24598900 -0.20024202 0.61723189 0.66790375 -0.36446195
1463163719.85792 -0.20123498 -0.25522071 2.24545555 -0.18681041 0.60893028 0.66640226 -0.38757426
1463163719.95572 -0.23355241 -0.24979802 2.24503850 -0.17351189 0.61425270 0.65444381 -0.40532771
1463163720.05575 -0.26785103 -0.24999425 2.24495144 -0.17839099 0.61580928 0.64232185 -0.41997408
1463163720.12237 -0.29068313 -0.25076303 2.24700127 -0.15830775 0.59163746 0.66185165 -0.43226862
1463163720.19129 -0.31707261 -0.25360920 2.24379432 -0.18126865 0.61611514 0.62641132 -0.44176087
1463163720.28923 -0.35289848 -0.25754584 2.24222065 -0.18697679 0.60306960 0.62238598 -0.46258235
1463163720.38907 -0.38745407 -0.25633951 2.24164035 -0.15446540 0.60576761 0.60768424 -0.48980191
1463163720.52499 -0.43503351 -0.25375957 2.24030843 -0.14690334 0.61264863 0.59169378 -0.50297072
1463163720.62261 -0.46902947 -0.25092370 2.24056579 -0.12253697 0.60756840 0.57826098 -0.53052763
1463163720.72260 -0.50365067 -0.24956658 2.24095172 -0.09799318 0.60050150 0.56369725 -0.55860603
1463163720.82263 -0.54010157 -0.24859031 2.24164547 -0.08355217 0.58981522 0.56400003 -0.57187499
1463163720.92258 -0.57601710 -0.24424390 2.24360807 -0.05359585 0.58507918 0.55705367 -0.58694211
1463163721.02259 -0.61250567 -0.23858387 2.24605201 -0.03192692 0.58947600 0.55300593 -0.58794826
1463163721.12266 -0.64677034 -0.23148096 2.24920882 -0.00366412 0.59661279 0.53013031 -0.60249615
1463163721.22250 -0.67815399 -0.22302274 2.25577165 0.01855952 0.58252096 0.53049454 -0.61554888
1463163721.32248 -0.71049900 -0.21416247 2.26450114 0.06045404 0.57725488 0.50899242 -0.63564836
1463163721.42259 -0.74381022 -0.20744420 2.27593089 0.08630329 0.56642871 0.49824206 -0.65074197
1463163721.52470 -0.77584180 -0.20248752 2.28969071 0.11991035 0.54255681 0.49152436 -0.67056500
1463163721.62260 -0.80529174 -0.19949150 2.30253975 0.15753824 0.51954167 0.47149649 -0.69494547
1463163721.72255 -0.83293909 -0.19619852 2.31554822 0.19014543 0.49847342 0.44930499 -0.71658495
1463163721.82254 -0.85928476 -0.18982405 2.32883545 0.23433792 0.47290116 0.42554420 -0.73509344
1463163721.92253 -0.88327777 -0.18196635 2.34590331 0.27407209 0.43772904 0.40714783 -0.75333155
1463163721.98938 -0.89745747 -0.17656044 2.35795353 0.30376584 0.40943823 0.37617854 -0.77367717
1463163722.05597 -0.91115392 -0.17260060 2.37028276 0.32931694 0.37973107 0.34279666 -0.79362782
1463163722.15603 -0.92982047 -0.16882987 2.39015091 0.35959040 0.33487515 0.31705685 -0.81118945
1463163722.25588 -0.94617347 -0.16682132 2.41092872 0.37821242 0.31128459 0.29408441 -0.82071410
1463163722.35799 -0.95966116 -0.16351658 2.43321615 0.40128717 0.27286806 0.26459282 -0.83336802
1463163722.45593 -0.97225785 -0.15726145 2.45619183 0.42352103 0.23235672 0.24261462 -0.84129569
1463163722.55608 -0.98603523 -0.14942874 2.48064339 0.44076538 0.20183023 0.20874849 -0.84936123
1463163722.62266 -0.99366523 -0.14477123 2.49800555 0.44974351 0.17524834 0.18075284 -0.85694061
1463163722.69100 -0.99954182 -0.14147461 2.51701147 0.44508509 0.15082225 0.17264300 -0.86564791
1463163722.75602 -1.00323533 -0.13961308 2.53620743 0.44685302 0.13033541 0.18364303 -0.86580038
1463163722.82277 -1.00731420 -0.14051284 2.55783291 0.43222236 0.09324344 0.19183458 -0.87617863
1463163722.88951 -1.01089031 -0.14220380 2.57857643 0.41545953 0.06552348 0.22690364 -0.87841607
1463163722.98944 -1.01798688 -0.14387142 2.60639664 0.41008169 0.04760459 0.22492424 -0.88259611
1463163723.08951 -1.02284537 -0.14321106 2.63269011 0.41692828 0.03877953 0.25612100 -0.87124566
1463163723.19149 -1.02793965 -0.14006342 2.65843984 0.42659590 0.04814361 0.29335037 -0.85419183
1463163723.25621 -1.03087947 -0.13703473 2.67477590 0.43464799 0.04745709 0.33298171 -0.83543530
1463163723.35899 -1.03920931 -0.13230229 2.70030295 0.43629578 0.07504305 0.38298741 -0.81076209
1463163723.42385 -1.04587411 -0.13007049 2.71764500 0.42831985 0.10778896 0.44752152 -0.77759124
1463163723.52494 -1.05877964 -0.12765699 2.74454196 0.41490866 0.14378125 0.49724842 -0.74827920
1463163723.58957 -1.06814145 -0.12829229 2.76381836 0.38767916 0.17646644 0.56763376 -0.70452564
1463163723.65612 -1.07701480 -0.12872699 2.78116056 0.38208659 0.18987811 0.60718313 -0.67028710
1463163723.75602 -1.09117740 -0.13005275 2.80442063 0.38756675 0.19871650 0.65263189 -0.61998015
1463163723.82263 -1.10199092 -0.13113811 2.81943432 0.36403000 0.21622402 0.70578625 -0.56797456
1463163723.92290 -1.11728073 -0.13067015 2.83920291 0.35911447 0.19901201 0.73366422 -0.54144975
1463163723.98956 -1.12823532 -0.13048478 2.85219243 0.34591767 0.19490845 0.76472457 -0.50749186
1463163724.05598 -1.13874338 -0.13015998 2.86513511 0.33856503 0.18652159 0.81122301 -0.43874895
1463163724.12291 -1.15237616 -0.12785244 2.87888901 0.30684629 0.19680896 0.83105658 -0.42006732
1463163724.22274 -1.17200303 -0.12450750 2.89891181 0.28439950 0.20138702 0.85218774 -0.39030277
1463163724.32275 -1.19086971 -0.12546855 2.91838136 0.25251342 0.20473193 0.87828573 -0.35062227
1463163724.42279 -1.21066016 -0.12747115 2.93736204 0.22460354 0.20945959 0.89403934 -0.32614965
1463163724.52512 -1.23072337 -0.13006720 2.95459186 0.19241029 0.21572024 0.91026917 -0.29640024
1463163724.62279 -1.25178018 -0.13095148 2.97032200 0.15654657 0.21990784 0.92753401 -0.25848476
1463163724.72283 -1.27346352 -0.13016013 2.98628307 0.12671631 0.20736502 0.94708453 -0.20969888
1463163724.82353 -1.29370651 -0.12604563 3.00023568 0.10203052 0.19894868 0.95953601 -0.17117198
1463163724.92292 -1.31677328 -0.12099538 3.01486521 0.07598761 0.19036378 0.97183549 -0.11628971
1463163725.02595 -1.34127247 -0.11808712 3.02941906 0.05415237 0.17380999 0.98006973 -0.07950434
1463163725.12329 -1.36616882 -0.11830594 3.04363894 0.02937499 0.14334027 0.98895843 -0.02349242
1463163725.25626 -1.40022383 -0.12043891 3.06051653 0.00315175 0.11450054 0.99332146 0.01386234
1463163725.38958 -1.43236826 -0.12035322 3.07416175 -0.02081841 0.09255972 0.99426610 0.04933771
1463163725.48962 -1.45695869 -0.11706414 3.08442737 -0.05192977 0.07265250 0.99322980 0.07429322
1463163725.62283 -1.49313588 -0.10862555 3.10047418 -0.09076261 0.07125210 0.98516615 0.12701549
1463163725.72289 -1.52193755 -0.10601004 3.11022449 -0.13284130 0.04861376 0.97454636 0.17392323
1463163725.82285 -1.55244569 -0.10418338 3.12071288 -0.16610642 0.04453483 0.96410808 0.20228921
1463163725.92304 -1.58462688 -0.10435883 3.12838577 -0.21399037 0.02450522 0.94700747 0.23829491
1463163726.02505 -1.61504294 -0.10399753 3.13535039 -0.25068163 0.01117508 0.93321577 0.25718118
1463163726.15645 -1.65313943 -0.10131317 3.14084290 -0.28937023 -0.01060341 0.91609729 0.27734128
1463163726.25646 -1.68253942 -0.09775379 3.14607952 -0.31539530 -0.03661296 0.89772309 0.30541538
1463163726.35842 -1.71450816 -0.09539826 3.15203258 -0.34546904 -0.06656608 0.88081969 0.31682295
1463163726.48982 -1.75335237 -0.09465343 3.15844046 -0.37420418 -0.09384892 0.86056649 0.33254915
1463163726.58969 -1.78135816 -0.09270184 3.16452195 -0.38640648 -0.09340801 0.84538794 0.35676912
1463163726.72405 -1.81801928 -0.09129187 3.17053715 -0.40787516 -0.10556208 0.82720012 0.37179897
1463163726.85908 -1.85438763 -0.08815224 3.17628195 -0.42465576 -0.14548867 0.79374957 0.41044141
1463163726.98981 -1.88897717 -0.08187992 3.18201784 -0.44422977 -0.17387360 0.76548914 0.43180349
1463163727.12320 -1.92413360 -0.07708932 3.19008582 -0.45203598 -0.20065525 0.74401011 0.44927708
1463163727.25652 -1.95911612 -0.07729065 3.19807385 -0.44206056 -0.23504130 0.72566953 0.47195528
1463163727.35902 -1.98561547 -0.08018114 3.20049907 -0.45367623 -0.27485245 0.70555334 0.46992393
1463163727.49266 -2.01588054 -0.07819064 3.20339894 -0.45037060 -0.31045256 0.66618063 0.50694072
1463163727.62310 -2.04858643 -0.07190273 3.20447414 -0.45202649 -0.35329876 0.61095341 0.54551624
1463163727.75641 -2.08480473 -0.06510671 3.20050908 -0.46927913 -0.38459894 0.56708349 0.55702519
1463163727.88965 -2.12439735 -0.06281258 3.19626696 -0.48017983 -0.40750590 0.53774319 0.56053415
1463163728.02505 -2.16245486 -0.06148376 3.19110754 -0.49636745 -0.41313853 0.51737042 0.56148354
1463163728.15665 -2.19537008 -0.05835154 3.18511607 -0.51407703 -0.42380254 0.48141789 0.56952000
1463163728.28987 -2.22559357 -0.05138069 3.17690621 -0.53905349 -0.43177842 0.44162916 0.57267130
1463163728.42317 -2.25672378 -0.04185086 3.16767891 -0.55719501 -0.45192334 0.39696059 0.57246948
1463163728.55660 -2.28926785 -0.03469112 3.15963056 -0.56407921 -0.47666962 0.35852969 0.57101417
1463163728.65667 -2.31342565 -0.03062998 3.15354953 -0.57131332 -0.50035223 0.32726290 0.56227015
1463163728.78989 -2.34058176 -0.02555473 3.14459326 -0.58338039 -0.52469273 0.27758500 0.55435677
1463163728.92334 -2.36371303 -0.02138904 3.13312173 -0.59413424 -0.54740540 0.23865727 0.53888269
1463163729.02521 -2.37817534 -0.01588477 3.12379536 -0.61277102 -0.56421894 0.20871988 0.51244968
1463163729.15664 -2.39626711 -0.00606714 3.11330909 -0.63408345 -0.57999388 0.18238487 0.47778765
1463163729.32348 -2.42095602 0.00999075 3.10454989 -0.63852221 -0.59618837 0.15190558 0.46235647
1463163729.45649 -2.43946076 0.02239427 3.09954010 -0.64415612 -0.61044263 0.10702667 0.44829453
1463163729.59008 -2.45623694 0.03334555 3.09914491 -0.64336255 -0.62876548 0.05116053 0.43372941
1463163729.72328 -2.47235172 0.04432905 3.10442891 -0.64266181 -0.64209599 0.00014724 0.41796952
1463163729.85888 -2.49005386 0.05539275 3.11410023 -0.64019327 -0.65271557 -0.04662442 0.40241910
1463163729.95656 -2.50594699 0.06048589 3.12330087 -0.63958888 -0.66289796 -0.07020406 0.38283645
1463163730.05668 -2.52149713 0.06272494 3.13410676 -0.62994877 -0.68117542 -0.09689048 0.36024551
1463163730.15678 -2.53571796 0.06311471 3.14402992 -0.62193400 -0.69566598 -0.11979379 0.33896370
1463163730.29011 -2.55183274 0.06636969 3.15432916 -0.61661554 -0.70582718 -0.15548265 0.31211922
1463163730.42341 -2.56803626 0.07100479 3.16023539 -0.60710310 -0.71671080 -0.18628651 0.28818187
1463163730.55735 -2.58335371 0.07816844 3.16063327 -0.59424700 -0.73410532 -0.21442008 0.24896568
1463163730.69196 -2.59752484 0.08578867 3.16005665 -0.57456095 -0.75322166 -0.24256011 0.20904889
1463163730.82359 -2.60604224 0.08859247 3.16384717 -0.55983798 -0.76170979 -0.28122709 0.16519976
1463163730.99007 -2.61270576 0.09069023 3.17134454 -0.54336158 -0.76217469 -0.32690370 0.13031462
1463163731.15679 -2.61730361 0.09287948 3.17834640 -0.51568289 -0.76813890 -0.37058841 0.08184143
1463163731.35952 -2.62071573 0.09398619 3.17972641 -0.49491821 -0.77451901 -0.39384037 0.00812591
1463163731.49020 -2.61950868 0.09046350 3.18380510 -0.46914641 -0.77399996 -0.42083864 -0.06099624
1463163731.65696 -2.61881350 0.08428919 3.19130488 -0.44164804 -0.77251209 -0.43919152 -0.12362399
1463163731.85690 -2.61067934 0.08118224 3.19864183 -0.41802714 -0.76998234 -0.45077203 -0.17083642
1463163732.02636 -2.59397676 0.07946551 3.19890016 -0.40726911 -0.77088741 -0.44699874 -0.20014144
1463163732.15702 -2.57612831 0.07816535 3.19808808 -0.39878230 -0.77913870 -0.43623088 -0.20884967
1463163732.29033 -2.55633162 0.07726200 3.19794096 -0.38604695 -0.78491335 -0.43649553 -0.21059546
1463163732.42363 -2.53471727 0.07649577 3.19767436 -0.38496963 -0.78443146 -0.44063637 -0.20568243
1463163732.55703 -2.51158765 0.07743165 3.19646038 -0.38427364 -0.78533495 -0.44446441 -0.19502351
1463163732.65701 -2.49137973 0.07918072 3.19565079 -0.38127359 -0.78310928 -0.44904794 -0.19931447
1463163732.75701 -2.46769455 0.08175121 3.19335130 -0.38352964 -0.77962598 -0.45503483 -0.19501708
1463163732.85899 -2.44145466 0.08238652 3.19132442 -0.38950383 -0.77764771 -0.45641105 -0.18772257
1463163732.95745 -2.41421256 0.08000157 3.19048320 -0.39684556 -0.77005306 -0.46301547 -0.18747949
1463163733.02378 -2.39695161 0.07680492 3.19144498 -0.40289023 -0.75791949 -0.47390173 -0.19660788
1463163733.12354 -2.37400262 0.07050077 3.19226110 -0.40959401 -0.75144956 -0.47411648 -0.20680875
1463163733.22351 -2.35365744 0.06488023 3.19313661 -0.39464957 -0.75292593 -0.47550784 -0.22637699
1463163733.32377 -2.33343051 0.06103864 3.19300798 -0.39283349 -0.74849296 -0.47544883 -0.24369768
1463163733.42357 -2.31168212 0.05947014 3.18868900 -0.39960203 -0.75783537 -0.45166682 -0.24899968
1463163733.52353 -2.28806469 0.06216093 3.18618774 -0.39079662 -0.77602186 -0.43465250 -0.23694996
1463163733.62372 -2.26214647 0.06444492 3.18694941 -0.38852940 -0.77884243 -0.44016159 -0.22069699
1463163733.69039 -2.24352552 0.06518054 3.18639150 -0.40675911 -0.78350450 -0.42514280 -0.19980321
1463163733.75707 -2.22659544 0.06599035 3.18734989 -0.41808220 -0.78566146 -0.42336384 -0.16942968
1463163733.82351 -2.21032577 0.06345369 3.18822084 -0.46615953 -0.76789366 -0.41831493 -0.13434002
1463163733.89021 -2.19542931 0.06116404 3.18957468 -0.49587809 -0.76175832 -0.40563605 -0.09637727
1463163733.99033 -2.17258735 0.05886825 3.19288235 -0.51135151 -0.75892476 -0.39662563 -0.07239442
1463163734.05712 -2.15870416 0.05834297 3.19378466 -0.52318393 -0.76432757 -0.37335275 -0.05186196
1463163734.15719 -2.13747613 0.06071496 3.19618647 -0.53464848 -0.76627596 -0.35558182 -0.02310250
1463163734.25716 -2.11683681 0.06186499 3.19735006 -0.55299140 -0.76408822 -0.33219648 -0.00389977
1463163734.32381 -2.10289204 0.06444305 3.19815073 -0.56783158 -0.76010683 -0.31438142 0.03113243
1463163734.42359 -2.07915559 0.06552983 3.20063301 -0.58369546 -0.75542553 -0.29359241 0.04934961
1463163734.52580 -2.05580151 0.06223709 3.20596511 -0.59877060 -0.74773117 -0.28107481 0.05804151
1463163734.62388 -2.03451295 0.05776825 3.21148471 -0.61447155 -0.74043714 -0.26186237 0.07487095
1463163734.72389 -2.01493716 0.05278228 3.21841988 -0.61496443 -0.74525995 -0.24822789 0.06920458
1463163734.82369 -1.99940547 0.05348424 3.22516256 -0.62165838 -0.74273968 -0.22392211 0.10833979
1463163734.92373 -1.98141522 0.05594281 3.23126601 -0.63382019 -0.73539459 -0.19785932 0.13534568
1463163734.99059 -1.96789772 0.05732899 3.23542820 -0.64041319 -0.73158953 -0.17160124 0.15874733
1463163735.09044 -1.94552570 0.05539837 3.24314176 -0.65098525 -0.72465607 -0.14551496 0.17296584
1463163735.19264 -1.92675828 0.05123986 3.25047366 -0.67024451 -0.70446008 -0.10950739 0.20619513
1463163735.25736 -1.91711219 0.04621330 3.25409393 -0.67949068 -0.69197765 -0.07077165 0.23334677
1463163735.35943 -1.90392805 0.03923705 3.25712301 -0.68784753 -0.67549591 -0.01406677 0.26527944
1463163735.45776 -1.88909940 0.03383042 3.25834342 -0.68900999 -0.66965197 0.02530189 0.27602770
1463163735.55722 -1.87194197 0.03060128 3.25781865 -0.69234445 -0.65956794 0.07125858 0.28381597
1463163735.62403 -1.85927974 0.02994719 3.25773532 -0.69128518 -0.65203300 0.10576608 0.29290152
1463163735.72389 -1.83637151 0.03119501 3.25883572 -0.69487359 -0.63302345 0.13271135 0.31435601
1463163735.79076 -1.82106431 0.03006730 3.25950520 -0.69282922 -0.61926334 0.15991137 0.33305996
1463163735.86011 -1.80547967 0.02853998 3.26137192 -0.68574369 -0.60583266 0.18144848 0.36027605
1463163735.92404 -1.78995422 0.02622513 3.26190705 -0.68995312 -0.58364563 0.19989231 0.37863641
1463163736.02628 -1.76723233 0.02443672 3.26154086 -0.69489382 -0.56428990 0.20945933 0.39347970
1463163736.12389 -1.74826081 0.02443822 3.26243245 -0.68654536 -0.55601563 0.21838513 0.41449972
1463163736.22390 -1.73434349 0.02325872 3.26621762 -0.66262178 -0.54308948 0.27255372 0.43783635
1463163736.29058 -1.72478098 0.02394848 3.26995000 -0.64883547 -0.53519252 0.29199121 0.45532695
1463163736.35924 -1.71178268 0.02468544 3.27478809 -0.63207526 -0.51299787 0.31466320 0.48816096
1463163736.42407 -1.69833843 0.02319178 3.27900367 -0.62519449 -0.49945115 0.33985706 0.49414328
1463163736.49051 -1.68400041 0.02258408 3.28422589 -0.61276144 -0.47614988 0.36806788 0.51218234
1463163736.59048 -1.66148211 0.02338029 3.29152227 -0.60304763 -0.45762029 0.37427465 0.53557046
1463163736.69268 -1.64270295 0.02273650 3.29793274 -0.58379511 -0.44006034 0.39240037 0.55816853
1463163736.82394 -1.62205524 0.02035158 3.30101424 -0.55859576 -0.43181086 0.41594093 0.57315207
1463163736.92393 -1.60497044 0.02072708 3.29888543 -0.53587651 -0.43776845 0.42614463 0.58274858
1463163737.02615 -1.58676083 0.02480897 3.29438387 -0.51690952 -0.42866796 0.43805624 0.59762451
1463163737.12409 -1.56621929 0.03012705 3.28483543 -0.51264150 -0.40623339 0.44665822 0.61046667
1463163737.22390 -1.54279991 0.03351138 3.27114669 -0.51141399 -0.39296080 0.45170495 0.61644154
1463163737.32418 -1.51921713 0.03676022 3.25871277 -0.51320676 -0.37368465 0.43741457 0.63690431
1463163737.45739 -1.49275321 0.03677269 3.24113677 -0.50867857 -0.38545631 0.41961923 0.64543725
1463163737.62410 -1.46832111 0.03419897 3.22259075 -0.49007704 -0.42145257 0.39718816 0.65149351
1463163737.79094 -1.44782396 0.03361015 3.20395169 -0.48455427 -0.46132693 0.36495594 0.64745022
1463163737.99090 -1.42280002 0.03344505 3.19452376 -0.47102278 -0.48321937 0.33081501 0.65969540
1463163738.15741 -1.40283419 0.03856642 3.19563774 -0.46401789 -0.50110338 0.26465161 0.68083943
1463163738.32436 -1.38800032 0.04352910 3.19887179 -0.45747868 -0.54459732 0.19262192 0.67603537
1463163738.45763 -1.37876735 0.04396162 3.20114087 -0.46941024 -0.58252065 0.14224388 0.64814381
1463163738.59070 -1.37250734 0.04202754 3.20909345 -0.53585572 -0.53566287 0.23172260 0.61010538
1463163738.75758 -1.36198256 0.04290775 3.22503960 -0.54747794 -0.51209484 0.21958084 0.62434849
1463163738.95754 -1.34620599 0.04392199 3.24699496 -0.53042176 -0.50235619 0.18340558 0.65776394
1463163739.19300 -1.32915481 0.04305722 3.26996413 -0.51723142 -0.48534943 0.18178641 0.68107363
1463163739.39090 -1.31814047 0.04796003 3.27996701 -0.49969995 -0.49109606 0.11557119 0.70410789
1463163739.69310 -1.30726938 0.04924836 3.27970082 -0.45278950 -0.55354541 0.06693863 0.69576459
1463163739.92414 -1.30354163 0.04995853 3.28969614 -0.40150927 -0.60074375 0.02664597 0.69078741
1463163740.15772 -1.29923766 0.05479844 3.31016360 -0.41136993 -0.60199571 -0.03706406 0.68337559
1463163740.32440 -1.29801178 0.05719867 3.33086699 -0.38665012 -0.62099249 -0.10603784 0.67351762
1463163740.49095 -1.30188769 0.05644836 3.35232393 -0.36247184 -0.64584753 -0.13768142 0.65767695
1463163740.59103 -1.30440768 0.05333787 3.36504554 -0.30509831 -0.66371733 -0.19265667 0.65519290
1463163740.79099 -1.30944194 0.04944075 3.37114913 -0.27167035 -0.69583422 -0.25239557 0.61506621
1463163740.95831 -1.31377145 0.04855331 3.36308288 -0.26401551 -0.72245063 -0.28083936 0.57401232
1463163741.09137 -1.31823180 0.05082682 3.35250495 -0.25893784 -0.73431873 -0.31873832 0.54049336
1463163741.22444 -1.32772150 0.05533747 3.33975135 -0.24043953 -0.75877859 -0.34082528 0.50028193
1463163741.35982 -1.34371272 0.06070791 3.32895929 -0.21583244 -0.77737734 -0.36423607 0.46522350
1463163741.45774 -1.35758345 0.06463560 3.32111689 -0.20110336 -0.78955824 -0.37602370 0.44131780
1463163741.55764 -1.37065209 0.06870891 3.31402844 -0.19466924 -0.79456012 -0.39759181 0.41557052
1463163741.69339 -1.38421613 0.07116194 3.30507731 -0.17883213 -0.80269954 -0.42205045 0.38153103
1463163741.82437 -1.39614708 0.07292621 3.29527770 -0.17149940 -0.81360834 -0.43791735 0.34184474
1463163741.95781 -1.41106061 0.07631159 3.28899854 -0.16119380 -0.82106752 -0.44981284 0.31230290
1463163742.05770 -1.42416277 0.08097657 3.28563514 -0.14986550 -0.82824348 -0.45967443 0.28328868
1463163742.15792 -1.44091304 0.08450059 3.28341273 -0.13001849 -0.83712641 -0.46767328 0.25218301
1463163742.25770 -1.45981369 0.08554905 3.28102111 -0.10806550 -0.84829841 -0.47124787 0.21595623
1463163742.32444 -1.47271196 0.08424952 3.28019991 -0.09070626 -0.85616056 -0.47298829 0.18719920
1463163742.42436 -1.49165275 0.08067609 3.27961979 -0.05823719 -0.86183119 -0.48138459 0.14874240
1463163742.52694 -1.50753018 0.07766132 3.27939555 -0.03276861 -0.86525636 -0.48623594 0.11761061
1463163742.62440 -1.52016539 0.07736560 3.27841085 -0.01267503 -0.86382193 -0.49783407 0.07623817
1463163742.72448 -1.53277059 0.07869104 3.27634161 0.00105798 -0.86514227 -0.49992814 0.03999490
1463163742.82463 -1.54607793 0.08432906 3.27212248 0.01048168 -0.86580532 -0.50026800 0.00178934
1463163742.92442 -1.56213705 0.09126213 3.26916275 0.03244706 -0.86348417 -0.50263048 -0.02654952
1463163743.02673 -1.57700342 0.09713494 3.26579014 0.05423209 -0.86407614 -0.49648249 -0.06274109
1463163743.12441 -1.58926925 0.09971291 3.26501381 0.08595392 -0.85461185 -0.50225990 -0.09992747
1463163743.25799 -1.59571122 0.09912939 3.26505878 0.11202157 -0.83916909 -0.50912375 -0.15504652
1463163743.39108 -1.59482741 0.09608650 3.26269368 0.12871537 -0.82916170 -0.50061643 -0.21285303
1463163743.52659 -1.59515993 0.09531761 3.25764543 0.15647387 -0.81436669 -0.48752526 -0.27320676
1463163743.65801 -1.59709076 0.09443972 3.24710223 0.18885880 -0.80295408 -0.46173943 -0.32618061
1463163743.75800 -1.59636998 0.09097211 3.23884698 0.21376592 -0.78999570 -0.43571231 -0.37465413
1463163743.89146 -1.59497149 0.08376501 3.22892123 0.22371157 -0.78238595 -0.40910737 -0.41286380
1463163744.05818 -1.58867150 0.07901506 3.21651433 0.21788011 -0.77474662 -0.39466077 -0.44332697
1463163744.19322 -1.57577881 0.08090219 3.20289353 0.24027053 -0.75550945 -0.37859433 -0.47764199
1463163744.29142 -1.55940147 0.08469878 3.19080958 0.26925808 -0.73279227 -0.36694270 -0.50583458
1463163744.36011 -1.54527723 0.08590888 3.18084973 0.27614869 -0.72892965 -0.35134857 -0.51861128
1463163744.42457 -1.53095026 0.08673618 3.17137416 0.27346809 -0.72168900 -0.35120311 -0.53012882
1463163744.49148 -1.51674520 0.08476925 3.16048851 0.28376802 -0.71557998 -0.34266306 -0.53851929
1463163744.55807 -1.50232850 0.08231284 3.14993650 0.28685967 -0.71171771 -0.33181705 -0.54869561
1463163744.62488 -1.48919721 0.07932618 3.13877759 0.26872959 -0.71711847 -0.34179603 -0.54470266
1463163744.69378 -1.47637303 0.07651601 3.12542155 0.25299111 -0.73454977 -0.34128820 -0.52910726
1463163744.75822 -1.46332746 0.07511912 3.11209787 0.25207814 -0.74130356 -0.34380354 -0.51838670
1463163744.82489 -1.44894289 0.07509013 3.09851768 0.24524312 -0.74823779 -0.34480641 -0.51098390
1463163744.89132 -1.43352069 0.07636433 3.08416867 0.23258437 -0.75760855 -0.35048195 -0.49909538
1463163744.95803 -1.41702995 0.07757257 3.06963630 0.21794263 -0.76327932 -0.35963085 -0.49048073
1463163745.02469 -1.39913654 0.07762177 3.05460362 0.19166151 -0.77462815 -0.36086008 -0.48269773
1463163745.09132 -1.38178935 0.07559486 3.04148125 0.16580053 -0.77268308 -0.37504807 -0.48457196
1463163745.15831 -1.36557386 0.07156251 3.02739817 0.13597325 -0.77880883 -0.38794746 -0.47377721
1463163745.22468 -1.35047670 0.06752384 3.01452018 0.11228644 -0.78107730 -0.40251619 -0.46399432
1463163745.29122 -1.33618857 0.06387419 3.00371440 0.09482926 -0.77950335 -0.41782072 -0.45695490
1463163745.35808 -1.32187852 0.06067835 2.99318696 0.05931828 -0.77963087 -0.44039393 -0.44125981
1463163745.42479 -1.30776681 0.05945317 2.98202540 0.01404387 -0.78323878 -0.46135125 -0.41652707
1463163745.49323 -1.29343326 0.06009796 2.97093603 -0.01226308 -0.78404564 -0.47663755 -0.39741501
1463163745.59139 -1.26953659 0.06379558 2.95335676 -0.03393607 -0.78650269 -0.48934319 -0.37524007
1463163745.65817 -1.25325682 0.06560432 2.93964544 -0.05686134 -0.78969814 -0.49648327 -0.35587638
1463163745.72465 -1.23607684 0.06638871 2.92364038 -0.07690568 -0.79678251 -0.49664855 -0.33550463
1463163745.79159 -1.21907472 0.06747951 2.90615783 -0.11366698 -0.80572102 -0.49602010 -0.30308003
1463163745.86027 -1.20439571 0.06704907 2.88834235 -0.12908908 -0.80997607 -0.50111433 -0.27596958
1463163745.92471 -1.18976962 0.06577582 2.87062578 -0.17024792 -0.81287827 -0.49964236 -0.24617490
1463163745.99140 -1.17692803 0.06484099 2.85507978 -0.19489061 -0.80914180 -0.50836041 -0.22108116
1463163746.05799 -1.16498774 0.06429769 2.84036165 -0.22998385 -0.80129516 -0.51610246 -0.19665132
1463163746.12511 -1.15400479 0.06469485 2.82552536 -0.24900532 -0.79772868 -0.52063398 -0.17483008
1463163746.19363 -1.14260072 0.06529973 2.81041292 -0.28409537 -0.79028780 -0.52095987 -0.15276068
1463163746.25803 -1.13170399 0.06689775 2.79489561 -0.32153848 -0.77822408 -0.52423717 -0.12710498
1463163746.32494 -1.12021625 0.06884817 2.77877459 -0.34346359 -0.77218602 -0.52333301 -0.10901407
1463163746.39148 -1.10813931 0.07037297 2.76263987 -0.36693353 -0.76167023 -0.52552071 -0.09511163
1463163746.45832 -1.09681427 0.07123569 2.74552334 -0.37332182 -0.76053276 -0.52440230 -0.08498807
1463163746.52498 -1.08601587 0.07153275 2.72884150 -0.38116549 -0.75703105 -0.52493845 -0.07782344
1463163746.59179 -1.07659943 0.07156873 2.71298282 -0.39749019 -0.74788442 -0.52787094 -0.06342493
1463163746.65836 -1.06864764 0.07126535 2.69736328 -0.40371510 -0.74455254 -0.52923843 -0.05061935
1463163746.72524 -1.06139183 0.07053338 2.68159689 -0.40794821 -0.74409908 -0.52754747 -0.03985578
1463163746.79159 -1.05427896 0.06953085 2.66671678 -0.40902750 -0.74341210 -0.52818790 -0.03244198
1463163746.85815 -1.04618546 0.06808115 2.65192239 -0.41375866 -0.74114933 -0.52778312 -0.03076392
1463163746.92469 -1.03719826 0.06677161 2.63737230 -0.42463019 -0.73486236 -0.52811661 -0.02755655
1463163746.99161 -1.02706024 0.06581085 2.62296479 -0.43608635 -0.72719710 -0.52939545 -0.02745048
1463163747.05818 -1.01596098 0.06510856 2.60745410 -0.46326351 -0.71398112 -0.52454931 -0.02158464
1463163747.12485 -1.00426289 0.06490727 2.59187231 -0.47043197 -0.70937826 -0.52426750 -0.02489637
1463163747.19351 -0.99263029 0.06453590 2.57591652 -0.46832419 -0.70921390 -0.52610307 -0.03006078
1463163747.25837 -0.98095106 0.06391756 2.55891078 -0.47059705 -0.71075958 -0.52152151 -0.03707488
1463163747.32506 -0.96987686 0.06365422 2.54188949 -0.47134535 -0.71226055 -0.51823935 -0.04411837
1463163747.39163 -0.96027695 0.06369692 2.52549897 -0.46430894 -0.71700857 -0.51776805 -0.04724576
1463163747.45837 -0.95130180 0.06339587 2.50998534 -0.45796150 -0.71964374 -0.51943939 -0.05066425
1463163747.52703 -0.94304964 0.06230157 2.49509746 -0.45246253 -0.72191750 -0.52083345 -0.05334146
1463163747.59169 -0.93498819 0.06014503 2.48016123 -0.45432419 -0.72383030 -0.51588706 -0.05932763
1463163747.69366 -0.92500709 0.05751875 2.46020913 -0.44743769 -0.72716747 -0.51625495 -0.06714024
1463163747.75828 -0.91860519 0.05573047 2.44573683 -0.44836526 -0.73069791 -0.50900452 -0.07722410
1463163747.82513 -0.91250793 0.05488540 2.43111139 -0.44651106 -0.73551452 -0.50195192 -0.08769571
1463163747.92493 -0.90271388 0.05394880 2.40882755 -0.43351345 -0.74227101 -0.49885725 -0.11064029
1463163747.99172 -0.89638976 0.05236567 2.39333675 -0.42105991 -0.74680727 -0.49725442 -0.13313716
1463163748.05822 -0.89062680 0.05075204 2.37720045 -0.40615606 -0.75153573 -0.49703189 -0.15228459
1463163748.12496 -0.88629414 0.04782247 2.36153744 -0.37936513 -0.76067709 -0.49581392 -0.17782300
1463163748.22491 -0.88259674 0.04194750 2.33901596 -0.35195734 -0.76919868 -0.49192283 -0.20608580
1463163748.32521 -0.87997594 0.03532959 2.31748472 -0.32476595 -0.77639214 -0.48798508 -0.23154456
1463163748.42495 -0.87905028 0.03073746 2.29658926 -0.29391309 -0.78149395 -0.48776911 -0.25487957
1463163748.52705 -0.87805194 0.02803322 2.27536998 -0.27634158 -0.78848258 -0.47274016 -0.28008446
1463163748.62517 -0.87804114 0.02810609 2.25507630 -0.25675669 -0.78883700 -0.46784287 -0.30485283
1463163748.72489 -0.87774782 0.02871386 2.23247175 -0.24887226 -0.78914323 -0.45644257 -0.32707146
1463163748.82501 -0.87801490 0.02755919 2.20815194 -0.24427953 -0.78835478 -0.44344273 -0.34954657
1463163748.92512 -0.88017868 0.02450753 2.18478792 -0.22988277 -0.78498987 -0.43724167 -0.37385095
1463163749.02687 -0.88338775 0.01765824 2.16354672 -0.21026609 -0.78082088 -0.42329020 -0.40857354
1463163749.12519 -0.88736230 0.00953007 2.14446078 -0.20728054 -0.77068677 -0.41403391 -0.43778145
1463163749.22515 -0.89280501 0.00309463 2.12569335 -0.19578641 -0.76080756 -0.40610398 -0.46681805
1463163749.32525 -0.90003144 0.00077125 2.10383899 -0.18425349 -0.75249847 -0.40331006 -0.48696785
1463163749.42523 -0.90891409 0.00119557 2.07779460 -0.18073330 -0.74917824 -0.39691427 -0.49852433
1463163749.52716 -0.91945902 0.00019521 2.04997700 -0.17412875 -0.74452021 -0.38230156 -0.51885870
1463163749.59185 -0.92697757 -0.00245492 2.03186247 -0.17098264 -0.73991697 -0.37094885 -0.53449487
1463163749.69378 -0.93880461 -0.00870572 2.00543433 -0.16204131 -0.73437851 -0.35276426 -0.55676583
1463163749.79173 -0.94913370 -0.01469622 1.97825856 -0.16181561 -0.73259004 -0.34515147 -0.56391311
1463163749.89174 -0.95678145 -0.01681678 1.94973162 -0.15453881 -0.73540640 -0.34614479 -0.56167514
1463163749.99190 -0.96076657 -0.01623169 1.92097023 -0.15530731 -0.73188446 -0.34726543 -0.56535962
1463163750.09178 -0.96206907 -0.01444627 1.89070365 -0.16363575 -0.72628933 -0.34712926 -0.57028802
1463163750.19404 -0.96168662 -0.01034452 1.85736359 -0.15662851 -0.72895076 -0.34165594 -0.57216214
1463163750.25839 -0.96106254 -0.00789879 1.83478648 -0.14327547 -0.73176259 -0.33200935 -0.57772437
1463163750.36064 -0.96064384 -0.00477399 1.79908550 -0.12849828 -0.73462450 -0.33389765 -0.57647844
1463163750.45854 -0.95893866 -0.00482307 1.76447890 -0.12559582 -0.73686010 -0.33407338 -0.57415839
1463163750.55851 -0.95620766 -0.00479330 1.73161407 -0.10831393 -0.74458897 -0.33748130 -0.56565160
1463163750.65869 -0.95151399 -0.00377482 1.70083235 -0.11124335 -0.73835735 -0.34254679 -0.57018860
1463163750.75859 -0.94698869 0.00041786 1.66939451 -0.11225708 -0.72970183 -0.34888948 -0.57724320
1463163750.85843 -0.94204032 0.00515115 1.63544804 -0.10409563 -0.72733060 -0.34823890 -0.58213741
1463163750.95839 -0.93625227 0.00752899 1.60272255 -0.09639621 -0.71844109 -0.34326982 -0.59725707
1463163751.05866 -0.93071649 0.00747458 1.57181086 -0.08304116 -0.70852760 -0.34778869 -0.60838789
1463163751.15910 -0.92555514 0.00762451 1.54084794 -0.05883463 -0.71367153 -0.35291541 -0.60221437
1463163751.25869 -0.91713658 0.01043156 1.51216430 -0.04501032 -0.71666546 -0.35331140 -0.59961300
1463163751.32542 -0.91026864 0.01585283 1.49272276 -0.01479310 -0.72389266 -0.35252434 -0.59286353
1463163751.42529 -0.89549235 0.02466818 1.46488389 -0.01858785 -0.72386298 -0.35277765 -0.59264223
1463163751.49203 -0.88232271 0.02967492 1.44640474 -0.02839825 -0.72706348 -0.34330297 -0.59389839
1463163751.55846 -0.86783673 0.03264244 1.42861458 -0.02613510 -0.73522531 -0.31678806 -0.59867022
1463163751.65856 -0.84581149 0.03413947 1.40687292 -0.01962802 -0.72951681 -0.30105715 -0.61382779
1463163751.75872 -0.82475761 0.03263760 1.38885511 -0.01740125 -0.72464147 -0.29727657 -0.62146486
1463163751.86058 -0.80409017 0.02968663 1.37432123 -0.01526631 -0.71839170 -0.29491096 -0.62984746
1463163751.99183 -0.77541303 0.03157305 1.35776937 0.00105764 -0.70940914 -0.30109294 -0.63724453
1463163752.09213 -0.75126184 0.03534120 1.34817074 0.00936071 -0.69693847 -0.30241753 -0.65017905
1463163752.15877 -0.73387107 0.03931988 1.34223637 0.02761905 -0.68839404 -0.30618656 -0.65696318
1463163752.25879 -0.70664345 0.04219415 1.33449384 0.03724287 -0.67289032 -0.30438811 -0.67318606
1463163752.36109 -0.68155434 0.04123056 1.32865140 0.05172424 -0.65433703 -0.30072639 -0.69190410
1463163752.45861 -0.65837527 0.03933212 1.32413897 0.06977571 -0.64096919 -0.29701675 -0.70432301
1463163752.55861 -0.63527792 0.03700764 1.32360924 0.08599777 -0.63402454 -0.29281203 -0.71054794
1463163752.65868 -0.61122317 0.03646736 1.32337385 0.09395253 -0.63518558 -0.29039331 -0.70949555
1463163752.75860 -0.58593265 0.03926211 1.32309492 0.10564544 -0.64589318 -0.28362804 -0.70086816
1463163752.82572 -0.56823034 0.04247317 1.32494438 0.11296642 -0.64813979 -0.28129149 -0.69859037
1463163752.89192 -0.54960666 0.04448414 1.32794097 0.11133142 -0.65213823 -0.27821728 -0.69635924
1463163752.95885 -0.53063555 0.04666136 1.33084949 0.11369163 -0.66279252 -0.27744519 -0.68615192
1463163753.02775 -0.51210600 0.04820626 1.33568701 0.12151116 -0.66526531 -0.27736849 -0.68243961
1463163753.09199 -0.49344429 0.04874299 1.34008723 0.12176711 -0.66983394 -0.28297331 -0.67558965
1463163753.15886 -0.47465271 0.04800022 1.34323119 0.11337539 -0.67870643 -0.28481306 -0.66737180
1463163753.22527 -0.45620116 0.04654668 1.34809791 0.11499826 -0.68151234 -0.28191247 -0.66546351
1463163753.29225 -0.43846825 0.04537678 1.35169389 0.12142462 -0.68415030 -0.27897353 -0.66284855
1463163753.36123 -0.41990619 0.04491100 1.35463564 0.11520280 -0.68947056 -0.28155217 -0.65733328
1463163753.42549 -0.39832361 0.04486251 1.35701610 0.10963357 -0.69236027 -0.27442005 -0.65826391
1463163753.49224 -0.37946102 0.04617389 1.36107343 0.11161747 -0.69274664 -0.27374686 -0.65780414
1463163753.55898 -0.35796375 0.04739655 1.36507550 0.12471840 -0.68794382 -0.26668740 -0.66336751
1463163753.62565 -0.33573301 0.04719725 1.36800628 0.12267722 -0.69110077 -0.26370173 -0.66165808
1463163753.69452 -0.31349563 0.04581687 1.37259468 0.12261316 -0.68573181 -0.25696150 -0.66985721
1463163753.75891 -0.29255918 0.04391001 1.37661570 0.13389730 -0.68181460 -0.25250477 -0.67338081
1463163753.82547 -0.27175360 0.04092411 1.38011033 0.13457279 -0.68145598 -0.25022642 -0.67445878
1463163753.89257 -0.25206212 0.03752077 1.38412564 0.14031806 -0.68067539 -0.23910708 -0.67810004
1463163753.95892 -0.23221898 0.03587826 1.38809061 0.14552973 -0.68139742 -0.23427146 -0.67796426
1463163754.02775 -0.21413369 0.03534547 1.39228312 0.14407921 -0.68536266 -0.23076030 -0.67547679
1463163754.09209 -0.19445542 0.03665531 1.39741894 0.15043021 -0.68618451 -0.22661985 -0.67465918
1463163754.15893 -0.17338806 0.03882264 1.40358107 0.15986729 -0.68404736 -0.21811467 -0.67745675
1463163754.22559 -0.15082443 0.04081973 1.40959858 0.15992199 -0.69279615 -0.21695792 -0.66887047
1463163754.29229 -0.12750830 0.04092187 1.41745027 0.15804782 -0.69247103 -0.20615957 -0.67305497
1463163754.35927 -0.10391246 0.04162279 1.42484313 0.15680467 -0.69651818 -0.19855523 -0.67145405
1463163754.42542 -0.08237896 0.04195136 1.43201933 0.17247140 -0.69851981 -0.20304228 -0.66415174
1463163754.49231 -0.06072825 0.03921099 1.43985157 0.16231049 -0.69938222 -0.20068506 -0.66651731
1463163754.55874 -0.03924559 0.03698347 1.44719663 0.17186573 -0.69780951 -0.19304648 -0.66802479
1463163754.62548 -0.01831512 0.03473014 1.45340721 0.18288725 -0.69316637 -0.18415814 -0.67242725
1463163754.69221 0.00289860 0.03249540 1.45758572 0.18310864 -0.69509659 -0.17285294 -0.67337494
1463163754.79345 0.03632562 0.03211958 1.46177452 0.18300334 -0.70039454 -0.16510988 -0.66984774
1463163754.89221 0.06923532 0.03532037 1.46772668 0.18376544 -0.69865289 -0.16810047 -0.67071352
1463163754.99217 0.10489012 0.03592898 1.47464963 0.17670059 -0.69479048 -0.16009375 -0.67853745
1463163755.09234 0.13759178 0.03528253 1.48322353 0.18818221 -0.68009231 -0.16480220 -0.68913144
1463163755.19500 0.16828344 0.03154436 1.49132057 0.18991002 -0.67212427 -0.16024053 -0.69749991
1463163755.29238 0.19731115 0.02893262 1.49956464 0.19566052 -0.66279677 -0.15871830 -0.70514247
1463163755.39234 0.22466083 0.02939733 1.50850419 0.20338616 -0.65667142 -0.15453895 -0.70960160
1463163755.49217 0.25532944 0.03388212 1.51773154 0.20723867 -0.65345328 -0.15497332 -0.71136082
1463163755.55901 0.27777985 0.03651197 1.52400634 0.21884091 -0.65173229 -0.14690034 -0.71117788
1463163755.62558 0.30204115 0.03454972 1.53003467 0.21237308 -0.65501261 -0.12839547 -0.71370215
1463163755.69491 0.32810881 0.03122338 1.53438625 0.19864044 -0.66648660 -0.10905264 -0.71024299
1463163755.75898 0.35287730 0.02714612 1.53840897 0.18130008 -0.68063751 -0.11107748 -0.70108819
1463163755.82566 0.37708188 0.01925473 1.54379427 0.15703331 -0.69321390 -0.08860389 -0.69781400
1463163755.89221 0.40008017 0.01150218 1.54926682 0.13355712 -0.69907569 -0.07688372 -0.69824392
1463163755.95890 0.42202244 0.00427082 1.55488786 0.12278909 -0.69810432 -0.05749460 -0.70304166
1463163756.02749 0.44315191 -0.00191973 1.55969720 0.12022069 -0.69823494 -0.03706427 -0.70472775
1463163756.09233 0.46474507 -0.00680962 1.56504786 0.10617243 -0.69512664 -0.02093484 -0.71069551
1463163756.15898 0.48779268 -0.00990490 1.57106051 0.09287271 -0.68792490 -0.00110959 -0.71981440
1463163756.25921 0.52119901 -0.00910113 1.58263468 0.09939566 -0.66751327 0.02036255 -0.73765297
1463163756.36164 0.55273718 -0.00664843 1.59656731 0.11017234 -0.63075384 0.03999390 -0.76708027
1463163756.42569 0.57199657 -0.00627454 1.60859252 0.11975663 -0.59891733 0.04838344 -0.79032615
1463163756.49227 0.58830950 -0.00919783 1.62323520 0.11413263 -0.55781832 0.06371346 -0.81960543
1463163756.59249 0.60753302 -0.01303854 1.64497955 0.10123527 -0.51064385 0.07643056 -0.85038383
1463163756.69443 0.62249601 -0.01295723 1.66866434 0.10794684 -0.45911535 0.08382424 -0.87780070
1463163756.79240 0.63700938 -0.00983934 1.69259422 0.10537210 -0.41591684 0.08329478 -0.89942864
1463163756.92593 0.65975824 -0.00289878 1.72605932 0.11243420 -0.36648034 0.08704333 -0.91949669
1463163757.09257 0.69123162 0.00102421 1.76861372 0.10870052 -0.32349438 0.09726399 -0.93491994
1463163757.25926 0.71966997 -0.00126664 1.81105735 0.10939538 -0.28146167 0.10029451 -0.94802584
1463163757.42593 0.73911999 0.00066428 1.85299232 0.11151187 -0.22618956 0.09674694 -0.96283094
1463163757.55914 0.75314290 0.00729241 1.88946159 0.10652376 -0.17288946 0.09785492 -0.97426195
1463163757.65928 0.76177821 0.01117426 1.91850590 0.10079217 -0.12262923 0.10064427 -0.98217806
1463163757.75930 0.76570071 0.01190023 1.94616698 0.10313767 -0.06145942 0.10704444 -0.98697865
1463163757.86132 0.76596456 0.00789587 1.97067001 0.10033815 -0.00340370 0.11571838 -0.98819529
1463163757.95924 0.76317730 0.00420491 1.99225674 0.10021227 0.04824611 0.11653878 -0.98693897
1463163758.05926 0.75913657 0.00382118 2.01446324 0.09523148 0.09389384 0.11349031 -0.98449726
1463163758.19494 0.75485984 0.01180564 2.04839690 0.09978663 0.14329050 0.11728693 -0.97762684
1463163758.32580 0.74846570 0.01579232 2.08883149 0.07599471 0.17790365 0.13663090 -0.97154881
1463163758.42589 0.73783588 0.01813488 2.11918027 0.07826439 0.21388432 0.15831700 -0.96076215
1463163758.52898 0.72283012 0.01627530 2.14338614 0.07539765 0.25237915 0.16455287 -0.95054843
1463163758.62598 0.70560024 0.01440223 2.16213117 0.07552397 0.29463895 0.17306758 -0.93676658
1463163758.72587 0.68850442 0.01531124 2.18115460 0.07639827 0.32981464 0.17341833 -0.92483063
1463163758.82582 0.67035719 0.02021215 2.20200463 0.07275903 0.36187450 0.17872296 -0.91203677
1463163758.92610 0.64936537 0.02570400 2.22483722 0.06975290 0.39307406 0.18246779 -0.89851701
1463163759.02800 0.62470794 0.02581293 2.24428731 0.06512302 0.42724210 0.16942819 -0.88572980
1463163759.09249 0.60721200 0.02399665 2.25344497 0.06463658 0.46224382 0.17514258 -0.86687822
1463163759.19445 0.58148793 0.01924501 2.26468213 0.06526219 0.49476460 0.17382886 -0.84895957
1463163759.26011 0.56348487 0.01965308 2.27005694 0.07218121 0.52276539 0.18352417 -0.82935222
1463163759.32592 0.54505284 0.02092365 2.27665167 0.07677818 0.54414699 0.17497272 -0.81694168
1463163759.42616 0.51433482 0.02570823 2.28850350 0.06915841 0.56676961 0.18078262 -0.80081644
1463163759.49258 0.48983380 0.02990152 2.29573833 0.06180934 0.57935464 0.19074286 -0.79002846
1463163759.55937 0.46441968 0.03168460 2.30160226 0.04959872 0.59561704 0.19479993 -0.77771029
1463163759.62603 0.43916343 0.03282110 2.30737827 0.05419175 0.60399370 0.19527795 -0.77079270
1463163759.69482 0.41498141 0.03015670 2.31189949 0.05179738 0.60599647 0.19358755 -0.76981113
1463163759.75927 0.39139195 0.02625264 2.31389150 0.04650353 0.61380709 0.18658680 -0.76567855
1463163759.82600 0.36905048 0.02424617 2.31343478 0.04588874 0.62627888 0.18112337 -0.75687734
1463163759.89261 0.34741740 0.02607046 2.31214242 0.05828822 0.64165974 0.19132153 -0.74045346
1463163759.95922 0.32509455 0.02841380 2.31046273 0.05922103 0.65439430 0.19374976 -0.72850670
1463163760.02766 0.30098851 0.03173968 2.30892738 0.05851412 0.66860476 0.19156685 -0.71613261
1463163760.09267 0.27468219 0.03475588 2.30683037 0.04780711 0.68718799 0.19893875 -0.69707282
1463163760.15934 0.24825004 0.03403559 2.30363905 0.03617643 0.70434796 0.18672064 -0.68390103
1463163760.22608 0.22289875 0.03233303 2.30033182 0.03416163 0.72037827 0.17970644 -0.66902446
1463163760.29287 0.19891608 0.02878210 2.29555696 0.02831842 0.73624294 0.18975900 -0.64894986
1463163760.36170 0.17587472 0.02274930 2.28989635 0.01702408 0.75156851 0.18550480 -0.63280560
1463163760.45933 0.14370677 0.01800783 2.28215698 0.02239406 0.76659006 0.18293092 -0.61512151
1463163760.55942 0.11042334 0.01988815 2.27543670 0.02246064 0.77392045 0.18526839 -0.60515972
1463163760.65963 0.07242911 0.02544873 2.26843096 0.02382194 0.77618955 0.18415586 -0.60253540
1463163760.72614 0.04296377 0.02907718 2.26380160 0.02219535 0.77253117 0.18643388 -0.60658500
1463163760.79291 0.01251306 0.02929752 2.25973597 0.00606585 0.76673716 0.17598641 -0.61733792
1463163760.86209 -0.01619418 0.02909341 2.25674754 0.01848288 0.75466532 0.18731404 -0.62853169
1463163760.92616 -0.04458377 0.02439445 2.25278255 0.01333995 0.74945583 0.17937764 -0.63715121
1463163761.02811 -0.08331891 0.01772322 2.24860862 0.02758656 0.73518929 0.17012129 -0.65558709
1463163761.12629 -0.12117465 0.01645102 2.24665229 0.03989806 0.71387811 0.17727030 -0.67628502
1463163761.19543 -0.14877006 0.01753340 2.24692550 0.04691269 0.69165623 0.17017230 -0.70032296
1463163761.25959 -0.17779238 0.01873485 2.24548091 0.04822394 0.68367235 0.15647710 -0.71118316
1463163761.32633 -0.20886073 0.01968721 2.24308216 0.04901040 0.68067562 0.14114891 -0.71718594
1463163761.39276 -0.23968535 0.01949779 2.23976670 0.05100438 0.68304123 0.13170268 -0.71659447
1463163761.45964 -0.26930082 0.01828470 2.23615995 0.06594330 0.68148328 0.12383528 -0.71825960
1463163761.52863 -0.29928500 0.01434715 2.23161176 0.07544139 0.68613194 0.12339079 -0.71295601
1463163761.59291 -0.32760207 0.00925678 2.22721298 0.08967275 0.68747316 0.11029623 -0.71216163
1463163761.65965 -0.35478092 0.00626887 2.22348546 0.11980929 0.68066491 0.10466537 -0.71511270
1463163761.72611 -0.38302572 0.00323631 2.21992433 0.12019676 0.68242349 0.10492691 -0.71333111
1463163761.79305 -0.41175712 0.00335229 2.21869134 0.13228437 0.66978287 0.09659700 -0.72426568
1463163761.86178 -0.44052058 0.00682460 2.21884450 0.14649859 0.64381034 0.09396425 -0.74512893
1463163761.92631 -0.47054302 0.01106460 2.21720066 0.16015654 0.62964083 0.08365402 -0.75558210
1463163761.99313 -0.50073851 0.01420532 2.21617037 0.18843163 0.60655579 0.06208603 -0.76988890
1463163762.09306 -0.54678550 0.01435011 2.21638369 0.20314096 0.57978780 0.04858580 -0.78754002
1463163762.15973 -0.57464827 0.01159550 2.21907023 0.22123840 0.54236649 0.02445326 -0.81011987
1463163762.22633 -0.60194438 0.00826555 2.22068489 0.24420099 0.51912088 0.00098893 -0.81907167
1463163762.29590 -0.62793854 0.00604572 2.22294360 0.27047893 0.49407071 -0.01825861 -0.82607621
1463163762.36154 -0.65289532 0.00646258 2.22754138 0.29083882 0.45968334 -0.03251460 -0.83847887
1463163762.42634 -0.67892070 0.00855690 2.23405316 0.29705505 0.42975662 -0.04917604 -0.85126334
1463163762.49307 -0.70528839 0.01266580 2.24133770 0.30854288 0.40612710 -0.06877161 -0.85739870
1463163762.55974 -0.73179307 0.01725359 2.25068023 0.31596657 0.38049061 -0.07903854 -0.86553159
1463163762.62636 -0.75862329 0.01978715 2.26186945 0.31736404 0.36025518 -0.09516041 -0.87203255
1463163762.69502 -0.78395973 0.02032026 2.27429193 0.31730399 0.33812016 -0.10023347 -0.88031028
1463163762.75980 -0.80740161 0.01932891 2.28844958 0.31637308 0.30643746 -0.10961144 -0.89106088
1463163762.82640 -0.82782492 0.01770637 2.30308121 0.32403394 0.27523948 -0.11927588 -0.89722823
1463163762.89310 -0.84560989 0.01633948 2.31795427 0.32543006 0.24441510 -0.11810937 -0.90576305
1463163762.95974 -0.86332791 0.01717913 2.33233837 0.32759143 0.21956236 -0.11624426 -0.91157199
1463163763.02841 -0.88107865 0.02069339 2.34619877 0.33621726 0.20081608 -0.11300077 -0.91316027
1463163763.09318 -0.89931992 0.02544185 2.36061365 0.33738896 0.18016814 -0.11124494 -0.91724190
1463163763.15980 -0.91865030 0.03110215 2.37570626 0.34002441 0.16201560 -0.11142757 -0.91962940
1463163763.22623 -0.93713250 0.03615989 2.39174451 0.34266680 0.13954224 -0.12270137 -0.92089728
1463163763.29311 -0.95408153 0.03923749 2.40866230 0.33565390 0.12200961 -0.12394303 -0.92579060
1463163763.36197 -0.96766289 0.03961383 2.42569275 0.32638669 0.10404234 -0.10790418 -0.93327574
1463163763.42636 -0.97902555 0.03838822 2.44325807 0.31339872 0.07655981 -0.10141743 -0.94108147
1463163763.49315 -0.99122335 0.03678265 2.45982562 0.31341395 0.06128785 -0.10791778 -0.94147185
1463163763.55973 -1.00243015 0.03547676 2.47660908 0.31374344 0.04781543 -0.09861458 -0.94316165
1463163763.62652 -1.01313904 0.03587848 2.49542649 0.30592400 0.03317301 -0.08963491 -0.94724635
1463163763.69570 -1.02405778 0.03789714 2.51528425 0.30217991 0.02468605 -0.08466054 -0.94916305
1463163763.75985 -1.03385603 0.04078204 2.53673600 0.29572920 0.00940293 -0.08051316 -0.95182638
1463163763.82639 -1.04465777 0.04325359 2.55991018 0.28759773 -0.00382384 -0.08681201 -0.95380113
1463163763.89318 -1.05582194 0.04422623 2.58361659 0.28654621 -0.01655625 -0.09721509 -0.95297764
1463163763.95988 -1.06694009 0.04339646 2.60738550 0.28300715 -0.02578071 -0.11139706 -0.95227780
1463163764.02839 -1.07738216 0.04020610 2.63059981 0.28196431 -0.03196011 -0.11798269 -0.95160641
1463163764.09326 -1.08709181 0.03460590 2.65352250 0.27538341 -0.03628769 -0.12895725 -0.95195442
1463163764.15977 -1.09556963 0.02869391 2.67552136 0.26925357 -0.04258986 -0.13078995 -0.95319600
1463163764.25983 -1.10643138 0.02339774 2.70943897 0.26377279 -0.05707899 -0.14049359 -0.95258987
1463163764.36167 -1.11524941 0.02451318 2.74516803 0.26106008 -0.07980203 -0.15571100 -0.94933311
1463163764.42664 -1.12056698 0.02745860 2.77087995 0.25516372 -0.09539883 -0.16531149 -0.94787270
1463163764.49325 -1.12472481 0.02975599 2.79701994 0.24866587 -0.11278286 -0.17478116 -0.94598988
1463163764.55976 -1.12692230 0.02998890 2.82366304 0.23192349 -0.13616182 -0.17645257 -0.94685582
1463163764.62656 -1.12909466 0.02942574 2.84865659 0.23442878 -0.15216964 -0.17685927 -0.94372048
1463163764.69579 -1.12939777 0.02555634 2.87217648 0.22123877 -0.17742528 -0.17889158 -0.94211012
1463163764.76001 -1.13048689 0.02216056 2.89481675 0.21904072 -0.19005683 -0.19944401 -0.93601370
1463163764.86208 -1.12999158 0.01824683 2.92618708 0.21427712 -0.20298925 -0.20277880 -0.93368166
1463163764.96000 -1.13103871 0.01828918 2.95674132 0.21221042 -0.20193887 -0.19588894 -0.93584986
1463163765.05988 -1.13406946 0.02149726 2.98482012 0.21121593 -0.18585602 -0.17710877 -0.94312134
1463163765.16033 -1.13859144 0.02540510 3.00929524 0.21381293 -0.15978888 -0.14544946 -0.95267833
1463163765.25992 -1.14593261 0.02744842 3.02998499 0.22343031 -0.12503854 -0.12057746 -0.95911696
1463163765.36337 -1.15680242 0.02745777 3.04496669 0.23245534 -0.08637521 -0.09111729 -0.96446953
1463163765.45998 -1.17120187 0.02784561 3.05461029 0.25352829 -0.05796019 -0.07956897 -0.96230598
1463163765.55998 -1.19177604 0.02762914 3.06322758 0.26110916 -0.02562969 -0.07074756 -0.96237202
1463163765.66000 -1.21794555 0.02873020 3.07132846 0.26010751 0.00662674 -0.06279791 -0.96351263
1463163765.75977 -1.24924055 0.03194673 3.07864374 0.25693504 0.03606200 -0.05299823 -0.96430032
1463163765.86240 -1.28543330 0.03543416 3.08495039 0.25233547 0.06655971 -0.03678105 -0.96464697
1463163765.95994 -1.32442053 0.03711307 3.09078268 0.25022365 0.08737683 -0.01392222 -0.96413671
1463163766.02860 -1.35123988 0.03543730 3.09418161 0.24901444 0.10038806 -0.00671224 -0.96325956
1463163766.12674 -1.39135369 0.02847094 3.09802235 0.24113583 0.12025987 -0.00663783 -0.96298859
1463163766.19562 -1.41868928 0.02376434 3.09909710 0.23033540 0.14548011 0.00970348 -0.96212628
1463163766.26011 -1.44561641 0.02214987 3.09939762 0.22760175 0.17434537 0.02176599 -0.95777209
1463163766.32682 -1.47196155 0.02399231 3.09968311 0.22740384 0.19976778 0.03930793 -0.95227896
1463163766.39320 -1.49932211 0.02838455 3.10035379 0.22550590 0.22554666 0.05842015 -0.94597192
1463163766.45987 -1.52867288 0.03360701 3.10156075 0.22135783 0.25189055 0.07089036 -0.93942877
1463163766.52862 -1.56140636 0.03794464 3.10317105 0.21503194 0.27793716 0.08619426 -0.93224608
1463163766.59344 -1.59524252 0.03848695 3.10402702 0.21341946 0.29882957 0.06578635 -0.92780665
1463163766.66018 -1.62871545 0.03624380 3.10387977 0.21788096 0.32057437 0.06221762 -0.91972220
1463163766.72665 -1.66195396 0.02991543 3.10300663 0.20614593 0.34993722 0.06339029 -0.91160818
1463163766.79335 -1.69318121 0.02276559 3.10041118 0.19606433 0.37669807 0.07453676 -0.90227580
1463163766.86018 -1.72233951 0.01808743 3.09594892 0.19134178 0.40269038 0.08954218 -0.89062393
1463163766.92663 -1.75165181 0.01632093 3.09250844 0.18710849 0.42354752 0.08913574 -0.88184621
1463163766.99347 -1.78233676 0.01988134 3.08842372 0.18880814 0.44950934 0.09191934 -0.86824171
1463163767.06020 -1.81424014 0.02701777 3.08434827 0.18926952 0.46651907 0.10821466 -0.85722027
1463163767.12673 -1.84819965 0.03190243 3.07981561 0.18186213 0.48311654 0.12420390 -0.84740661
1463163767.19594 -1.88286724 0.03216677 3.07554111 0.16083035 0.49853264 0.12689626 -0.84231594
1463163767.26018 -1.91492723 0.02929181 3.07067174 0.16441300 0.50373088 0.12971902 -0.83809101
1463163767.32671 -1.94711276 0.02280317 3.06565639 0.15418632 0.51817919 0.12375359 -0.83210694
1463163767.39341 -1.97613329 0.01665384 3.05948683 0.15632247 0.53401174 0.11846738 -0.82241123
1463163767.46022 -2.00389394 0.01353720 3.05335281 0.15943623 0.54706204 0.12374357 -0.81239814
1463163767.55994 -2.04728439 0.01626218 3.04481291 0.15988522 0.56872781 0.12511440 -0.79707702
1463163767.62671 -2.07889625 0.02259739 3.03894012 0.16690111 0.58971189 0.12861109 -0.77964293
1463163767.69561 -2.11274237 0.02711655 3.03478657 0.16522710 0.60515882 0.12127383 -0.76926944
1463163767.75994 -2.14768478 0.02709596 3.03269102 0.13682024 0.61562726 0.11986774 -0.76675617
1463163767.82670 -2.18062703 0.02356117 3.02891153 0.12727994 0.62976771 0.11451725 -0.75767951
1463163767.89335 -2.21295550 0.01366530 3.02454750 0.08145025 0.65067525 0.10125934 -0.74815381
1463163767.96009 -2.24150184 0.00510197 3.02066247 0.05794613 0.65854939 0.09310719 -0.74450386
1463163768.02906 -2.26854156 -0.00131835 3.01571650 0.01738191 0.66270397 0.10012331 -0.74195460
1463163768.09420 -2.29642669 -0.00223831 3.00906297 -0.00264135 0.67437085 0.09545883 -0.73219164
1463163768.22685 -2.35402660 0.01047883 2.99419117 -0.02122699 0.68057273 0.09630255 -0.72601377
1463163768.32688 -2.40024642 0.01633800 2.98117636 -0.03436719 0.67941935 0.08058856 -0.72850101
1463163768.42674 -2.44825554 0.01380855 2.96743510 -0.03827664 0.67307838 0.07305761 -0.73495781
1463163768.59362 -2.51648290 0.00185586 2.93855540 -0.05232323 0.68771947 0.05906942 -0.72167514
1463163768.76025 -2.57960786 0.00718912 2.90583044 -0.05077920 0.71320384 0.05495705 -0.69695156
1463163768.92689 -2.65200197 0.01717400 2.86883020 -0.04879692 0.74084469 0.03400488 -0.66903787
1463163769.09376 -2.71818469 0.00847064 2.82940342 -0.05662148 0.76406211 0.02924838 -0.64198725
1463163769.29361 -2.78416122 0.00529996 2.77965792 -0.06602933 0.78932647 0.03835367 -0.60920674
1463163769.56091 -2.87310028 0.03005809 2.69942603 -0.08037610 0.81045916 0.03429878 -0.57924022
1463163769.79372 -2.93993336 0.02189563 2.62163342 -0.09070370 0.82960910 0.05467085 -0.54820861
1463163769.99374 -2.98152583 0.02899057 2.55080990 -0.08787656 0.85773481 0.04361477 -0.50464488
1463163770.16158 -3.01977856 0.03565153 2.48350905 -0.08613233 0.88173983 0.01872784 -0.46342783
1463163770.32710 -3.04761229 0.02693809 2.41487552 -0.09292006 0.90497130 0.01759440 -0.41482918
1463163770.49376 -3.06444348 0.02509539 2.34926075 -0.10660515 0.92301481 0.02434198 -0.36889901
1463163770.72721 -3.08007637 0.04228573 2.24528934 -0.10155786 0.93926784 0.00728980 -0.32773278
1463163771.02964 -3.08496190 0.02678421 2.10572747 -0.09685820 0.95067540 -0.00792873 -0.29457072
1463163771.26064 -3.07972798 0.04282290 1.99875949 -0.09121218 0.96221414 -0.00367408 -0.25653612
1463163771.46055 -3.06949919 0.04081344 1.89866064 -0.08883755 0.97302483 -0.01264231 -0.21253412
1463163771.62775 -3.05068047 0.03180936 1.82597350 -0.09010169 0.98276035 -0.00796492 -0.16124620
1463163771.86053 -3.02606735 0.04729449 1.72038157 -0.10583548 0.98662515 -0.02152095 -0.12209224
1463163772.19396 -2.99156025 0.03827143 1.56755355 -0.08103934 0.99151536 -0.02061575 -0.09952337
1463163772.49386 -2.96656132 0.05498218 1.42753759 -0.07920344 0.99378288 -0.02692047 -0.07346899
1463163772.72736 -2.94501253 0.04089491 1.32015577 -0.08989876 0.99491227 -0.03054353 -0.03368797
1463163772.99403 -2.90858265 0.05159280 1.20384976 -0.09814896 0.99443104 -0.03749711 0.00822590
1463163773.32726 -2.85439158 0.04487830 1.05840827 -0.09986393 0.99310957 -0.04005696 0.04643289
1463163773.59384 -2.80862933 0.05713654 0.94448744 -0.09691938 0.99071646 -0.04204773 0.08555422
1463163773.79403 -2.76594875 0.04816748 0.85937143 -0.08778997 0.98424647 -0.07076208 0.13617835
1463163773.96051 -2.72482576 0.04397746 0.80219796 -0.09685880 0.97611481 -0.05986648 0.18502502
1463163774.22732 -2.65022571 0.06521616 0.70593391 -0.11120058 0.96721196 -0.06244524 0.21962704
1463163774.46137 -2.57513940 0.05234948 0.62946591 -0.10805038 0.96143561 -0.06001544 0.24569256
1463163774.66066 -2.50966868 0.05790195 0.57194512 -0.12025219 0.95234305 -0.06021439 0.27378158
1463163774.82732 -2.44636230 0.06378929 0.52587896 -0.11162414 0.94118078 -0.06180629 0.31288779
1463163774.96121 -2.39393171 0.05276926 0.49748855 -0.10824170 0.92601694 -0.07038332 0.35471476
1463163775.09409 -2.34347573 0.04915181 0.47985005 -0.12913516 0.90510779 -0.06286236 0.40019036
1463163775.26089 -2.27594142 0.06053514 0.45739510 -0.11660296 0.89292801 -0.05683183 0.43110725
1463163775.39412 -2.21630483 0.06306621 0.44252001 -0.10628665 0.88562291 -0.07266080 0.44620133
1463163775.52961 -2.15627069 0.05330294 0.43004163 -0.11676000 0.87854613 -0.08828462 0.45467529
1463163775.62737 -2.11505212 0.04728185 0.42682654 -0.09086894 0.86997608 -0.07415952 0.47894136
1463163775.76069 -2.06193105 0.04961019 0.42299494 -0.10016462 0.85791304 -0.06958206 0.49910981
1463163775.89427 -2.00147905 0.05916726 0.41681253 -0.09128888 0.84519922 -0.06176149 0.52296285
1463163776.02763 -1.93933947 0.05760981 0.41018270 -0.07814534 0.83742070 -0.06218093 0.53735780
1463163776.16085 -1.88219170 0.04541356 0.40731288 -0.08347217 0.81986718 -0.07296602 0.56171716
1463163776.32764 -1.81799630 0.04114037 0.40817552 -0.09855028 0.79897486 -0.07494265 0.58848162
1463163776.52758 -1.73432288 0.05069309 0.41112791 -0.09652629 0.78925243 -0.07886884 0.60128444
1463163776.69415 -1.66244953 0.04254517 0.41338862 -0.09323477 0.79436659 -0.09102042 0.59329949
1463163776.86077 -1.60099534 0.03278007 0.42027780 -0.07960381 0.78554549 -0.06869202 0.60980564
1463163777.06078 -1.52618450 0.04017321 0.41671678 -0.06845393 0.79517092 -0.04150382 0.60107795
1463163777.19602 -1.47118667 0.04531187 0.40583500 -0.06222429 0.81105173 -0.04503340 0.57990967
1463163777.29437 -1.43180337 0.04379456 0.39310881 -0.07382514 0.83153831 -0.03877485 0.54917247
1463163777.46108 -1.37397696 0.03485977 0.37421400 -0.08900479 0.84370177 -0.04286606 0.52764380
1463163777.62780 -1.32465875 0.03503154 0.35876821 -0.11047032 0.84993179 -0.02009248 0.51478982
1463163777.79423 -1.26643176 0.04561281 0.35022172 -0.13330149 0.83695140 -0.01439347 0.53059956
1463163777.89436 -1.22273397 0.05104539 0.34567649 -0.15008582 0.81652907 -0.02419198 0.55692842
1463163777.96088 -1.19375175 0.05222847 0.34192366 -0.16779352 0.80122542 -0.03548404 0.57325740
1463163778.06100 -1.15384765 0.04872073 0.33488932 -0.16837591 0.79559734 -0.05107113 0.57971215
1463163778.19664 -1.10559811 0.04394702 0.32628462 -0.16095567 0.77709848 -0.04763162 0.60658260
1463163778.29447 -1.07366603 0.04171576 0.32061469 -0.14876545 0.75765556 -0.04491882 0.63388421
1463163778.42776 -1.02790895 0.04611490 0.30892511 -0.13978849 0.73164873 -0.04777834 0.66548219
1463163778.53031 -0.99101852 0.05107317 0.29707201 -0.12613143 0.71526495 -0.04927177 0.68560864
1463163778.62785 -0.95488014 0.05140111 0.28221736 -0.11293195 0.69644701 -0.04314067 0.70735197
1463163778.72804 -0.92137715 0.04461965 0.26595465 -0.10460562 0.68067017 -0.05794130 0.72276454
1463163778.86133 -0.88282439 0.03412639 0.24792388 -0.10440421 0.66939983 -0.05867688 0.73318528
1463163778.99456 -0.84525600 0.02779773 0.23488261 -0.09279586 0.65047763 -0.05000482 0.75217504
1463163779.12768 -0.80467202 0.03567588 0.22243860 -0.09105640 0.62312300 -0.04270934 0.77563030
1463163779.22820 -0.77141837 0.04434980 0.21118190 -0.11424462 0.59857756 -0.04150879 0.79178917
1463163779.36376 -0.72531114 0.04631907 0.19390463 -0.13448093 0.56845982 -0.05784145 0.80958179
1463163779.49459 -0.68461397 0.03620967 0.17522910 -0.11276584 0.55780900 -0.06815959 0.81944326
1463163779.62791 -0.65151070 0.02728079 0.15618335 -0.09437625 0.55227088 -0.06473134 0.82577228
1463163779.76124 -0.61799585 0.02758831 0.13858230 -0.09042219 0.53086673 -0.07483146 0.83928815
1463163779.86319 -0.59182495 0.03126007 0.12565832 -0.08932183 0.50335355 -0.08200475 0.85553027
1463163779.96128 -0.56495106 0.03148913 0.11152716 -0.08050010 0.46926947 -0.09786677 0.87391533
1463163780.06114 -0.54033266 0.02962290 0.09621159 -0.07702159 0.43027068 -0.10870652 0.89281449
1463163780.19717 -0.50648150 0.02647149 0.07696433 -0.08294852 0.39838459 -0.10211216 0.90773474
1463163780.29457 -0.48262614 0.02239440 0.06877581 -0.07672734 0.36617382 -0.10032688 0.92193501
1463163780.42788 -0.44863678 0.02382259 0.05728692 -0.07897704 0.32831371 -0.11248134 0.93451628
1463163780.56135 -0.41016627 0.02740054 0.04591385 -0.07914443 0.29706186 -0.13789372 0.94152840
1463163780.66118 -0.38255438 0.02805874 0.04143326 -0.07261828 0.25682658 -0.16096706 0.95018751
1463163780.79498 -0.34823910 0.02594470 0.03419413 -0.08491063 0.22503799 -0.14426506 0.95986232
1463163780.92791 -0.31904123 0.01235148 0.03009282 -0.05603171 0.19956935 -0.13439437 0.96900499
1463163781.06130 -0.29133492 0.00638390 0.02715723 -0.04257652 0.16797832 -0.11839706 0.97772832
1463163781.19677 -0.26446457 0.00939815 0.02336523 -0.03508785 0.11923472 -0.11562240 0.98548637
1463163781.32812 -0.23025726 0.01179998 0.01372287 -0.02532100 0.08564629 -0.12097128 0.98863012
1463163781.46145 -0.19606984 0.00990697 0.00370527 -0.03454672 0.04494172 -0.12895940 0.99002840
1463163781.62816 -0.15590478 0.00082519 -0.00421993 -0.02039371 0.01069449 -0.12797637 0.99150984
1463163781.79541 -0.11644267 -0.00002784 -0.00408434 -0.00581548 -0.01876236 -0.12626485 0.99180207
1463163781.96154 -0.06833720 0.00542162 0.00048032 -0.00302244 -0.04124593 -0.13758271 0.98962651
1463163782.12825 -0.02144485 0.00624327 0.00809598 -0.01672374 -0.06329410 -0.14543114 0.98720006
1463163782.29496 0.02454229 -0.00733688 0.01366689 0.01055441 -0.07035459 -0.14171800 0.98734738
1463163782.46156 0.06872948 -0.01280425 0.01659588 0.02942477 -0.08381452 -0.12984599 0.98754713
1463163782.62827 0.11202069 -0.01051767 0.01687608 0.03613077 -0.10451768 -0.12124912 0.98644274
1463163782.82816 0.16776146 -0.01479974 0.01468497 0.04620165 -0.11141814 -0.10422168 0.98721287
1463163783.03038 0.21773088 -0.02102176 0.02316114 0.05049931 -0.09854753 -0.07484573 0.99102791
1463163783.19485 0.25666539 -0.01354366 0.03983590 0.03504014 -0.07490178 -0.06291930 0.99458689
1463163783.36157 0.29742978 -0.00510497 0.06002301 0.02524031 -0.04631468 -0.05428535 0.99713137
1463163783.53070 0.33453836 -0.00447999 0.08070361 0.01145375 -0.01942578 -0.03643003 0.99908173
1463163783.72834 0.37198266 -0.01421415 0.09937141 0.00577078 -0.00129741 -0.02077217 0.99976674
1463163783.89511 0.40588266 -0.02377052 0.11100158 0.01316680 0.02634948 -0.02330441 0.99929437
1463163784.09509 0.44824241 -0.03522593 0.11867681 0.03723333 0.03161964 -0.04392158 0.99784005
1463163784.29507 0.49684831 -0.05134651 0.11674040 0.04814548 0.05687317 -0.03887474 0.99646185
1463163784.46149 0.52898380 -0.06486042 0.11678722 0.06728393 0.08061025 -0.03439526 0.99387717
1463163784.79491 0.56074717 -0.06889238 0.11724821 0.06359765 0.11126262 -0.01735861 0.99160206
1463163785.06159 0.55230534 -0.03609017 0.11701993 0.02788691 0.08947266 -0.00106983 0.99559822
1463163785.32850 0.52884640 0.00264942 0.11205882 -0.00172764 0.07974605 -0.01197416 0.99674179
1463163785.62853 0.49529207 0.03866982 0.10600509 -0.01615581 0.05982373 -0.03041640 0.99761463
1463163785.89500 0.44965090 0.06388374 0.09905487 -0.03222547 0.06060736 -0.04856406 0.99645863
1463163786.09499 0.40832810 0.08254159 0.08951770 -0.05039847 0.04451539 -0.04273767 0.99682088
1463163786.26183 0.37499055 0.09501354 0.08479079 -0.05944540 0.01397074 -0.03629574 0.99747365
1463163786.46174 0.33683522 0.10266713 0.08140578 -0.06577886 -0.00918053 -0.04015044 0.99698385
1463163786.66194 0.29669185 0.10358977 0.07552897 -0.07194127 -0.01241963 -0.04182561 0.99645413
1463163786.86427 0.25728307 0.10352359 0.07106838 -0.08091100 -0.02186307 -0.02671211 0.99612343
1463163787.03072 0.22378190 0.10310678 0.07044358 -0.08177144 -0.03947709 -0.02408369 0.99557771
1463163787.19716 0.18916124 0.10276700 0.07293102 -0.08654947 -0.04859390 -0.01973153 0.99486607
1463163787.32845 0.15815312 0.10234861 0.07716803 -0.09301251 -0.05656539 -0.01932750 0.99386894
1463163787.46185 0.12522601 0.10102392 0.08343079 -0.09776007 -0.05918791 -0.02595095 0.99310941
1463163787.59542 0.08992054 0.09696938 0.08938886 -0.10531871 -0.06910172 -0.01906229 0.99185158
1463163787.72871 0.05844269 0.09264967 0.09667759 -0.10264400 -0.06927410 -0.01122867 0.99223950
1463163787.86406 0.02908069 0.09061213 0.10283240 -0.10426585 -0.08164506 -0.00786187 0.99116139
1463163788.03085 -0.00093098 0.09419692 0.11189475 -0.12203210 -0.08487410 -0.01077737 0.98883184
1463163788.19846 -0.03181451 0.09224380 0.12860399 -0.11971430 -0.08446420 -0.01724979 0.98905851
1463163788.32872 -0.05835955 0.08515767 0.14339864 -0.11806598 -0.08771605 -0.01844281 0.98895206
1463163788.46222 -0.08249258 0.07424080 0.15590149 -0.11468944 -0.08139801 -0.01024940 0.99000790
1463163788.59545 -0.10545824 0.06176609 0.16772021 -0.10252610 -0.08445616 -0.01272482 0.99105683
1463163788.76218 -0.13146109 0.04818624 0.18158187 -0.09264484 -0.07384677 -0.00410019 0.99294853
1463163789.12892 -0.18867312 0.01769128 0.20518404 -0.10731309 -0.06017997 0.01271808 0.99232078
1463163789.32918 -0.21021001 -0.00325306 0.21225443 -0.10346245 -0.07256067 0.02619430 0.99163720
1463163789.56213 -0.20490494 -0.02827089 0.21864234 -0.07930589 -0.06761096 0.05877634 0.99281654
1463163789.76221 -0.17702091 -0.04896395 0.22204892 -0.05721946 -0.04942744 0.05680803 0.99551781
1463163789.92894 -0.14552635 -0.06515950 0.22206027 -0.03931242 -0.04060758 0.05709946 0.99676738
1463163790.12898 -0.10374066 -0.07692789 0.21837673 -0.04215391 -0.04153773 0.05471188 0.99674685
1463163790.29565 -0.06801852 -0.08772683 0.21691701 -0.02126908 -0.03375642 0.04878936 0.99801189
1463163790.42904 -0.03676379 -0.09575880 0.21912717 -0.00744781 -0.01288358 0.05831477 0.99818732
1463163790.59555 0.00401924 -0.10326712 0.22512561 0.01332522 0.00544182 0.05473390 0.99839723
1463163790.76220 0.05013981 -0.10743797 0.23271597 0.02931170 0.02808088 0.05107467 0.99786956
1463163790.92899 0.09476448 -0.11067374 0.23947240 0.02463801 0.03791142 0.03830237 0.99824277
1463163791.12902 0.14386963 -0.11243491 0.24779813 0.01672499 0.03700372 0.02587377 0.99884010
1463163791.32891 0.19588244 -0.10949916 0.25498072 0.01070519 0.02514424 0.02952660 0.99919035
1463163791.49576 0.24225145 -0.10481217 0.25480927 0.01348204 0.01555862 0.01930281 0.99960170
1463163791.69552 0.29634028 -0.09844109 0.25494969 -0.00074381 0.01225206 0.01151844 0.99985832
1463163791.89552 0.34663198 -0.08698991 0.26622919 -0.01562594 0.01583676 0.01680151 0.99961129
1463163792.12909 0.39963998 -0.06984338 0.29026888 -0.00358816 0.01226597 0.02141825 0.99968892
1463163792.36259 0.44023366 -0.04860517 0.31848786 -0.00863215 -0.00406745 0.02339426 0.99968077
1463163792.59570 0.47139619 -0.01923530 0.34065500 -0.03613972 -0.00562387 0.01006108 0.99928027
1463163792.79584 0.49906452 0.00863897 0.35446186 -0.03692727 0.01385722 -0.00127473 0.99922106
1463163792.99566 0.52657123 0.03527550 0.36538719 -0.05000795 0.02108508 -0.00314519 0.99852127
1463163793.29573 0.54641920 0.06017756 0.36879699 -0.05973852 0.02308211 -0.02959623 0.99750819
1463163793.72899 0.51277368 0.08963236 0.34449837 -0.10757487 0.05126811 -0.02988799 0.99242427
1463163793.89592 0.48396626 0.09744134 0.33017601 -0.12335442 0.05414298 -0.02638609 0.99053319
1463163794.06245 0.45412698 0.10344170 0.31774043 -0.12522979 0.05300527 -0.02022242 0.99050441
1463163794.22952 0.42495728 0.10967863 0.30263980 -0.13102154 0.04108456 -0.03479589 0.98991649
1463163794.39602 0.39501641 0.11218719 0.28352425 -0.13964967 0.03406007 -0.04298304 0.98868111
1463163794.56246 0.36237334 0.10983229 0.25956576 -0.15313965 0.03727277 -0.04468954 0.98648965
1463163794.69785 0.33374443 0.10828014 0.24050150 -0.16621835 0.04056056 -0.03268559 0.98471212
1463163794.82933 0.30334251 0.10786377 0.22422441 -0.17230034 0.03405736 -0.02499820 0.98413809
1463163794.96253 0.27325444 0.10811118 0.21096973 -0.17092845 0.02695289 -0.01463143 0.98480604
1463163795.23022 0.21212111 0.10695888 0.19036880 -0.17101279 0.02809816 -0.01179319 0.98479746
1463163795.36272 0.18001648 0.10533984 0.18160998 -0.16388206 0.02705257 -0.01758059 0.98595220
1463163795.49607 0.14876678 0.10665037 0.17034216 -0.16474893 0.02322840 -0.01812091 0.98589546
1463163795.62954 0.12009710 0.10726078 0.15701785 -0.16911237 0.02018810 -0.01825374 0.98522091
1463163795.76264 0.09352682 0.10715123 0.14455218 -0.16171571 0.01242273 -0.02618245 0.98641177
1463163796.02933 0.03230014 0.10582352 0.11029635 -0.16071844 -0.00611952 -0.03198913 0.98646279
1463163796.16260 -0.00190925 0.10210751 0.09309448 -0.16265431 -0.02823072 -0.03007931 0.98582039
1463163796.26274 -0.02901627 0.09866463 0.08237098 -0.16625459 -0.04650039 -0.01419296 0.98488359
1463163796.36313 -0.05517352 0.09344899 0.07346448 -0.17280599 -0.05938878 0.00284958 0.98315967
1463163796.49607 -0.08882091 0.08459612 0.06433346 -0.16520957 -0.06777987 -0.01080525 0.98386734
1463163796.62970 -0.12220459 0.07247012 0.05707109 -0.14956015 -0.07185231 -0.02088685 0.98591721
1463163796.76272 -0.15346926 0.05794226 0.04940767 -0.13399572 -0.08104848 -0.02920101 0.98723026
1463163796.96317 -0.18135542 0.03543781 0.03894379 -0.13096671 -0.08184576 -0.00848156 0.98796612
1463163797.19821 -0.18475551 0.00750096 0.03132767 -0.10015444 -0.08885359 -0.02797653 0.99060156
1463163797.42935 -0.16437600 -0.01820684 0.02018588 -0.08675194 -0.07786631 -0.02327718 0.99290942
1463163797.62967 -0.13884959 -0.03590915 0.00495608 -0.07121979 -0.08705016 -0.03325315 0.99309830
1463163797.86556 -0.10212190 -0.04988388 -0.01451038 -0.07747436 -0.08017887 -0.02646665 0.99341260
1463163798.09633 -0.06720425 -0.06559262 -0.02905860 -0.05408964 -0.07974882 0.00370482 0.99533950
1463163798.29623 -0.03107418 -0.07370615 -0.02725744 -0.03389759 -0.07587520 0.00985529 0.99649224
1463163798.53131 0.02093792 -0.07312344 -0.01568377 -0.03271838 -0.07351813 0.00969134 0.99670992
1463163798.76290 0.07231702 -0.07409659 -0.00448912 -0.04402725 -0.06225529 0.00446215 0.99707872
1463163798.99643 0.12217368 -0.07925177 0.01003172 -0.04313304 -0.05824647 0.00145869 0.99736892
1463163799.19897 0.16838083 -0.08288294 0.01590540 -0.03008855 -0.07285207 0.00325249 0.99688348
1463163799.39624 0.21643959 -0.08283089 0.01944365 -0.03540829 -0.09657788 -0.00317388 0.99469035
1463163799.62962 0.27102586 -0.08171694 0.03500505 -0.04802677 -0.10736698 -0.00490791 0.99304666
