1461163278.28562 0.00000790 0.00006368 0.00003156 0.00000725 0.00000897 -0.00004758 1.00000000
1461163279.36565 0.02987567 -0.00292320 -0.00840354 -0.01001704 0.06002584 0.00277963 0.99814269
1461163280.08620 0.07150827 -0.01293562 -0.02667456 -0.00276486 0.09889147 -0.01287702 0.99501106
1461163280.98535 0.09643565 -0.02412155 -0.04887089 0.02380777 0.14128225 -0.01159587 0.98961510
1461163281.88550 0.07422855 -0.06163120 -0.00077348 0.01899437 0.15143178 -0.03339531 0.98772080
1461163282.10540 0.04197285 -0.09321953 0.04237153 0.02919855 0.15435357 0.01680926 0.98744107
1461163282.26564 0.01768596 -0.12769048 0.07640415 0.06115165 0.15942852 0.02672591 0.98495114
1461163282.50535 -0.01694883 -0.15880718 0.12911671 0.05548554 0.14868989 0.05407363 0.98584416
1461163282.72530 -0.04399926 -0.16668911 0.17555668 0.02202883 0.16251491 0.06598246 0.98425096
1461163282.92523 -0.06606307 -0.19231759 0.23776462 -0.00067941 0.17035211 0.06151015 0.98346134
1461163283.04559 -0.07971929 -0.22793755 0.28629125 -0.00902073 0.15945598 0.04284294 0.98623369
1461163283.18532 -0.08083733 -0.29332070 0.34155322 0.01653526 0.16669738 0.03607272 0.98520928
1461163283.30628 -0.08455379 -0.35469579 0.38818640 0.04866931 0.15991857 0.04087662 0.98508195
1461163283.44525 -0.10341360 -0.41906464 0.44147426 0.06822143 0.14517193 0.04067492 0.98621321
1461163283.58528 -0.13175449 -0.48202745 0.48536995 0.07975128 0.13726025 0.03605180 0.98666085
1461163283.76536 -0.18188722 -0.55036183 0.54715601 0.08274735 0.12781012 0.03681502 0.98765485
1461163283.90591 -0.23988734 -0.59481807 0.60784347 0.09792326 0.10176333 0.02539897 0.98965153
1461163284.04568 -0.30348798 -0.62616307 0.67685511 0.09941650 0.08383490 0.03631380 0.99084276
1461163284.18541 -0.37809687 -0.66082815 0.74394534 0.09601568 0.06352663 0.04075330 0.99251424
1461163284.32589 -0.44049639 -0.69722337 0.80269613 0.10213205 0.08596259 0.03852900 0.99030046
1461163284.48533 -0.51832012 -0.72365256 0.86468546 0.10268984 0.09591903 0.04649691 0.98898553
1461163284.62526 -0.60069363 -0.74438911 0.91787083 0.10059027 0.09152279 0.05915614 0.98894172
1461163284.74550 -0.68085197 -0.76427484 0.96594758 0.09275363 0.08071642 0.08493201 0.98877104
1461163284.88533 -0.76843830 -0.80828380 1.01117873 0.11119441 0.08337593 0.09238229 0.98597656
1461163284.98523 -0.83498267 -0.84323343 1.04345847 0.12788406 0.07079615 0.09402173 0.98478093
1461163285.10714 -0.91608478 -0.87619454 1.07915372 0.13977821 0.05786378 0.09320529 0.98408669
1461163285.22522 -1.00550701 -0.90573214 1.11631833 0.13605494 0.03501500 0.09666176 0.98535248
1461163285.32531 -1.08193056 -0.92996349 1.14174008 0.15426675 0.01773707 0.09762820 0.98303403
1461163285.44539 -1.17566241 -0.95153098 1.17585189 0.16746287 0.01108403 0.09864559 0.98086818
1461163285.56531 -1.27290646 -0.97079265 1.21096827 0.18012506 0.01304342 0.09747327 0.97871538
1461163285.66553 -1.35379496 -0.98215529 1.24228496 0.16904119 0.01168758 0.11379210 0.97894833
1461163285.78521 -1.45174084 -0.99731848 1.27375252 0.16884731 0.00404274 0.11202955 0.97924646
1461163285.88538 -1.54171292 -1.01192654 1.29776141 0.16880164 -0.02106579 0.11151500 0.97909481
1461163285.98532 -1.62699124 -1.02583758 1.31869872 0.18294334 -0.03136043 0.11449414 0.97592999
1461163286.08522 -1.71471227 -1.03151573 1.34587746 0.18392924 -0.05207938 0.12311472 0.97380724
1461163286.18523 -1.80614768 -1.02974050 1.37575812 0.17009309 -0.07072549 0.13870815 0.97305000
1461163286.30684 -1.91117837 -1.04625492 1.40685238 0.17369879 -0.07485324 0.14053300 0.97184165
1461163286.40544 -2.00476140 -1.05311577 1.43399755 0.16840995 -0.09613628 0.13711095 0.97138895
1461163286.50521 -2.09731975 -1.04753770 1.46550160 0.14559016 -0.11731145 0.14405406 0.97174583
1461163286.60527 -2.18296086 -1.03376114 1.49855957 0.12646428 -0.12153532 0.14741230 0.97339897
1461163286.68523 -2.24901406 -1.01641500 1.52824633 0.09679343 -0.11921942 0.16391737 0.97444798
1461163286.76523 -2.31190928 -1.00342152 1.55872208 0.07750413 -0.10987674 0.17733999 0.97492089
1461163286.86518 -2.38776309 -0.98980232 1.59498382 0.06424041 -0.10559096 0.19194543 0.97359163
1461163286.98517 -2.46905941 -0.97085424 1.63045395 0.06632827 -0.10932452 0.21027381 0.96924385
1461163287.10516 -2.53819832 -0.93279326 1.65105380 0.04548174 -0.10407455 0.19915174 0.97336452
1461163287.20511 -2.59203470 -0.89507145 1.65661866 0.02821761 -0.10909700 0.20008690 0.97327634
1461163287.32514 -2.65109040 -0.84732939 1.65422765 0.01650103 -0.11051600 0.20645496 0.97205467
1461163287.44504 -2.70105315 -0.80691494 1.64675680 0.01344249 -0.12037147 0.21534812 0.96899701
1461163287.62509 -2.73632948 -0.75769537 1.64724927 0.01053402 -0.11325949 0.20425007 0.97228763
1461163287.78507 -2.73581060 -0.71168705 1.65998129 -0.00017630 -0.09130954 0.19993805 0.97554462
1461163287.88526 -2.72459321 -0.67609196 1.67303214 -0.01335324 -0.06912077 0.21798702 0.97340930
1461163287.98510 -2.70424026 -0.63771891 1.68535158 -0.02991210 -0.04945922 0.20921672 0.97615952
1461163288.08526 -2.67160078 -0.60368544 1.69806017 -0.04360370 -0.02548881 0.21445443 0.97542726
1461163288.18512 -2.62730546 -0.58266135 1.71151026 -0.04611061 0.00067614 0.21147686 0.97629447
1461163288.28496 -2.57340638 -0.56787495 1.72293754 -0.05064778 0.02333593 0.20114979 0.97797188
1461163288.36507 -2.51690043 -0.55511089 1.73060150 -0.05307662 0.05826874 0.19594117 0.97744293
1461163288.44515 -2.45249376 -0.54161194 1.73823047 -0.05592965 0.09476821 0.19303272 0.97500217
1461163288.52530 -2.38764921 -0.53306155 1.74670600 -0.05104069 0.11384351 0.18537898 0.97471490
1461163288.60505 -2.32277251 -0.52967555 1.75378266 -0.04783562 0.12903115 0.18030612 0.97393656
1461163288.70518 -2.24570204 -0.52920825 1.76080466 -0.04146628 0.13230500 0.17949414 0.97393932
1461163288.80707 -2.16868358 -0.52726951 1.76665900 -0.04314598 0.14037983 0.18223943 0.97222462
1461163288.90517 -2.08991273 -0.52571312 1.77416411 -0.04591275 0.14949661 0.16936239 0.97306688
1461163289.00783 -2.00857283 -0.51793892 1.78411943 -0.06034351 0.16372159 0.16879707 0.97008322
1461163289.08511 -1.94076943 -0.51219324 1.79424447 -0.06990588 0.17803078 0.15674463 0.96894238
1461163289.16491 -1.86699947 -0.50422163 1.80525449 -0.07007988 0.20383136 0.16156298 0.96303634
1461163289.24502 -1.79650965 -0.49604591 1.82140968 -0.07005786 0.21727766 0.16327430 0.95980405
1461163289.32523 -1.72500693 -0.48938016 1.84321091 -0.07331279 0.22612199 0.15260517 0.95927355
1461163289.40752 -1.65125357 -0.47670571 1.86626951 -0.09376062 0.24489933 0.14840640 0.95352441
1461163289.48579 -1.57786313 -0.47515408 1.88832832 -0.08820765 0.26974540 0.14592393 0.94771464
1461163289.58518 -1.49680318 -0.47502526 1.91551549 -0.08813054 0.28613899 0.14914703 0.94239729
1461163289.68518 -1.42394157 -0.47470912 1.94032825 -0.10110913 0.29898828 0.14566417 0.93763794
1461163289.80702 -1.34022310 -0.47617461 1.96537122 -0.10567269 0.31526097 0.15032163 0.93104630
1461163289.90735 -1.27096889 -0.47781962 1.98487998 -0.10056531 0.33142277 0.15659044 0.92494594
1461163290.02491 -1.18897368 -0.47784236 2.00935922 -0.09938112 0.34431036 0.15878774 0.91997838
1461163290.12504 -1.11779387 -0.48417820 2.02514620 -0.08115849 0.36224515 0.15904148 0.91482105
1461163290.24526 -1.03801398 -0.48772504 2.04514261 -0.07493605 0.37353337 0.15718100 0.91112653
1461163290.36494 -0.96269116 -0.49005736 2.06457674 -0.07432849 0.38507924 0.15354022 0.90698107
1461163290.48505 -0.89187243 -0.48488391 2.08123923 -0.08744116 0.39962929 0.15369559 0.89945992
1461163290.62499 -0.81306239 -0.47389871 2.10392562 -0.09975903 0.41632925 0.15594681 0.89016778
1461163290.74478 -0.74547693 -0.45898417 2.12715494 -0.10809524 0.43283085 0.16136458 0.88030355
1461163290.84487 -0.68789001 -0.44279725 2.15262660 -0.12013779 0.44778676 0.16903498 0.86975923
1461163290.94488 -0.62965967 -0.43305316 2.18184007 -0.10839955 0.46365211 0.18450424 0.85978744
1461163291.04494 -0.56881631 -0.42721008 2.21328394 -0.11200517 0.48335779 0.17836355 0.84970968
1461163291.14498 -0.50900763 -0.43459844 2.24697864 -0.10009223 0.49744706 0.18088533 0.84250131
1461163291.22557 -0.46360879 -0.44690812 2.27494273 -0.08292272 0.50282912 0.18236326 0.84085097
1461163291.32550 -0.41104612 -0.46104531 2.30715142 -0.07907494 0.50895847 0.17102832 0.83991531
1461163291.42498 -0.35621318 -0.47399047 2.33609893 -0.06642841 0.51380805 0.15918030 0.84038692
1461163291.50659 -0.31012640 -0.48680641 2.35661386 -0.04221068 0.52270334 0.13898594 0.84004904
1461163291.60712 -0.25542366 -0.49464884 2.38355832 -0.01825377 0.52582930 0.14032863 0.83873609
1461163291.70703 -0.20199045 -0.50382908 2.41328379 0.00743973 0.52679061 0.13992399 0.83836602
1461163291.78516 -0.16151159 -0.50982069 2.43595266 0.03039750 0.52971206 0.15035649 0.83419066
1461163291.84492 -0.13400892 -0.51921300 2.45390899 0.05876718 0.52614880 0.15239396 0.83455973
1461163291.90684 -0.11115955 -0.52389390 2.47544973 0.06574481 0.51257602 0.15132102 0.84264191
1461163291.96483 -0.09103556 -0.52134896 2.49798243 0.04593002 0.49769752 0.15021315 0.85300857
1461163292.04484 -0.06418562 -0.51893328 2.52394006 0.02125495 0.48623594 0.13492877 0.86308578
1461163292.14478 -0.03411293 -0.51504958 2.54938326 0.00855981 0.47882382 0.13466256 0.86747938
1461163292.24481 -0.00629548 -0.50908587 2.57044773 -0.00128759 0.47937774 0.12867444 0.86812338
1461163292.36567 0.02630747 -0.50221935 2.59563856 -0.00601597 0.48767391 0.11458524 0.86545259
1461163292.44487 0.05003332 -0.49139310 2.61702214 -0.01088152 0.49290598 0.12363224 0.86118544
1461163292.52565 0.07714341 -0.48423380 2.63851451 -0.01245285 0.50142178 0.11690076 0.85717871
1461163292.60725 0.10479242 -0.47689721 2.66354980 -0.02075165 0.51157229 0.11436004 0.85134302
1461163292.66484 0.12390796 -0.47420496 2.68640042 -0.02619038 0.51185315 0.11284772 0.85122606
1461163292.72503 0.14314422 -0.47362728 2.71066292 -0.03115336 0.51460506 0.10757354 0.85008178
1461163292.78513 0.16242213 -0.47412416 2.73673729 -0.03260624 0.51094979 0.10505896 0.85254312
1461163292.88531 0.19214436 -0.47969105 2.77773380 -0.03347368 0.50708214 0.09202732 0.85631664
1461163293.02534 0.23577699 -0.48784572 2.81985433 -0.02407347 0.51055400 0.09036230 0.85474542
1461163293.12545 0.25487243 -0.48754983 2.85073471 -0.03396210 0.49007282 0.08810073 0.86655263
1461163293.24501 0.27661607 -0.48633486 2.88664604 -0.02509758 0.46616751 0.09555510 0.87916277
1461163293.34476 0.29149187 -0.48452034 2.91992687 -0.01368146 0.43694263 0.10701577 0.89299585
1461163293.44538 0.30302737 -0.48406092 2.95468193 -0.01338661 0.40917877 0.09844887 0.90702886
1461163293.62472 0.32831793 -0.49973542 3.00231724 -0.00424238 0.37005266 0.07622498 0.92586866
1461163293.76482 0.34558408 -0.53367701 3.03233888 0.03963603 0.35593644 0.02994894 0.93318878
1461163293.90642 0.35411216 -0.55798264 3.06137962 0.07239955 0.32832498 0.00372607 0.94177870
1461163294.08480 0.36728854 -0.56376708 3.10195826 0.09720623 0.29222632 0.00619215 0.95137605
1461163294.22510 0.37665088 -0.57096109 3.13989704 0.12886464 0.25414576 -0.01235465 0.95846294
1461163294.46478 0.40567834 -0.57546716 3.18753492 0.16519933 0.21782292 -0.00891970 0.96186423
1461163294.68477 0.41616828 -0.57035614 3.23290765 0.14464416 0.17545715 -0.01934279 0.97361117
1461163294.88476 0.42692075 -0.55510891 3.27596826 0.12988687 0.13488277 -0.01615685 0.98217870
1461163295.04476 0.42841574 -0.55912237 3.30771909 0.14334992 0.09387157 -0.01263543 0.98512906
1461163295.24477 0.42996175 -0.55618110 3.34166558 0.13085419 0.04163785 -0.01184436 0.99045605
1461163295.42471 0.43172954 -0.54900167 3.38395016 0.11541360 0.00815166 0.00219720 0.99328164
1461163295.58477 0.43925440 -0.54651897 3.42528616 0.12372507 -0.02141810 0.00805724 0.99205265
1461163295.74467 0.44512962 -0.53416624 3.48385674 0.10816918 -0.03981033 0.00421990 0.99332611
1461163295.90647 0.44846447 -0.52486248 3.53482467 0.08499732 -0.05826304 -0.00252509 0.99467306
1461163296.06465 0.44574979 -0.52009885 3.57914296 0.08130447 -0.08094793 -0.00960979 0.99335022
1461163296.26466 0.43954585 -0.50894522 3.62419203 0.07179980 -0.10659253 0.00265262 0.99170348
1461163296.42467 0.42353227 -0.50010407 3.65991230 0.06500909 -0.14658851 0.00175698 0.98705752
1461163296.56460 0.40274159 -0.50170248 3.68588294 0.07213163 -0.19417990 -0.00619084 0.97829079
1461163296.74459 0.38048800 -0.50495445 3.71765422 0.06388749 -0.23822600 -0.00655309 0.96908401
1461163296.96460 0.34937811 -0.50942538 3.76397811 0.05568712 -0.26693116 0.00289524 0.96210099
1461163297.10632 0.31474014 -0.50773342 3.80106875 0.05358850 -0.28064081 -0.00465501 0.95830441
1461163297.22484 0.27684100 -0.50969430 3.83499019 0.05507134 -0.28861060 -0.01382839 0.95576140
1461163297.46455 0.18421941 -0.51512362 3.89142621 0.04487216 -0.30509089 -0.01026091 0.95121015
1461163297.62452 0.11373371 -0.53420414 3.91560403 0.05810495 -0.33452681 -0.00833670 0.94055629
1461163297.76455 0.05094383 -0.54396400 3.93917746 0.06285562 -0.35366386 -0.00772162 0.93322635
1461163297.90626 -0.01917383 -0.55299580 3.96650888 0.06824911 -0.37115958 -0.00247224 0.92605427
1461163298.00621 -0.06899337 -0.56466603 3.97856860 0.07617845 -0.38827848 0.00605039 0.91836815
1461163298.08452 -0.11313707 -0.57150913 3.98791584 0.07125029 -0.40302260 0.00002223 0.91241228
1461163298.14472 -0.14798653 -0.57689086 3.99171191 0.06818361 -0.42005325 -0.00740008 0.90490414
1461163298.22451 -0.18935998 -0.58355471 3.99888527 0.05926945 -0.42965624 -0.00468834 0.90103311
1461163298.34458 -0.25761780 -0.59351745 4.00811649 0.05924006 -0.45386575 -0.00513537 0.88908387
1461163298.40694 -0.29488732 -0.59861099 4.01575632 0.06350343 -0.46134440 -0.00423160 0.88493545
1461163298.58459 -0.39569910 -0.60131005 4.03789320 0.06133020 -0.47091410 -0.00049630 0.88004447
1461163298.72458 -0.48329943 -0.60391909 4.05401413 0.04996247 -0.47983355 -0.01030138 0.87587522
1461163298.86446 -0.56784212 -0.61237678 4.07253895 0.04554139 -0.48288682 -0.00796151 0.87446150
1461163298.98450 -0.63891310 -0.61838610 4.08764904 0.03982711 -0.49341201 -0.00636352 0.86886011
1461163299.08449 -0.70095473 -0.62200135 4.10599582 0.04144455 -0.50109569 -0.00337577 0.86439231
1461163299.16493 -0.75261015 -0.62518206 4.12206047 0.04117842 -0.51005190 -0.00142972 0.85915618
1461163299.24450 -0.80203210 -0.63349519 4.13586969 0.04804634 -0.52180771 -0.00057499 0.85170883
1461163299.38454 -0.88693068 -0.65335295 4.15459046 0.05142544 -0.54819763 0.00506038 0.83475097
1461163299.50627 -0.95700215 -0.66715743 4.16950863 0.05003289 -0.57173253 -0.01142617 0.81883336
1461163299.64452 -1.03480608 -0.67990024 4.19194239 0.03781748 -0.58590898 -0.00274991 0.80948931
1461163299.78450 -1.12023761 -0.68617404 4.21666965 0.04510639 -0.59850668 -0.00496560 0.79983155
1461163299.90624 -1.19942039 -0.68898901 4.24043522 0.04975799 -0.60228566 -0.01648947 0.79655773
1461163300.02488 -1.27835080 -0.69329211 4.26210268 0.04775793 -0.60960327 -0.03639659 0.79042920
1461163300.16445 -1.36653897 -0.70156586 4.28763576 0.03700615 -0.61587473 -0.03696631 0.78610582
1461163300.30634 -1.45378967 -0.70846113 4.31849299 0.02995825 -0.62146972 -0.03322252 0.78215993
1461163300.44433 -1.54697123 -0.71517750 4.35755157 0.03293652 -0.62191384 -0.02686904 0.78193121
1461163300.58439 -1.64097729 -0.72870907 4.38899242 0.02755958 -0.63302262 -0.01977085 0.77338991
1461163300.70617 -1.71888841 -0.74142825 4.40899873 0.01317596 -0.64137102 -0.01300820 0.76700743
1461163300.80657 -1.78386193 -0.75106951 4.41823619 0.00224875 -0.65479735 -0.01758692 0.75559650
1461163300.92563 -1.86368344 -0.76390441 4.43164199 0.00399009 -0.66152995 -0.01309266 0.74979383
1461163301.04458 -1.94688295 -0.76989404 4.44345585 0.01224103 -0.66915762 -0.01870543 0.74278418
1461163301.14434 -2.01786086 -0.77711364 4.45626919 0.02162693 -0.66844171 -0.02261148 0.74310610
1461163301.28433 -2.11572351 -0.78788709 4.46891493 0.02866873 -0.66987974 -0.03817044 0.74093337
1461163301.40634 -2.19923409 -0.79698888 4.48291108 0.01737315 -0.66566425 -0.03975195 0.74498930
1461163301.52441 -2.27693960 -0.80819200 4.49808464 0.01571779 -0.66283916 -0.02844969 0.74805603
1461163301.64471 -2.35961938 -0.81339072 4.51620385 0.01448922 -0.66424140 -0.02144044 0.74707010
1461163301.76441 -2.44560113 -0.82294103 4.53720509 0.01514998 -0.66063561 -0.01474828 0.75040892
1461163301.90619 -2.54123884 -0.84240375 4.55720433 0.00899081 -0.66280105 0.00117659 0.74874064
1461163302.02438 -2.61782334 -0.85444776 4.57321941 0.00047770 -0.67043120 -0.01287791 0.74185979
1461163302.15735 -2.69066877 -0.87128647 4.59583843 -0.00187234 -0.66671875 -0.00323887 0.74530001
1461163302.26594 -2.77035514 -0.88027513 4.61947195 0.00414657 -0.66666258 -0.00374390 0.74533871
1461163302.38428 -2.85228710 -0.88442113 4.64730216 0.00939011 -0.66141425 -0.01141523 0.74987513
1461163302.50692 -2.93365217 -0.89452929 4.67337750 0.01235595 -0.65464281 -0.01539307 0.75568060
1461163302.62449 -3.00845914 -0.90715554 4.69376348 0.01494221 -0.65297243 -0.02429469 0.75684444
1461163302.74446 -3.08154469 -0.91987495 4.71382094 0.01451818 -0.65110662 -0.02354788 0.75848197
1461163302.86426 -3.15670503 -0.92914317 4.73376730 0.01293350 -0.64918540 -0.01928306 0.76027574
1461163303.02444 -3.25751269 -0.94314069 4.75954441 0.02070611 -0.64999713 -0.01366519 0.75953160
1461163303.18431 -3.35878245 -0.96117992 4.77496232 0.01953156 -0.65663090 -0.00568466 0.75393770
1461163303.32484 -3.43602726 -0.97332663 4.77602673 0.01817916 -0.67697714 -0.01717032 0.73557913
1461163303.46451 -3.49739412 -0.98547983 4.76956390 0.02173276 -0.70094313 -0.01088110 0.71280293
1461163303.72436 -3.57684229 -0.98754162 4.76854198 0.01481642 -0.72412734 -0.01303699 0.68938385
1461163303.94430 -3.58984625 -0.97978697 4.77111636 0.00979932 -0.76631208 -0.02618880 0.64185974
1461163304.08435 -3.58241208 -0.97356233 4.78881030 0.01210431 -0.79832606 -0.04097767 0.60070776
1461163304.24432 -3.57066960 -0.97406468 4.82117490 0.00710270 -0.82316148 -0.04492212 0.56598298
1461163304.46432 -3.58016540 -0.97353745 4.87972020 -0.00597596 -0.83066765 -0.05806769 0.55369999
1461163304.68425 -3.62461420 -0.96836005 4.92143001 -0.00208858 -0.84149303 -0.07265884 0.53535578
1461163304.86422 -3.67176201 -0.96646501 4.93738284 0.00687900 -0.86051243 -0.08731075 0.50184446
1461163305.00616 -3.70859295 -1.00061421 4.93951707 0.03122322 -0.87941987 -0.07749335 0.46865827
1461163305.14459 -3.74799595 -1.04474125 4.93849175 0.04521864 -0.89370638 -0.05935401 0.44240398
1461163305.32419 -3.80455835 -1.10182444 4.93903921 0.06268979 -0.89548939 -0.05859904 0.43673205
1461163305.44416 -3.84025966 -1.15221216 4.93628295 0.06342567 -0.90481992 -0.02647304 0.42021098
1461163305.56421 -3.87235341 -1.19274074 4.93121340 0.07287696 -0.91507225 -0.02424248 0.39590912
1461163305.68420 -3.89866024 -1.23736267 4.92583906 0.07113779 -0.92867606 -0.00737154 0.36393111
1461163305.80598 -3.92460284 -1.27820893 4.91853771 0.09025913 -0.93793076 -0.00988321 0.33472602
1461163305.90624 -3.94317763 -1.31737403 4.91011274 0.09384658 -0.94619368 0.00733795 0.30960700
1461163306.04418 -3.97662400 -1.36587740 4.90228321 0.07795946 -0.95132065 0.02128602 0.29741933
1461163306.20413 -4.00484395 -1.40828332 4.87836885 0.05400526 -0.96011355 0.02682481 0.27303082
1461163306.34410 -4.01103726 -1.45147687 4.85638126 0.04260528 -0.96671953 0.04968988 0.24732377
1461163306.46415 -4.01122056 -1.48945119 4.84326222 0.03567350 -0.97270154 0.06753103 0.21913162
1461163306.62454 -4.01367438 -1.53829877 4.82911548 0.02065479 -0.97673212 0.07781223 0.19877877
1461163306.86418 -4.02039116 -1.57036364 4.80275803 0.00449694 -0.98402798 0.06697409 0.16487323
1461163307.04403 -4.02418916 -1.54519709 4.77255984 0.01802679 -0.99072022 0.04422279 0.12725102
1461163307.16403 -4.02889379 -1.50676854 4.74981595 0.01682054 -0.99377663 0.03050551 0.10580401
1461163307.26406 -4.03159171 -1.46980202 4.73238644 0.02104039 -0.99388058 0.02614362 0.10523878
1461163307.34407 -4.03366867 -1.43667203 4.71821853 0.01779555 -0.99283785 0.01801843 0.11675469
1461163307.42410 -4.03181473 -1.40188285 4.70268096 0.02073342 -0.99219851 0.00793686 0.12267538
1461163307.50422 -4.03170458 -1.36660594 4.68662704 0.00519719 -0.99114334 -0.00056258 0.13269342
1461163307.58422 -4.02991463 -1.33190740 4.67087038 -0.00179251 -0.98974325 -0.00846409 0.14259542
1461163307.66417 -4.03103627 -1.30092496 4.65836533 0.00665855 -0.98587366 -0.01320378 0.16683659
1461163307.74406 -4.03100868 -1.26910549 4.64638036 0.00465779 -0.98141781 -0.02794269 0.18978037
1461163307.82405 -4.02472299 -1.23959908 4.63164725 0.00242362 -0.97924523 -0.04182881 0.19830093
1461163307.92415 -4.01725974 -1.21306114 4.61143560 0.02648903 -0.97730654 -0.04574118 0.20512924
1461163308.00592 -4.01086102 -1.18655987 4.59183837 -0.00235597 -0.97664899 -0.05215723 0.20840064
1461163308.08411 -4.00405506 -1.15992162 4.56569161 -0.00500574 -0.97726859 -0.05278219 0.20526834
1461163308.16415 -4.00093938 -1.12762102 4.53551345 0.00852451 -0.97395877 -0.07195161 0.21483624
1461163308.26405 -3.99759373 -1.09746780 4.48838095 0.00444598 -0.97116963 -0.08315063 0.22337359
1461163308.34398 -3.99367200 -1.08447160 4.44675306 0.00350350 -0.96950979 -0.07909936 0.23190900
1461163308.42408 -3.99042637 -1.07635162 4.40288964 0.01908829 -0.96659333 -0.08213670 0.24204657
1461163308.54410 -3.98318720 -1.06420671 4.33516228 0.02584082 -0.96354043 -0.10280915 0.24566719
1461163308.68397 -3.97683615 -1.05067289 4.26150921 0.00852288 -0.96420668 -0.09729800 0.24650747
1461163308.80573 -3.97315058 -1.03311362 4.19327128 0.00761759 -0.96608876 -0.09475607 0.24007449
1461163308.90595 -3.97757344 -1.01730113 4.13003007 0.01143942 -0.96624594 -0.09766110 0.23811811
1461163308.98398 -3.98660311 -1.01168062 4.07760036 0.01440198 -0.96578619 -0.09227577 0.24193967
1461163309.04403 -3.99449353 -1.01182618 4.03770423 0.02128161 -0.96525785 -0.08583646 0.24587897
1461163309.12391 -4.00566745 -1.01202818 3.98739339 0.03538484 -0.96347124 -0.09423236 0.24817602
1461163309.18390 -4.01562227 -1.01658816 3.94673975 0.03403948 -0.96381661 -0.08613154 0.24996044
1461163309.24388 -4.02705356 -1.01703417 3.90611406 0.02732120 -0.96341331 -0.08960241 0.25111702
1461163309.30660 -4.04003066 -1.01926901 3.86768295 0.02281647 -0.96304906 -0.08340067 0.25506910
1461163309.36466 -4.05420648 -1.01948291 3.83030602 0.01841199 -0.96240585 -0.07811795 0.25948712
1461163309.44509 -4.07410293 -1.01651205 3.77967300 0.02174534 -0.96306038 -0.07241552 0.25845276
1461163309.52522 -4.09917284 -1.01048881 3.72934688 0.01893372 -0.96074144 -0.06779964 0.26836656
1461163309.58391 -4.11641130 -1.00539408 3.68834899 0.01523149 -0.96201820 -0.06595022 0.26446088
1461163309.64457 -4.13363081 -1.00160983 3.64679092 0.01525697 -0.96289992 -0.06718263 0.26091658
1461163309.74396 -4.15440052 -0.99524581 3.57668200 0.01345569 -0.96711725 -0.07773422 0.24178618
1461163309.84384 -4.17004682 -0.99190820 3.50645449 0.02810962 -0.97355646 -0.08762766 0.20909104
1461163309.94391 -4.18578070 -0.98545786 3.43904670 0.02350450 -0.97797095 -0.09404023 0.18486968
1461163310.06392 -4.20959824 -0.97497391 3.35657721 0.03277250 -0.98216119 -0.09240293 0.16045890
1461163310.18384 -4.23929024 -0.96031212 3.26798068 0.04581265 -0.98406356 -0.09161526 0.14535047
1461163310.28390 -4.26538901 -0.95260734 3.19334842 0.05289616 -0.98428919 -0.08864126 0.14324631
1461163310.38392 -4.28265950 -0.94919807 3.11803534 0.06510237 -0.98443771 -0.09407579 0.13339351
1461163310.48395 -4.29630765 -0.95191529 3.04034323 0.06454058 -0.98791675 -0.08875455 0.10944241
1461163310.58387 -4.31982977 -0.95499539 2.96515661 0.06326120 -0.98764167 -0.08754200 0.11357093
1461163310.70579 -4.34920395 -0.95549318 2.87560618 0.05875122 -0.98892096 -0.07379316 0.11462195
1461163310.82434 -4.38186633 -0.94787845 2.78604094 0.04456449 -0.98919994 -0.07736153 0.11624405
1461163310.92427 -4.40207887 -0.94958988 2.70975731 0.03823862 -0.99211686 -0.06446961 0.10042719
1461163311.02415 -4.41639483 -0.95082242 2.64135684 0.04910279 -0.99259888 -0.07663613 0.08039457
1461163311.12403 -4.42878012 -0.95576430 2.57581073 0.04620143 -0.99392314 -0.07862241 0.06165012
1461163311.22396 -4.43957004 -0.95749459 2.50715435 0.03571566 -0.99603405 -0.06945443 0.04262215
1461163311.30589 -4.45069207 -0.94892832 2.44906098 0.04010062 -0.99619248 -0.07204271 0.02832532
1461163311.40655 -4.47246474 -0.93547595 2.37331572 0.04005496 -0.99598815 -0.07525046 0.02721365
1461163311.50553 -4.48961046 -0.92851293 2.29739244 0.05227332 -0.99570916 -0.07337392 0.02114303
1461163311.60636 -4.49998244 -0.92378399 2.21979077 0.03866866 -0.99656371 -0.07284584 0.00768095
1461163311.70562 -4.51419517 -0.92109397 2.14997863 0.04237608 -0.99534899 -0.08624733 -0.00678640
1461163311.80640 -4.52939909 -0.92142324 2.08023651 0.03473845 -0.99597728 -0.08080098 -0.01713785
1461163311.88387 -4.54325939 -0.91603414 2.02439130 0.02020086 -0.99629248 -0.08009250 -0.02405035
1461163311.96385 -4.55610266 -0.90483573 1.96595949 0.02373543 -0.99560713 -0.08604038 -0.02828634
1461163312.04367 -4.57135985 -0.89894589 1.90994042 0.01550297 -0.99593287 -0.07906325 -0.04032849
1461163312.12427 -4.58304485 -0.89138753 1.85144610 0.02020600 -0.99453101 -0.08571988 -0.05614163
1461163312.20581 -4.59142059 -0.88888326 1.79438125 0.01143568 -0.99287253 -0.08920199 -0.07820723
1461163312.28377 -4.60312046 -0.89298075 1.74390545 0.01023024 -0.99156989 -0.09084629 -0.09182289
1461163312.36396 -4.61203782 -0.89587134 1.69649285 0.01417264 -0.98925810 -0.09588471 -0.10942426
1461163312.46378 -4.62448700 -0.89284523 1.64005905 0.00746392 -0.98654845 -0.10580473 -0.12438574
1461163312.54396 -4.63147242 -0.88483994 1.59486479 0.00708697 -0.98390231 -0.10986563 -0.14076780
1461163312.62413 -4.63914504 -0.87359285 1.55253139 0.01038368 -0.98047927 -0.11233876 -0.16103597
1461163312.68374 -4.64461957 -0.86240205 1.51912070 0.01038758 -0.97764154 -0.11763143 -0.17398842
1461163312.74407 -4.64968580 -0.85006832 1.48581785 0.01958162 -0.97394590 -0.12964960 -0.18503222
1461163312.80595 -4.65343110 -0.84241722 1.45185611 0.02660380 -0.97126192 -0.13085256 -0.19702823
1461163312.88452 -4.65814407 -0.83502029 1.40919702 0.03235865 -0.96703975 -0.13468860 -0.21364927
1461163312.96380 -4.66130077 -0.83429032 1.37203767 0.02599696 -0.96226643 -0.13323403 -0.23583082
1461163313.04394 -4.66486348 -0.83154015 1.33703324 0.02284871 -0.95718428 -0.13885411 -0.25297375
1461163313.12567 -4.66735192 -0.82818632 1.30346399 0.01917896 -0.95122749 -0.14537996 -0.27140947
1461163313.20628 -4.66916935 -0.82511900 1.27214794 0.01803226 -0.94460196 -0.15055424 -0.29109344
1461163313.28382 -4.66928133 -0.82280546 1.24374151 0.02255939 -0.93537337 -0.15020396 -0.31938456
1461163313.36413 -4.67074466 -0.81990309 1.21757493 0.02592913 -0.92562002 -0.15304036 -0.34515779
1461163313.44463 -4.67016880 -0.82324264 1.19549370 0.02254674 -0.91483901 -0.14955716 -0.37442475
1461163313.52427 -4.66651877 -0.82733753 1.17872077 0.02836591 -0.89936815 -0.15108945 -0.40927287
1461163313.62410 -4.66178165 -0.83397502 1.16245558 0.02530578 -0.88099054 -0.15194654 -0.44735616
1461163313.74372 -4.65599751 -0.83450048 1.14861740 0.02892922 -0.86021055 -0.15550208 -0.48478863
1461163313.86378 -4.64641654 -0.83677790 1.14246119 0.01713422 -0.83837599 -0.15015938 -0.52372156
1461163314.02406 -4.63177430 -0.83992792 1.13302288 0.02132853 -0.82251982 -0.13153300 -0.55290624
1461163314.10558 -4.62297482 -0.84881777 1.12863213 0.00201452 -0.81801667 -0.11427409 -0.56372520
1461163314.22369 -4.61026773 -0.85901101 1.13021464 -0.00097888 -0.80606962 -0.10154353 -0.58304349
1461163314.32370 -4.60237250 -0.87200834 1.13081613 -0.01297668 -0.79983898 -0.09040791 -0.59322477
1461163314.44368 -4.59905345 -0.88749485 1.13143414 -0.02443874 -0.79115810 -0.08330766 -0.60541841
1461163314.54364 -4.60084881 -0.90569971 1.12958501 -0.04264075 -0.78409406 -0.07335769 -0.61481454
1461163314.64384 -4.60318776 -0.92567214 1.12282704 -0.05739270 -0.78009425 -0.06692261 -0.61941940
1461163314.72396 -4.60694741 -0.94308707 1.11535650 -0.07187740 -0.77926266 -0.05756222 -0.61989511
1461163314.82369 -4.60949965 -0.95840640 1.10973778 -0.06602805 -0.77766943 -0.04520612 -0.62355991
1461163314.92474 -4.60947796 -0.97853231 1.10874402 -0.06398488 -0.77334546 -0.03501364 -0.62977518
1461163315.02361 -4.61300873 -0.99774107 1.10419315 -0.07126309 -0.77531784 -0.03617773 -0.62649421
1461163315.12369 -4.61962588 -1.01564706 1.09708111 -0.07587303 -0.78182046 -0.02906720 -0.61818699
1461163315.24363 -4.62478350 -1.03525712 1.09198545 -0.08105589 -0.78434495 -0.02305861 -0.61457403
1461163315.38366 -4.62839336 -1.05606473 1.09119393 -0.06939235 -0.78599984 -0.01296498 -0.61418309
1461163315.48362 -4.63061934 -1.07760123 1.09182840 -0.07915754 -0.78757109 -0.00592352 -0.61108982
1461163315.58360 -4.63350046 -1.10009258 1.09314976 -0.07611178 -0.79089509 0.00371645 -0.60718871
1461163315.68360 -4.63383852 -1.12296000 1.09564641 -0.08945324 -0.79313624 0.00128295 -0.60243786
1461163315.78358 -4.63208210 -1.14542480 1.10180171 -0.09470926 -0.79116200 0.00264471 -0.60422334
1461163315.88376 -4.63091351 -1.17110702 1.10804869 -0.10552521 -0.79144910 0.00906214 -0.60198889
1461163315.96373 -4.62790509 -1.19094035 1.11794494 -0.11177340 -0.78391163 0.01155674 -0.61061912
1461163316.04394 -4.62544915 -1.21249592 1.12782122 -0.12200656 -0.77773504 0.01905072 -0.61634379
1461163316.14352 -4.62262090 -1.23576304 1.13674774 -0.12956295 -0.77429948 0.02355999 -0.61896582
1461163316.26383 -4.61919717 -1.26096155 1.14179059 -0.13878376 -0.77380014 0.02141678 -0.61766798
1461163316.38352 -4.61452377 -1.28321602 1.14539860 -0.14261985 -0.77292864 0.02109220 -0.61789644
1461163316.48367 -4.60791794 -1.30326793 1.15372513 -0.14678927 -0.76530313 0.02114492 -0.62635208
1461163316.58349 -4.60172973 -1.32450038 1.16038087 -0.14216089 -0.76589818 0.02768646 -0.62643733
1461163316.68399 -4.59529716 -1.34746448 1.16680392 -0.14331076 -0.76411693 0.03943669 -0.62771975
1461163316.78363 -4.58851686 -1.37063823 1.17190428 -0.15009692 -0.76279441 0.04602018 -0.62729399
1461163316.90442 -4.58137534 -1.39469464 1.17479990 -0.14900821 -0.77037087 0.05077703 -0.61785675
1461163317.08348 -4.57111027 -1.41446836 1.17558180 -0.14328984 -0.77978773 0.05253504 -0.60715664
1461163317.28426 -4.56564132 -1.43584951 1.17740168 -0.14354332 -0.78708494 0.05635047 -0.59725810
1461163317.54360 -4.55670782 -1.45557720 1.19028495 -0.14419427 -0.78164583 0.05797579 -0.60405018
1461163317.78337 -4.54495874 -1.46833798 1.20500092 -0.13993051 -0.77347978 0.05338939 -0.61587178
1461163317.92343 -4.53586897 -1.47966720 1.22271053 -0.13361394 -0.76303568 0.05730670 -0.62979346
1461163318.04336 -4.52752719 -1.49241418 1.24369713 -0.13484236 -0.75229823 0.06064132 -0.64201834
1461163318.14377 -4.52051910 -1.50498367 1.26351410 -0.13969228 -0.74429063 0.06212464 -0.65012157
1461163318.22345 -4.51273649 -1.51498690 1.27996826 -0.14471429 -0.73657363 0.06060709 -0.65790869
1461163318.30521 -4.50747043 -1.52750611 1.29758361 -0.14619670 -0.73137145 0.05724028 -0.66366097
1461163318.38370 -4.50163063 -1.54112607 1.31448639 -0.15097868 -0.72755201 0.05782138 -0.66673098
1461163318.46373 -4.49547974 -1.55472971 1.33220201 -0.15608563 -0.72189680 0.05952005 -0.67153530
1461163318.54346 -4.48755975 -1.56581248 1.34940539 -0.15934163 -0.71460105 0.05725555 -0.67873219
1461163318.66343 -4.47259405 -1.57491034 1.36806535 -0.16094329 -0.71027949 0.04596494 -0.68373060
1461163318.80754 -4.45113573 -1.57746995 1.38142402 -0.15716028 -0.71240751 0.02653899 -0.68342656
1461163318.90560 -4.43659897 -1.58161797 1.39662540 -0.15075057 -0.70598150 0.02384093 -0.69158947
1461163318.98408 -4.42616325 -1.58461015 1.41243121 -0.14661257 -0.69636233 0.02041107 -0.70225896
1461163319.04390 -4.42021474 -1.58776966 1.42697001 -0.14709335 -0.68332719 0.01581977 -0.71496660
1461163319.10526 -4.41500927 -1.58977983 1.43978276 -0.15580415 -0.67306059 0.00203507 -0.72298712
1461163319.18343 -4.40704536 -1.59505132 1.45553501 -0.15104877 -0.66825983 0.00587900 -0.72840820
1461163319.26341 -4.39922276 -1.60001714 1.47201833 -0.13960753 -0.66493311 0.00878158 -0.73368697
1461163319.32423 -4.39395978 -1.60466723 1.48506129 -0.14089781 -0.65466204 0.01140300 -0.74258696
1461163319.40331 -4.38728324 -1.60780420 1.49948205 -0.13330592 -0.65303778 0.01286570 -0.74538960
1461163319.46341 -4.38314011 -1.61206389 1.51326150 -0.13001911 -0.64489342 0.01802876 -0.75291598
1461163319.52346 -4.37973587 -1.61829681 1.52850553 -0.13170162 -0.62947199 0.02493344 -0.76537444
1461163319.60493 -4.37620995 -1.62385864 1.54603283 -0.13398782 -0.62069129 0.03493613 -0.77173120
1461163319.68418 -4.37360511 -1.62981309 1.56259100 -0.13545392 -0.61089623 0.04830806 -0.77853989
1461163319.78326 -4.36852853 -1.62529818 1.57710791 -0.12323955 -0.61738952 0.02467587 -0.77655218
1461163319.88339 -4.36361505 -1.62276945 1.59481528 -0.11346574 -0.62296943 0.01260465 -0.77387062
1461163319.96338 -4.35867983 -1.62078442 1.61489914 -0.10601792 -0.61902563 0.00403197 -0.77817171
1461163320.02453 -4.35559802 -1.61553053 1.63197844 -0.08967524 -0.61586731 -0.00563717 -0.78270942
1461163320.08359 -4.35276481 -1.61133820 1.64603171 -0.08061060 -0.62026405 -0.01605250 -0.78007484
1461163320.14348 -4.35040447 -1.60773404 1.66019695 -0.07454253 -0.62477255 -0.02344904 -0.77688661
1461163320.20535 -4.34914382 -1.60246295 1.67923991 -0.06702468 -0.61758319 -0.03717062 -0.78276245
1461163320.26357 -4.34814375 -1.59739131 1.69912015 -0.05702743 -0.61030187 -0.04350873 -0.78891475
1461163320.32343 -4.34669745 -1.59120163 1.71673570 -0.04267646 -0.61147786 -0.04963359 -0.78854934
1461163320.38340 -4.34535731 -1.58419769 1.73433306 -0.03106782 -0.61044426 -0.05634682 -0.78944134
1461163320.44347 -4.34368624 -1.57793111 1.75227102 -0.02415570 -0.60522840 -0.06833885 -0.79274516
1461163320.50509 -4.34087583 -1.57349518 1.76779916 -0.01943193 -0.60278471 -0.07113272 -0.79448923
1461163320.58338 -4.33769351 -1.56591525 1.78664906 -0.00888337 -0.60125845 -0.08024895 -0.79496508
1461163320.68337 -4.33347212 -1.56017451 1.80497681 -0.00533763 -0.60461051 -0.08996130 -0.79140673
1461163320.80338 -4.32841497 -1.55870057 1.82179754 -0.00547450 -0.61243341 -0.09390359 -0.78490602
1461163320.90338 -4.32421219 -1.55861139 1.83608171 -0.00677810 -0.61441874 -0.09658957 -0.78301604
1461163321.04336 -4.31598938 -1.55714582 1.85470949 -0.00113333 -0.62142820 -0.09251950 -0.77798833
1461163321.18328 -4.30643771 -1.55572031 1.87396581 0.00265779 -0.62194913 -0.09335579 -0.77746827
1461163321.30326 -4.29925078 -1.55607760 1.89415042 0.01533427 -0.61565554 -0.08549962 -0.78321321
1461163321.40329 -4.29477423 -1.55800051 1.91186902 0.02221402 -0.60920403 -0.07613392 -0.78903778
1461163321.50356 -4.29004921 -1.56100824 1.92803761 0.02514776 -0.60082234 -0.07139624 -0.79579060
1461163321.62336 -4.28233281 -1.56035570 1.94304544 0.03100895 -0.59647582 -0.06822383 -0.79912487
1461163321.72328 -4.27820038 -1.56041890 1.95702241 0.03217840 -0.58856856 -0.06650217 -0.80506464
1461163321.80320 -4.27569237 -1.56033290 1.96908205 0.03172797 -0.58309664 -0.06557749 -0.80912993
1461163321.88417 -4.27368052 -1.55664177 1.98371753 0.03783492 -0.57389960 -0.06561889 -0.81541519
1461163321.96322 -4.27135104 -1.55154246 1.99804609 0.04652659 -0.57116223 -0.06206581 -0.81716389
1461163322.02328 -4.27133541 -1.54815188 2.01290174 0.04645719 -0.55802543 -0.06833728 -0.82569932
1461163322.10338 -4.27112450 -1.54563440 2.03087238 0.04951392 -0.55437212 -0.06614216 -0.82815768
1461163322.18413 -4.27274850 -1.54475575 2.05069883 0.05468989 -0.54842723 -0.06443769 -0.83191608
1461163322.28326 -4.27606341 -1.54678650 2.07548228 0.05358016 -0.54194949 -0.06556669 -0.83613452
1461163322.38330 -4.27943109 -1.54942654 2.10011312 0.05347752 -0.53794735 -0.06480186 -0.83878097
1461163322.48329 -4.28334220 -1.55005746 2.12467766 0.05590179 -0.54126326 -0.06263306 -0.83665176
1461163322.58331 -4.28961822 -1.55060569 2.15295975 0.05636802 -0.53551984 -0.06404943 -0.84020166
1461163322.68326 -4.29530365 -1.55192358 2.17867355 0.05501372 -0.53473307 -0.06451502 -0.84075671
1461163322.78330 -4.30148946 -1.55029394 2.20572193 0.05659830 -0.52863940 -0.06850978 -0.84418211
1461163322.90517 -4.30801636 -1.54564000 2.23497666 0.05795612 -0.52722644 -0.07283724 -0.84461122
1461163323.04323 -4.31443740 -1.53426386 2.26863427 0.06623107 -0.51881142 -0.08272154 -0.84829553
1461163323.16323 -4.32020583 -1.52600817 2.29993591 0.06801363 -0.50616299 -0.08998677 -0.85502956
1461163323.28327 -4.32383294 -1.51692638 2.32959632 0.07530256 -0.49392274 -0.09618161 -0.86088266
1461163323.40506 -4.32446436 -1.50957944 2.35670979 0.07709144 -0.48553720 -0.09854231 -0.86521671
1461163323.52325 -4.32563533 -1.49804390 2.38326400 0.08260333 -0.47402160 -0.10285497 -0.87057514
1461163323.66326 -4.32275378 -1.48588388 2.40873119 0.08685351 -0.46745264 -0.10807078 -0.87307801
1461163323.82325 -4.31607784 -1.47266341 2.43287245 0.08957897 -0.46096900 -0.11206225 -0.87574268
1461163323.96319 -4.31232794 -1.46129332 2.45617614 0.09556726 -0.45424278 -0.11520801 -0.87821268
1461163324.12324 -4.30985157 -1.44816763 2.48082859 0.09402167 -0.44634948 -0.11774823 -0.88208130
1461163324.26319 -4.31503320 -1.43454028 2.50356662 0.09197144 -0.43118475 -0.12916521 -0.88822143
1461163324.46310 -4.32191159 -1.41217190 2.52958261 0.09340299 -0.43088211 -0.14023102 -0.88653920
1461163324.62349 -4.33131707 -1.38930944 2.55712262 0.10176838 -0.43036794 -0.14438024 -0.88520109
1461163324.78310 -4.34377611 -1.36704814 2.58441060 0.10457626 -0.43283731 -0.15878627 -0.88119384
1461163324.96305 -4.35909834 -1.34334662 2.60796660 0.10370711 -0.44291024 -0.17249114 -0.87368310
1461163325.12321 -4.37625387 -1.31749712 2.62753406 0.10970755 -0.45132972 -0.18155595 -0.86677746
1461163325.29593 -4.39270342 -1.28634781 2.63653008 0.10477719 -0.46995178 -0.19346579 -0.85483218
1461163325.42391 -4.40347592 -1.25016802 2.63859199 0.10529665 -0.48547917 -0.20261149 -0.84390235
1461163325.54316 -4.41377673 -1.21242046 2.64341563 0.11625625 -0.49056604 -0.20871166 -0.83801485
1461163325.66304 -4.42831710 -1.17367763 2.64635516 0.12851502 -0.49618808 -0.20582551 -0.83361690
1461163325.78320 -4.44930641 -1.13464326 2.65431723 0.13478196 -0.48972358 -0.22329710 -0.83195135
1461163325.90494 -4.47318641 -1.09965864 2.66158966 0.13624297 -0.48335330 -0.23083466 -0.83338035
1461163326.04309 -4.49938629 -1.06355146 2.66458666 0.14708391 -0.48729620 -0.22186770 -0.83167509
1461163326.20493 -4.53123627 -1.03415752 2.67681702 0.16072001 -0.47217377 -0.22015996 -0.83830221
1461163326.32362 -4.55635867 -1.01576811 2.69668825 0.18125874 -0.44561783 -0.21207996 -0.85064218
1461163326.44368 -4.57693801 -0.99807199 2.71526077 0.20430939 -0.42710310 -0.20360495 -0.85696303
1461163326.58303 -4.58890966 -0.97676000 2.74361469 0.22439193 -0.40273307 -0.19539928 -0.86560583
1461163326.70584 -4.59678370 -0.96115747 2.77231037 0.24015709 -0.38092157 -0.18801928 -0.87285284
1461163326.80457 -4.59979191 -0.95039046 2.80242176 0.25734472 -0.36052064 -0.18563990 -0.87711823
1461163326.90558 -4.60081920 -0.94897318 2.83834729 0.26109491 -0.33379666 -0.18870086 -0.88589007
1461163327.00479 -4.59969024 -0.95152886 2.87657316 0.26160839 -0.31214148 -0.18736939 -0.89388000
1461163327.10475 -4.60202181 -0.95774582 2.91734280 0.25870537 -0.27851738 -0.17849177 -0.90754630
1461163327.20531 -4.60685933 -0.96341894 2.95507969 0.24900695 -0.24388028 -0.17451071 -0.92090388
1461163327.34297 -4.60095317 -0.96472635 2.99820932 0.24542608 -0.23600643 -0.17249194 -0.92429083
1461163327.50490 -4.58693188 -0.94991128 3.05268846 0.25229040 -0.23143521 -0.16285078 -0.92534692
1461163327.62431 -4.57427568 -0.93368384 3.10517659 0.26432006 -0.22935219 -0.15114941 -0.92449247
1461163327.72322 -4.56001982 -0.92625604 3.15662633 0.25758424 -0.23728013 -0.14333152 -0.92563739
1461163327.80484 -4.55427288 -0.92458439 3.20261445 0.24414397 -0.22578275 -0.15400945 -0.93042838
1461163327.90494 -4.54590008 -0.91778436 3.25547443 0.25074131 -0.22508112 -0.15363499 -0.92890450
1461163327.98360 -4.53838520 -0.91162767 3.29671170 0.25574694 -0.22971626 -0.16440241 -0.92455167
1461163328.06282 -4.52797489 -0.90536348 3.33773576 0.26097519 -0.22421450 -0.15581139 -0.92592798
1461163328.14294 -4.51855658 -0.89997484 3.38102840 0.25517295 -0.22098703 -0.15576346 -0.92832604
1461163328.22294 -4.50809047 -0.89243387 3.42552883 0.25480333 -0.21374631 -0.14710136 -0.93153044
1461163328.30688 -4.49480778 -0.88430062 3.46908830 0.25291168 -0.21243028 -0.14392916 -0.93284160
1461163328.38353 -4.47873530 -0.87513500 3.51569098 0.25611235 -0.20848531 -0.13677953 -0.93393346
1461163328.44304 -4.46434455 -0.87011193 3.55162187 0.26257032 -0.21008219 -0.13665355 -0.93179832
1461163328.52302 -4.44543003 -0.87133777 3.59945033 0.26187160 -0.21782730 -0.13570539 -0.93035401
1461163328.58283 -4.43617345 -0.87562571 3.63618692 0.26424616 -0.21243545 -0.13132830 -0.93155678
1461163328.64291 -4.42799630 -0.88428009 3.67443801 0.25908456 -0.20195632 -0.12667642 -0.93597111
1461163328.70305 -4.41758356 -0.88976427 3.71075454 0.25435902 -0.20109034 -0.12436424 -0.93776207
1461163328.80339 -4.40262507 -0.89412140 3.76933545 0.25917063 -0.19356178 -0.12826830 -0.93750289
1461163328.90282 -4.38098005 -0.89437128 3.83127651 0.25452956 -0.19708979 -0.13678466 -0.93683524
1461163328.98285 -4.36267448 -0.88897601 3.88324117 0.25824557 -0.19918707 -0.12930291 -0.93643713
1461163329.06298 -4.34230600 -0.88381837 3.93539707 0.26372016 -0.20985031 -0.12690530 -0.93290384
1461163329.12294 -4.32950024 -0.88359771 3.97346482 0.25278185 -0.22661561 -0.13130054 -0.93140049
1461163329.18366 -4.31281485 -0.88369738 4.00827185 0.25340997 -0.23113212 -0.13632638 -0.92939574
1461163329.24300 -4.30166438 -0.88477513 4.04205090 0.24931232 -0.23810204 -0.15144568 -0.92639894
1461163329.30552 -4.28922459 -0.88337575 4.07544250 0.25510349 -0.25004416 -0.16135912 -0.91998009
1461163329.36292 -4.27891775 -0.88393727 4.10985902 0.26097803 -0.25532059 -0.15893266 -0.91730163
1461163329.42334 -4.26431734 -0.88593715 4.14499589 0.25869592 -0.25825219 -0.15945468 -0.91703677
1461163329.48298 -4.24797678 -0.88563800 4.17894592 0.25969169 -0.27135526 -0.15882552 -0.91307229
1461163329.54291 -4.22840710 -0.88425477 4.21346245 0.25347219 -0.28859260 -0.17441248 -0.90666777
1461163329.60463 -4.21124495 -0.88664371 4.25310360 0.23588613 -0.30410850 -0.18453651 -0.90433513
1461163329.66339 -4.19170435 -0.88886681 4.29110900 0.22276891 -0.32017424 -0.19206484 -0.90054071
1461163329.74290 -4.17068179 -0.88977859 4.33978107 0.21848273 -0.32976870 -0.19985611 -0.89642369
1461163329.86343 -4.13890243 -0.89710685 4.40270418 0.21322659 -0.34667839 -0.21622163 -0.88746646
1461163330.06284 -4.10515616 -0.90262278 4.50191285 0.22173833 -0.35243398 -0.22635479 -0.88056000
1461163330.22300 -4.06333139 -0.88904560 4.58039598 0.21377037 -0.38384245 -0.24267383 -0.86491422
1461163330.34286 -4.03146803 -0.89460276 4.63982201 0.20745002 -0.41889217 -0.24641348 -0.84898424
1461163330.46286 -3.98796125 -0.89363599 4.69935722 0.20947149 -0.45363760 -0.24961006 -0.82947540
1461163330.56278 -3.93649317 -0.88223041 4.74821037 0.20486814 -0.49282968 -0.26853101 -0.80189716
1461163330.68281 -3.86863929 -0.88133530 4.79324245 0.19745072 -0.53151444 -0.26833979 -0.77878069
1461163330.80519 -3.79613141 -0.86684408 4.84070167 0.19587586 -0.56242364 -0.27598319 -0.75441738
1461163330.90459 -3.72792328 -0.85932991 4.86915457 0.18378339 -0.59253995 -0.28308122 -0.73142676
1461163331.00473 -3.65661165 -0.86209651 4.89669042 0.15999462 -0.61445638 -0.29832940 -0.71263219
1461163331.12270 -3.56679759 -0.87456909 4.93290962 0.15254652 -0.62169828 -0.30152581 -0.70661376
1461163331.22277 -3.48091639 -0.88573883 4.95271464 0.14076365 -0.63739493 -0.28961764 -0.70002494
1461163331.34380 -3.38612573 -0.87987631 4.97130048 0.12864556 -0.65757430 -0.29233528 -0.68233895
1461163331.46292 -3.27802892 -0.86235703 4.98218778 0.12146535 -0.68332481 -0.28145528 -0.66264342
1461163331.56278 -3.18025508 -0.85210972 4.98871523 0.12588788 -0.70165597 -0.26322062 -0.65003543
1461163331.66321 -3.09421480 -0.84509655 4.98858249 0.13330920 -0.71948037 -0.25486875 -0.63215392
1461163331.72285 -3.04125067 -0.84274052 4.98519315 0.12846554 -0.72982643 -0.26155748 -0.61841545
1461163331.82282 -2.95550248 -0.83545620 4.97548649 0.13621782 -0.74117184 -0.25789481 -0.60464806
1461163331.90472 -2.88288456 -0.82288537 4.96191265 0.13324316 -0.75038872 -0.25215576 -0.59630572
1461163331.98284 -2.80801720 -0.80394169 4.95172534 0.13373708 -0.75429542 -0.24899568 -0.59258245
1461163332.06282 -2.72948325 -0.78785799 4.93346482 0.12454567 -0.76190162 -0.24054160 -0.58833158
1461163332.20498 -2.59449819 -0.76804144 4.89866344 0.12363632 -0.76278926 -0.25151832 -0.58275650
1461163332.34273 -2.45736871 -0.76869590 4.86167305 0.13206150 -0.76406042 -0.24400146 -0.58243860
1461163332.46349 -2.32671876 -0.77088741 4.83060659 0.12258747 -0.76315798 -0.23232316 -0.59041355
1461163332.56366 -2.21427031 -0.76311458 4.79859432 0.11194515 -0.77203926 -0.22693874 -0.58302871
1461163332.62401 -2.14225603 -0.76169667 4.77588623 0.10521329 -0.78174589 -0.21009997 -0.57763443
1461163332.68374 -2.07505332 -0.76140021 4.74952060 0.09954507 -0.79425648 -0.19982794 -0.56508072
1461163332.78281 -1.96798604 -0.76693079 4.71755851 0.11110801 -0.79964366 -0.18501217 -0.56035303
1461163332.90396 -1.85939064 -0.77060624 4.68508346 0.10771915 -0.79817123 -0.19480428 -0.55979511
1461163332.98358 -1.75374240 -0.76935281 4.64501721 0.10037511 -0.80378369 -0.18868502 -0.55520678
1461163333.06289 -1.66493639 -0.76234258 4.61322507 0.09241110 -0.80222607 -0.18968492 -0.55849186
1461163333.14259 -1.58014798 -0.75493107 4.57695608 0.08211622 -0.80284239 -0.19119132 -0.55870109
1461163333.22260 -1.50049321 -0.74787296 4.54584822 0.08740372 -0.79515415 -0.19107099 -0.56884298
1461163333.32267 -1.40417886 -0.74516131 4.51151409 0.09466504 -0.78615275 -0.18700556 -0.58140460
1461163333.44266 -1.29367509 -0.73281491 4.47324121 0.10630531 -0.77213222 -0.19377431 -0.59578732
1461163333.54264 -1.19519277 -0.71078725 4.43608343 0.11844152 -0.76890938 -0.18802364 -0.59949736
1461163333.64269 -1.09206421 -0.68908366 4.39734188 0.13668223 -0.77133426 -0.17309696 -0.59699152
1461163333.72267 -1.01160664 -0.67910130 4.36649253 0.13006777 -0.77725528 -0.17541626 -0.59007266
1461163333.80452 -0.93428599 -0.67329571 4.33952242 0.14618308 -0.77925501 -0.17296907 -0.58435762
1461163333.88288 -0.85769719 -0.67032854 4.31356431 0.14728828 -0.78037839 -0.16913918 -0.58370170
1461163333.96354 -0.78527341 -0.65832578 4.28942823 0.13907965 -0.77915178 -0.18764320 -0.58169527
1461163334.04328 -0.70855040 -0.64101191 4.26026752 0.13746517 -0.78341629 -0.18992307 -0.57557925
1461163334.14345 -0.60476856 -0.61964145 4.22818823 0.13218058 -0.78584815 -0.17388991 -0.57856138
1461163334.24256 -0.50118834 -0.60453593 4.19915737 0.11785414 -0.78309190 -0.17168526 -0.58600483
1461163334.34270 -0.39918115 -0.59796042 4.17520239 0.12067391 -0.76951974 -0.17376016 -0.60256501
1461163334.42260 -0.31759434 -0.59618215 4.15846089 0.12632567 -0.76087890 -0.17462596 -0.61205465
1461163334.50436 -0.23410486 -0.59251377 4.13858857 0.12572408 -0.75735894 -0.16459685 -0.61928084
1461163334.56262 -0.16801998 -0.58306301 4.12406609 0.11182815 -0.75366111 -0.16322408 -0.62677532
1461163334.64274 -0.08018638 -0.56505680 4.10202600 0.11172486 -0.75512038 -0.15841786 -0.62627034
1461163334.70505 -0.01498354 -0.55425502 4.08467745 0.10814760 -0.76272234 -0.15081800 -0.61952616
1461163334.78269 0.06972795 -0.53922647 4.06328567 0.11311815 -0.76441073 -0.15507245 -0.61549415
1461163334.86274 0.15256369 -0.52986423 4.04206684 0.11115500 -0.76803781 -0.16746937 -0.60804317
1461163334.94267 0.23674299 -0.52020805 4.02406130 0.12039742 -0.76561292 -0.17496990 -0.60722883
1461163335.02279 0.31845362 -0.50662572 4.00140631 0.11607449 -0.76758568 -0.18257476 -0.60332860
1461163335.08286 0.38371150 -0.49059514 3.98390716 0.11204769 -0.76824387 -0.18609552 -0.60217533
1461163335.14278 0.45024465 -0.47323164 3.96573109 0.11204586 -0.76751278 -0.18666557 -0.60293103
1461163335.20443 0.51811057 -0.46054079 3.94619328 0.10376693 -0.76912825 -0.18169549 -0.60387159
1461163335.26352 0.58282053 -0.44849883 3.92743615 0.10276344 -0.76687723 -0.18666341 -0.60538893
1461163335.32265 0.64763381 -0.43853210 3.91113541 0.10600842 -0.75931561 -0.20153034 -0.60957981
1461163335.38263 0.71350663 -0.43860048 3.89180631 0.09991135 -0.75825111 -0.19726266 -0.61331918
1461163335.44272 0.77583766 -0.43748743 3.87183539 0.11044938 -0.75913709 -0.19512741 -0.61109501
1461163335.52266 0.86239374 -0.43063048 3.84942517 0.11153330 -0.75762437 -0.19413218 -0.61308918
1461163335.60479 0.95288221 -0.41713192 3.82812542 0.11096330 -0.75680203 -0.17853865 -0.61891986
1461163335.68261 1.04619748 -0.39795167 3.80516932 0.10832359 -0.76180335 -0.17511341 -0.61421247
1461163335.76263 1.14052608 -0.38363237 3.78275348 0.10270796 -0.77069584 -0.16923236 -0.60567269
1461163335.84261 1.22873117 -0.36977351 3.76358363 0.11464555 -0.76919822 -0.17991600 -0.60234602
1461163335.92261 1.31774166 -0.36065156 3.74282013 0.11180968 -0.77230168 -0.19195783 -0.59514779
1461163336.00442 1.40668411 -0.35053865 3.71937012 0.11308669 -0.77648096 -0.19033604 -0.58996687
1461163336.06268 1.47321557 -0.33621012 3.69738403 0.10620249 -0.78550571 -0.19786884 -0.57667125
1461163336.12300 1.54271882 -0.31769496 3.67601607 0.09778265 -0.79056786 -0.20798520 -0.56761182
1461163336.20445 1.63655847 -0.29933265 3.64977365 0.08647575 -0.79502525 -0.20780501 -0.56327069
1461163336.28287 1.72832655 -0.28471852 3.62795902 0.08407495 -0.79256101 -0.21578245 -0.56410671
1461163336.38258 1.84254895 -0.27759065 3.60125811 0.08395481 -0.78915377 -0.22941731 -0.56352073
1461163336.54258 2.01639387 -0.27033759 3.55743611 0.08262602 -0.79194187 -0.21937256 -0.56380555
1461163336.68278 2.17525929 -0.23804791 3.51764380 0.06472786 -0.80131212 -0.20841388 -0.55702141
1461163336.78295 2.28825112 -0.21908574 3.48566914 0.06306504 -0.81643271 -0.20746973 -0.53517917
1461163336.88259 2.39932528 -0.21239494 3.45448868 0.05135898 -0.82445027 -0.21017800 -0.52294284
1461163336.98240 2.50919628 -0.20325210 3.42083831 0.04042228 -0.82815197 -0.21298805 -0.51688146
1461163337.08243 2.62312711 -0.18485891 3.38357613 0.03164542 -0.83634919 -0.20467428 -0.50756974
1461163337.18257 2.73157134 -0.15993180 3.34051612 0.03217175 -0.84403184 -0.19924384 -0.49686732
1461163337.26262 2.81822860 -0.14899213 3.30785834 0.01281634 -0.84937805 -0.19373415 -0.49077464
1461163337.34250 2.90328845 -0.14005575 3.27988423 0.01353309 -0.84568423 -0.19579407 -0.49628593
1461163337.42258 2.98663635 -0.13613562 3.25022390 0.02010063 -0.84367175 -0.19419999 -0.50010030
1461163337.50442 3.06797202 -0.13433405 3.21874749 0.01936036 -0.84381775 -0.18552966 -0.50316550
1461163337.58249 3.14930171 -0.12500207 3.18618491 0.02386201 -0.84515521 -0.17726976 -0.50370498
1461163337.66250 3.23228342 -0.11072411 3.15136510 0.02259432 -0.84961956 -0.16859525 -0.49921111
1461163337.74252 3.31719896 -0.09845348 3.11677446 0.02752668 -0.85365820 -0.15134295 -0.49759951
1461163337.82253 3.40073509 -0.09220738 3.08430590 0.03221187 -0.85609254 -0.13578876 -0.49762372
1461163337.90455 3.48361499 -0.08902452 3.05467188 0.03660333 -0.85471391 -0.13851716 -0.49893620
1461163337.98317 3.57039484 -0.08838201 3.02530159 0.03229804 -0.85441803 -0.13898654 -0.49960926
1461163338.06249 3.64820974 -0.08665550 2.99145625 0.02441088 -0.85449519 -0.13681235 -0.50052418
1461163338.14252 3.73001732 -0.07771336 2.95650576 0.01548542 -0.85700170 -0.13170118 -0.49795893
1461163338.20246 3.79090424 -0.06778753 2.92871022 0.01438698 -0.86005037 -0.12764577 -0.49377418
1461163338.26250 3.85157152 -0.06161554 2.90010354 -0.00005465 -0.86372358 -0.12066010 -0.48930841
1461163338.32253 3.91154504 -0.05774203 2.87345960 -0.00660774 -0.86430231 -0.11681943 -0.48917388
1461163338.38247 3.96950572 -0.05705438 2.84724302 -0.01069357 -0.86626223 -0.11087804 -0.48701279
1461163338.44243 4.02651649 -0.05677946 2.82321269 -0.00665767 -0.86583833 -0.11627787 -0.48657899
1461163338.50595 4.08373749 -0.06007189 2.80053112 -0.01275605 -0.86305735 -0.11525729 -0.49161474
1461163338.56246 4.13953078 -0.05974868 2.78048015 -0.01118470 -0.85926767 -0.12599156 -0.49564111
1461163338.62254 4.19571928 -0.06020842 2.75885107 -0.01581182 -0.86016416 -0.11943354 -0.49558374
1461163338.68246 4.25465810 -0.05463860 2.73906640 -0.01867780 -0.85772324 -0.11352512 -0.50107288
1461163338.74252 4.31317006 -0.04530316 2.71825376 -0.01523812 -0.85882113 -0.10470374 -0.50122968
1461163338.80431 4.37094243 -0.03748938 2.69575589 -0.02318370 -0.86405887 -0.09362591 -0.49406373
1461163338.86237 4.42973281 -0.02862192 2.67634211 -0.02030191 -0.86538835 -0.08849936 -0.49280696
1461163338.94245 4.50659359 -0.02129874 2.65295582 -0.02013289 -0.86794362 -0.08045406 -0.48968937
1461163339.02302 4.58186815 -0.01528313 2.62974837 -0.00518126 -0.87135099 -0.08036613 -0.48400609
1461163339.08248 4.63924456 -0.01161918 2.61154969 -0.01093797 -0.87048511 -0.08494604 -0.48468567
1461163339.14244 4.69441251 -0.00589387 2.59123698 -0.01301318 -0.87287435 -0.09204938 -0.47900725
1461163339.20241 4.74920103 -0.00016474 2.57033510 -0.01786846 -0.87519787 -0.08506309 -0.47589250
1461163339.26245 4.80401779 0.01201118 2.54874305 -0.01987888 -0.87679665 -0.08610492 -0.47267157
1461163339.32238 4.85850514 0.02422434 2.52600513 -0.02112637 -0.87941109 -0.08549068 -0.46784737
1461163339.38236 4.91251440 0.03204631 2.50270670 -0.02955377 -0.88202160 -0.08046417 -0.46334651
1461163339.44241 4.96685966 0.03767682 2.48134539 -0.03448801 -0.88190555 -0.07756042 -0.46372142
1461163339.50419 5.01963591 0.04148671 2.46298709 -0.03426779 -0.88199087 -0.07651645 -0.46374891
1461163339.56240 5.07203322 0.04385847 2.44702531 -0.02670648 -0.87958762 -0.07280732 -0.46937350
1461163339.62272 5.12474539 0.04939427 2.43289093 -0.02619077 -0.87782633 -0.08244991 -0.47110189
1461163339.68239 5.17178502 0.05409365 2.41825727 -0.02010171 -0.87610367 -0.08778065 -0.47363787
1461163339.78241 5.25175545 0.06242175 2.39584912 -0.01708426 -0.87320634 -0.08778957 -0.47907391
1461163339.92234 5.36216256 0.08388393 2.36022393 -0.01615985 -0.87685182 -0.07700139 -0.47427896
1461163340.04303 5.45460119 0.10359260 2.33385734 -0.01381519 -0.88226232 -0.06853547 -0.46553757
1461163340.16973 5.54249570 0.11791239 2.30986287 -0.00005535 -0.88719700 -0.07447436 -0.45534059
1461163340.32233 5.65016838 0.12902591 2.27875839 -0.00250418 -0.89342444 -0.08164144 -0.44172523
1461163340.50473 5.76474108 0.16042572 2.24773414 -0.00519358 -0.90158331 -0.09761236 -0.42141712
1461163340.62239 5.83744875 0.19046352 2.22348359 -0.00656425 -0.90810528 -0.11670746 -0.40209587
1461163340.72240 5.89576727 0.21572917 2.20380519 0.00672548 -0.91137309 -0.13773913 -0.38779091
1461163340.84236 5.95736260 0.24052835 2.18120550 0.02805968 -0.91528149 -0.15981902 -0.36868731
1461163340.98236 6.02146018 0.27005768 2.15737685 0.03472276 -0.91937663 -0.18225747 -0.34687628
1461163341.10240 6.07665832 0.30149528 2.13371377 0.03837556 -0.92283406 -0.20233067 -0.32552559
1461163341.22237 6.12979448 0.32860722 2.10207985 0.03713182 -0.93038336 -0.21261011 -0.29631903
1461163341.32271 6.17676372 0.34599220 2.07361502 0.03953754 -0.93770363 -0.21113011 -0.27308014
1461163341.42232 6.22012596 0.36320034 2.04508137 0.03589917 -0.94322089 -0.21934545 -0.24684645
1461163341.52234 6.26141323 0.37439282 2.01824749 0.04437984 -0.94684646 -0.22271963 -0.22783367
1461163341.62247 6.30039198 0.38201667 1.99066979 0.03825392 -0.95124457 -0.22406272 -0.20848574
1461163341.72237 6.33844559 0.39180967 1.96102453 0.03844065 -0.95552551 -0.22348639 -0.18853949
1461163341.82230 6.37503472 0.40646215 1.92480190 0.03297056 -0.95970139 -0.22520479 -0.16483018
1461163341.90409 6.40604712 0.41504230 1.89362840 0.02461714 -0.96306725 -0.22289473 -0.14904165
1461163342.00407 6.44563733 0.42481496 1.85444605 0.01948228 -0.96559017 -0.22146998 -0.13493371
1461163342.12229 6.49040947 0.43286343 1.81159404 0.01062271 -0.96599278 -0.23257727 -0.11248524
1461163342.28230 6.54741763 0.43563369 1.74927380 0.00315162 -0.96849001 -0.23257274 -0.08903423
1461163342.42234 6.58471912 0.44996146 1.69114236 0.00110235 -0.96976031 -0.23738775 -0.05666378
1461163342.52222 6.60478526 0.47184778 1.64870301 0.00075931 -0.96443492 -0.26345135 -0.02140311
1461163342.60228 6.61673118 0.48342759 1.61040587 0.00874318 -0.96275081 -0.26987853 0.01414233
1461163342.70409 6.62916728 0.49731727 1.56725784 0.00548724 -0.95273234 -0.29979356 0.04893674
1461163342.80400 6.63594770 0.50594757 1.52466355 0.00813246 -0.94343006 -0.31990155 0.08681347
1461163342.90404 6.64159125 0.51323462 1.47821199 0.00364375 -0.93740008 -0.32868288 0.11504507
1461163343.02215 6.64673698 0.52244345 1.42076430 -0.00276418 -0.93123287 -0.34090774 0.12876184
1461163343.14237 6.64302810 0.53091191 1.36049737 -0.00953804 -0.92781770 -0.34142381 0.14997710
1461163343.34330 6.62680975 0.54697017 1.26410426 -0.02079142 -0.91834127 -0.35192430 0.17990640
1461163343.52218 6.59973916 0.55009609 1.18090735 -0.02679150 -0.90817920 -0.35879229 0.21391786
1461163343.66211 6.56711467 0.54382808 1.11513374 -0.03527568 -0.90334812 -0.34829963 0.24780067
1461163343.78215 6.52704724 0.54023158 1.06360029 -0.05422773 -0.89498751 -0.33397352 0.29072048
1461163343.88212 6.48650077 0.53424745 1.02165581 -0.06696061 -0.88516683 -0.31424258 0.33652276
1461163343.96214 6.45364058 0.52592145 0.98855654 -0.07881930 -0.87746601 -0.28984269 0.37394135
1461163344.04208 6.42144728 0.51901075 0.96061706 -0.09337052 -0.86383018 -0.27395474 0.41234473
1461163344.14256 6.38681964 0.51348481 0.92446284 -0.10694321 -0.84638353 -0.26812713 0.44755547
1461163344.26209 6.34446497 0.50757308 0.88220473 -0.11458140 -0.83058000 -0.26006726 0.47892899
1461163344.36202 6.30303741 0.50949750 0.84723292 -0.10887499 -0.82146314 -0.25579902 0.49790703
1461163344.44214 6.26264358 0.51316366 0.82388479 -0.11137874 -0.80927350 -0.24822577 0.52062957
1461163344.54217 6.20901241 0.51563602 0.79515726 -0.11685324 -0.79796752 -0.23553557 0.54232477
1461163344.64211 6.15279299 0.51650908 0.77018635 -0.12769254 -0.78281347 -0.21660412 0.56919271
1461163344.74219 6.09948215 0.51411539 0.74798769 -0.13086734 -0.76809132 -0.21386397 0.58921275
1461163344.84218 6.04428869 0.50543674 0.72616801 -0.12543789 -0.76067279 -0.21085596 0.60098420
1461163344.92217 5.99925600 0.49724414 0.71436635 -0.12204749 -0.75218202 -0.20451291 0.61441118
1461163345.00391 5.94908476 0.48974826 0.70679321 -0.11796145 -0.74402229 -0.19720763 0.62739547
1461163345.06214 5.91383095 0.48640641 0.70181063 -0.12131839 -0.73502850 -0.18699104 0.64035092
1461163345.12216 5.87517512 0.48150974 0.70049098 -0.12699807 -0.72350571 -0.16804900 0.65739677
1461163345.18212 5.83526318 0.47812192 0.70167805 -0.12821107 -0.70882575 -0.16040646 0.67483164
1461163345.24206 5.79317877 0.47124167 0.70371900 -0.12445605 -0.69313492 -0.14892381 0.69418756
1461163345.32214 5.73826243 0.46030784 0.70477850 -0.12295543 -0.67723133 -0.13797841 0.71218091
1461163345.40389 5.68419803 0.44749804 0.70876668 -0.12611991 -0.65585864 -0.13002581 0.73282774
1461163345.50382 5.61008001 0.43186868 0.71394111 -0.12929087 -0.64177113 -0.11809860 0.74663673
1461163345.60389 5.52942872 0.41575290 0.72508486 -0.11711495 -0.63318404 -0.10782350 0.75745373
1461163345.70382 5.44369464 0.40515793 0.73881263 -0.10939166 -0.63148650 -0.09891018 0.76123258
1461163345.78208 5.37313524 0.39711764 0.75004780 -0.09862957 -0.63384444 -0.09524258 0.76121106
1461163345.86207 5.30545261 0.38677215 0.75805442 -0.08876080 -0.64588899 -0.09824679 0.75186202
1461163345.96216 5.22714980 0.37271541 0.77188878 -0.08991563 -0.64949099 -0.11527470 0.74618254
1461163346.04208 5.16402295 0.35273517 0.78565618 -0.08855050 -0.64723951 -0.10664142 0.74957817
1461163346.12215 5.10072956 0.33071581 0.79866113 -0.07163572 -0.65069412 -0.10009396 0.74929746
1461163346.18204 5.05210590 0.32043781 0.81053448 -0.06881139 -0.65518710 -0.09553856 0.74623538
1461163346.24212 5.00402731 0.31437399 0.82815209 -0.06287281 -0.65423720 -0.09903894 0.74713586
1461163346.32209 4.93912092 0.30909410 0.85819934 -0.05469879 -0.64379784 -0.10404640 0.75611291
1461163346.40369 4.87414574 0.30460174 0.88986261 -0.04962886 -0.63712644 -0.11358422 0.76072695
1461163346.46273 4.82441853 0.29552571 0.91479843 -0.04233955 -0.62949578 -0.10861315 0.76820935
1461163346.52211 4.77687258 0.28908717 0.93731928 -0.05042198 -0.62401781 -0.11042912 0.77192280
1461163346.58209 4.72783269 0.27741544 0.95676181 -0.04507374 -0.62714532 -0.10305174 0.77073824
1461163346.64206 4.67963499 0.26905376 0.97400718 -0.04820266 -0.63302508 -0.10651893 0.76525125
1461163346.72197 4.61733346 0.25469873 0.99949383 -0.04358008 -0.63864609 -0.10859032 0.76055249
1461163346.78203 4.56740328 0.24216069 1.02147059 -0.03533738 -0.63684524 -0.09675615 0.76407961
1461163346.84206 4.51382576 0.23229063 1.04240386 -0.02428809 -0.63780820 -0.09552000 0.76386302
1461163346.90382 4.45797381 0.22255204 1.06449041 -0.01497692 -0.63493925 -0.08965833 0.76719569
1461163346.96246 4.40098847 0.21439312 1.08032951 -0.01230274 -0.64387321 -0.08726761 0.76003967
1461163347.02201 4.34926496 0.20510050 1.09366191 -0.00854333 -0.65624573 -0.09088588 0.74900488
1461163347.08204 4.29901842 0.19480238 1.10404279 -0.00942288 -0.67111287 -0.09675085 0.73495442
1461163347.14199 4.24905172 0.18022361 1.11464835 -0.00623173 -0.68027686 -0.09421039 0.72684866
1461163347.20381 4.19950403 0.16655272 1.12315853 -0.00695938 -0.68828846 -0.09445881 0.71922743
1461163347.26229 4.14905222 0.15151075 1.12945904 -0.00234454 -0.69712394 -0.08441526 0.71195981
1461163347.32199 4.09757247 0.14069739 1.13477679 0.00507659 -0.70464660 -0.08474656 0.70446108
1461163347.36192 4.06218648 0.13367319 1.13872910 0.01547746 -0.70874410 -0.08128902 0.70059571
1461163347.42201 4.00766869 0.12688154 1.14461874 0.02640531 -0.71233046 -0.07613748 0.69720238
1461163347.46205 3.97001830 0.12453462 1.15023601 0.03639758 -0.71000757 -0.08037337 0.69864482
1461163347.52203 3.91338682 0.12347889 1.15765060 0.04263901 -0.70876093 -0.09229174 0.69808459
1461163347.58204 3.85819803 0.11749074 1.16418602 0.05371563 -0.70695422 -0.09357603 0.69898061
1461163347.64192 3.80412034 0.11215793 1.17107779 0.04833131 -0.70256871 -0.09391958 0.70373320
1461163347.70380 3.75088135 0.10174721 1.17530126 0.05152556 -0.70038801 -0.08945073 0.70625797
1461163347.76203 3.69569151 0.09180190 1.17675610 0.04996001 -0.70469565 -0.08708008 0.70237105
1461163347.84196 3.62315362 0.07949142 1.17732587 0.05067734 -0.70727888 -0.09632630 0.69850529
1461163347.94200 3.52987718 0.06333936 1.17708548 0.07117805 -0.70798646 -0.08696228 0.69722766
1461163348.08206 3.40096582 0.06366898 1.17375346 0.06803459 -0.71536687 -0.09938218 0.68829115
1461163348.26199 3.26551588 0.05503180 1.16003940 0.05223651 -0.72164342 -0.09323254 0.68396624
1461163348.44195 3.14501402 0.03511808 1.12765279 0.04408562 -0.73882402 -0.07885415 0.66781550
1461163348.60379 3.03255084 0.03014525 1.11105019 0.04339780 -0.73974738 -0.08156311 0.66651174
1461163348.72190 2.94380252 0.02682468 1.09783231 0.03615080 -0.74051192 -0.08600230 0.66553649
1461163348.84191 2.85941010 0.02058305 1.09179391 0.01771958 -0.72245889 -0.08172532 0.68633821
1461163348.94189 2.79194371 0.01386640 1.08641842 -0.00521983 -0.70904381 -0.07566766 0.70107349
1461163349.06188 2.71407826 0.00308540 1.07846884 -0.00999870 -0.69829957 -0.06622828 0.71266510
1461163349.14191 2.66103206 0.00329806 1.07693384 -0.02196972 -0.69038517 -0.06558526 0.72012792
1461163349.24190 2.59565545 0.00514567 1.08136932 -0.03720324 -0.67384413 -0.06537190 0.73503504
1461163349.36190 2.51612507 0.00263232 1.09116037 -0.05838968 -0.65110812 -0.05014318 0.75507253
1461163349.48190 2.43652396 -0.00153589 1.10381966 -0.08280713 -0.63122001 -0.04349020 0.76994343
1461163349.58224 2.37307467 -0.01269463 1.11737218 -0.07701111 -0.61281892 -0.03269795 0.78578184
1461163349.68195 2.31426291 -0.01306405 1.13730700 -0.09996847 -0.59325028 -0.02964626 0.79823650
1461163349.76221 2.26820621 -0.00898136 1.15800580 -0.11818066 -0.57753245 -0.03305402 0.80709171
1461163349.82184 2.23262431 -0.01324060 1.17676895 -0.09954346 -0.56357433 -0.03705351 0.81920822
1461163349.90366 2.18802641 -0.01103805 1.19802115 -0.11746737 -0.54504998 -0.03207463 0.82951380
1461163349.96186 2.15237044 -0.01783372 1.21788113 -0.09977711 -0.52792403 -0.03551249 0.84266221
1461163350.02181 2.12100202 -0.02056111 1.24189407 -0.10239846 -0.49931071 -0.02557153 0.85997062
1461163350.10385 2.08133863 -0.02309553 1.27307211 -0.10937612 -0.47053163 -0.02115082 0.87532251
1461163350.18185 2.04508604 -0.02581719 1.30606364 -0.11595896 -0.44725771 -0.02057372 0.88661761
1461163350.26185 2.01038880 -0.02737142 1.33779052 -0.12637122 -0.43627479 -0.03043513 0.89037539
1461163350.34177 1.97536918 -0.03243262 1.36616734 -0.12264220 -0.44193863 -0.03758394 0.88782689
1461163350.42179 1.93863518 -0.03355206 1.39057502 -0.12274054 -0.45986858 -0.04534903 0.87829330
1461163350.48235 1.91036551 -0.03278976 1.40654950 -0.11818720 -0.47973030 -0.06325134 0.86711585
1461163350.54183 1.88232164 -0.03388824 1.42273481 -0.11093733 -0.49966330 -0.06674107 0.85649001
1461163350.60351 1.85512629 -0.03160089 1.43821619 -0.11686835 -0.52380395 -0.07473805 0.84046739
1461163350.66186 1.82964207 -0.03315778 1.45621784 -0.11169001 -0.54508507 -0.08768665 0.82626791
1461163350.72183 1.80727248 -0.03712734 1.47696706 -0.11365224 -0.56062021 -0.08859355 0.81543812
1461163350.78219 1.78708640 -0.04343102 1.49862128 -0.10742300 -0.57360774 -0.09266852 0.80675090
1461163350.84188 1.76661576 -0.04773450 1.51672391 -0.10323706 -0.59411537 -0.10632137 0.79061040
1461163350.90369 1.74589660 -0.05292383 1.53797983 -0.08939257 -0.60693577 -0.11541069 0.78122872
1461163350.96178 1.72659761 -0.05435733 1.56313424 -0.09023800 -0.60551569 -0.12051064 0.78146340
1461163351.02241 1.70539297 -0.05571385 1.58751009 -0.08495992 -0.60520039 -0.13321750 0.78023548
1461163351.08179 1.68114026 -0.05751473 1.60844111 -0.07797361 -0.61256214 -0.14114701 0.77379924
1461163351.14182 1.65461793 -0.06285236 1.63364323 -0.06453236 -0.61520227 -0.14967201 0.77133653
1461163351.20376 1.62560297 -0.06688823 1.65662324 -0.06262028 -0.61878537 -0.14777999 0.76898923
1461163351.26180 1.59487381 -0.07068146 1.67927718 -0.05768986 -0.62378550 -0.15937867 0.76299539
1461163351.32187 1.56300852 -0.07868718 1.70756214 -0.05460876 -0.61661099 -0.15418033 0.77008908
1461163351.36182 1.54148919 -0.08579927 1.72806360 -0.05011366 -0.60764884 -0.14935371 0.77842468
1461163351.42179 1.50928186 -0.09833233 1.75399563 -0.04254400 -0.60281680 -0.13380093 0.78542933
1461163351.48182 1.47753817 -0.10745332 1.77279011 -0.04381918 -0.60969310 -0.13039080 0.78061030
1461163351.54205 1.44633143 -0.11773856 1.79168222 -0.03690960 -0.60717468 -0.12921721 0.78312164
1461163351.60342 1.41547212 -0.12633115 1.80617367 -0.03555531 -0.61267980 -0.10899416 0.78197158
1461163351.68179 1.37625879 -0.13471109 1.82063181 -0.03076783 -0.61904829 -0.11417664 0.77639954
1461163351.76175 1.33379335 -0.14117203 1.83035826 -0.02690608 -0.63203276 -0.11123792 0.76644424
1461163351.84174 1.28668125 -0.14503499 1.84702260 -0.02218355 -0.63024095 -0.11315612 0.76778899
1461163351.92183 1.23736101 -0.14890673 1.86766630 -0.02531686 -0.62738115 -0.11054107 0.77041068
1461163352.00182 1.18809314 -0.15454053 1.88447390 -0.02332705 -0.63301259 -0.10688070 0.76637290
1461163352.08173 1.13813358 -0.16277650 1.89815922 -0.02382009 -0.63830434 -0.10369679 0.76239566
1461163352.16188 1.09178670 -0.16796850 1.90575655 -0.03413253 -0.64813832 -0.11053111 0.75268490
1461163352.24175 1.04671780 -0.17439703 1.91219220 -0.03331320 -0.65879689 -0.11862956 0.74216165
1461163352.32167 1.00376748 -0.17449529 1.91910813 -0.03987461 -0.66721745 -0.12994268 0.73235633
1461163352.40342 0.96146264 -0.17322188 1.91994960 -0.04394630 -0.68485308 -0.13405156 0.71489521
1461163352.50361 0.90601392 -0.16878184 1.92509560 -0.04680311 -0.69613211 -0.13953396 0.70266623
1461163352.60356 0.85008436 -0.16622747 1.93162188 -0.04570443 -0.70276212 -0.14274775 0.69545639
1461163352.70371 0.79142473 -0.16244128 1.92949700 -0.03427383 -0.71419529 -0.15891953 0.68080466
1461163352.78167 0.74238582 -0.16480894 1.92194391 -0.02678301 -0.72498415 -0.16000647 0.66938672
1461163352.86212 0.69932351 -0.17266829 1.90613414 -0.01315319 -0.73781721 -0.16367116 0.65472476
1461163352.94237 0.66068139 -0.18360628 1.87879930 0.00732612 -0.76237377 -0.16337661 0.62613150
1461163353.02262 0.62540630 -0.19369113 1.84605851 0.02028336 -0.78838107 -0.15975095 0.59373690
1461163353.10486 0.59352272 -0.20177809 1.80943886 0.03021068 -0.81117559 -0.16175748 0.56117377
1461163353.18239 0.56192555 -0.20602667 1.77021533 0.03664716 -0.83473588 -0.16282348 0.52474900
1461163353.26233 0.53022279 -0.20771940 1.73070281 0.04716259 -0.85470180 -0.17171265 0.48762207
1461163353.32171 0.50926430 -0.21156852 1.69771863 0.06395171 -0.87437912 -0.16985421 0.45002320
1461163353.40340 0.47633007 -0.21501038 1.65520508 0.06145532 -0.89440777 -0.17230468 0.40812876
1461163353.48206 0.44735563 -0.22072569 1.61305525 0.06155070 -0.91513897 -0.17401918 0.35839853
1461163353.54165 0.42723904 -0.22782812 1.58367139 0.06316735 -0.92718051 -0.18025675 0.32226340
1461163353.62171 0.40697481 -0.24668075 1.54393783 0.05358790 -0.94262498 -0.17716776 0.27784541
1461163353.68201 0.39254951 -0.26669196 1.51473258 0.06576643 -0.95192409 -0.17556421 0.24226535
1461163353.74171 0.37697313 -0.28936080 1.48770355 0.06157178 -0.96047971 -0.16773879 0.21342762
1461163353.82158 0.35655403 -0.32165960 1.45687711 0.06653485 -0.96983172 -0.15323756 0.17753251
1461163353.90395 0.32965655 -0.34735858 1.43455572 0.05966901 -0.97746434 -0.13715552 0.14896793
1461163354.02194 0.26564426 -0.36371906 1.41773167 0.05875270 -0.98248714 -0.12916202 0.12076554
1461163354.12179 0.18791995 -0.36641889 1.40956494 0.07435254 -0.98333902 -0.12467376 0.10941901
1461163354.20192 0.10980594 -0.35815792 1.40527085 0.06464985 -0.98114718 -0.13947845 0.11711688
1461163354.28172 0.02349306 -0.35405321 1.40491156 0.06282957 -0.97776598 -0.14783033 0.13480475
1461163354.36170 -0.04587641 -0.35136358 1.40353910 0.05754819 -0.97954529 -0.15610913 0.11317764
1461163354.46165 -0.13799843 -0.35287745 1.40861022 0.04665552 -0.98019872 -0.16449075 0.09988256
1461163354.54163 -0.22148180 -0.35229087 1.42032091 0.02078452 -0.97704342 -0.17980446 0.11235887
1461163354.62166 -0.30967805 -0.35204788 1.42957235 0.01795644 -0.97725759 -0.18367667 0.10444165
1461163354.68164 -0.38425146 -0.35316487 1.43662383 0.02636481 -0.97719603 -0.17768042 0.11323642
1461163354.74168 -0.46070951 -0.35358209 1.44526444 0.02518424 -0.97710151 -0.17628765 0.11645197
1461163354.80351 -0.54221166 -0.35795202 1.45604514 0.01845658 -0.97606806 -0.17228735 0.13140612
1461163354.86158 -0.62023966 -0.36639133 1.46925091 0.00764118 -0.97517526 -0.16934765 0.14246473
1461163354.94162 -0.71704020 -0.38206207 1.48860687 0.01532761 -0.97407466 -0.17851433 0.13811680
1461163355.02168 -0.81248048 -0.40602881 1.50589295 0.01869894 -0.97450385 -0.17347259 0.14106687
1461163355.08167 -0.87815927 -0.42088737 1.52238848 0.01568237 -0.97160591 -0.17873293 0.15424189
1461163355.16208 -0.97211949 -0.43696046 1.54362693 0.00936657 -0.97064964 -0.18115134 0.15791054
1461163355.24201 -1.05931788 -0.44258950 1.56641090 0.01898646 -0.97075260 -0.18631521 0.15021833
1461163355.32158 -1.14710885 -0.43944510 1.59024804 0.02202291 -0.97192538 -0.18766011 0.14021318
1461163355.40327 -1.23632371 -0.43207404 1.61172330 0.03164993 -0.97449873 -0.18353512 0.12516138
1461163355.46172 -1.30484826 -0.42798007 1.63001606 0.03756244 -0.97265946 -0.18955434 0.12880913
1461163355.54164 -1.38372281 -0.43427970 1.65384990 0.03191085 -0.97407069 -0.18788412 0.12193258
1461163355.62167 -1.45286226 -0.44585786 1.67758207 0.02301357 -0.97487846 -0.19765148 0.10008123
1461163355.70166 -1.51995508 -0.46065251 1.70508067 0.00216891 -0.97488722 -0.20504342 0.08687578
1461163355.78157 -1.58148065 -0.47295864 1.73194123 -0.01836405 -0.97622636 -0.20412088 0.07056580
1461163355.86153 -1.65539576 -0.48034313 1.75694706 -0.00294649 -0.97873683 -0.19927434 0.04853124
1461163355.94153 -1.73124937 -0.48235720 1.78312403 0.00594951 -0.98073654 -0.19080029 0.04142089
1461163356.02159 -1.80491250 -0.48255994 1.81125965 0.02749661 -0.97870260 -0.20118479 0.03016351
1461163356.12156 -1.88676879 -0.49360115 1.84414440 0.01438352 -0.97722169 -0.21136678 0.01244839
1461163356.22161 -1.95893011 -0.51137141 1.86474124 0.02286765 -0.97438121 -0.22363911 -0.00662373
1461163356.32167 -2.02714131 -0.52795943 1.87868171 0.00990163 -0.97320291 -0.22837900 -0.02492138
1461163356.42155 -2.09067242 -0.53414183 1.88646811 0.01080234 -0.97163839 -0.22835455 -0.06046779
1461163356.52163 -2.16079710 -0.52379088 1.88771702 0.01396767 -0.96930000 -0.22772012 -0.09168399
1461163356.60343 -2.22155320 -0.50957854 1.88348389 0.04748743 -0.96301351 -0.23879529 -0.11544149
1461163356.70336 -2.29324740 -0.50730123 1.87762307 0.05042711 -0.95797017 -0.25083360 -0.12974118
1461163356.80332 -2.34782223 -0.52407607 1.86572378 0.04131025 -0.95463717 -0.24438988 -0.16503006
1461163356.90331 -2.40044827 -0.53992926 1.84927973 0.02119683 -0.94879614 -0.25143008 -0.19005127
1461163357.00344 -2.45372477 -0.54812294 1.82675924 0.03023222 -0.94137887 -0.25766042 -0.21564542
1461163357.10158 -2.50791844 -0.55642500 1.79832040 0.03704827 -0.93887146 -0.24261598 -0.24142348
1461163357.22150 -2.57994884 -0.55988899 1.76344597 0.05884252 -0.93495045 -0.23796367 -0.25647322
1461163357.34144 -2.63471891 -0.57296742 1.73052472 0.06154237 -0.92552535 -0.23818502 -0.28789453
1461163357.46151 -2.67414139 -0.58972824 1.68671244 0.05082068 -0.91782499 -0.23904778 -0.31284293
1461163357.58141 -2.70336946 -0.59622420 1.63705774 0.04122796 -0.90663629 -0.24555412 -0.34060837
1461163357.72179 -2.73628153 -0.58487749 1.56935263 0.03081217 -0.89664017 -0.24852971 -0.36513011
1461163357.84167 -2.76067077 -0.56243944 1.50288805 0.06642541 -0.88516354 -0.24935555 -0.38716274
1461163357.98190 -2.77349990 -0.55374586 1.42447258 0.08297041 -0.87324997 -0.24738079 -0.41152539
1461163358.08430 -2.76869301 -0.55885324 1.37140599 0.08212892 -0.86024104 -0.24063932 -0.44196483
1461163358.20203 -2.75757593 -0.56303191 1.30525444 0.07320200 -0.84787182 -0.23746436 -0.46836474
1461163358.32158 -2.73765398 -0.55356659 1.23656154 0.08349848 -0.83038713 -0.23520530 -0.49816030
1461163358.42227 -2.71304114 -0.54599152 1.17661440 0.09185217 -0.81634283 -0.22159401 -0.52539857
1461163358.54236 -2.68788158 -0.54878564 1.10243953 0.08919627 -0.81443521 -0.20903935 -0.53389312
1461163358.64232 -2.65733301 -0.55902252 1.05721789 0.09275736 -0.79692198 -0.20377069 -0.56106055
1461163358.74213 -2.62188653 -0.57187601 1.01304352 0.08876126 -0.78493205 -0.19077024 -0.58276052
1461163358.86260 -2.57253179 -0.56926472 0.96533855 0.07265118 -0.76830618 -0.19282366 -0.60600863
1461163359.00161 -2.50515010 -0.54112155 0.90846828 0.08416496 -0.75366745 -0.19446392 -0.62216189
1461163359.14155 -2.42184822 -0.51044369 0.84897727 0.10140303 -0.74925505 -0.19224195 -0.62560157
1461163359.26217 -2.34590448 -0.50770866 0.80825704 0.09539378 -0.74264790 -0.18426364 -0.63672681
1461163359.38146 -2.26612776 -0.51309321 0.76412470 0.07434504 -0.74579886 -0.19617810 -0.63227449
1461163359.50300 -2.18137053 -0.50880018 0.72106463 0.05907391 -0.75716235 -0.20246221 -0.61824308
1461163359.62140 -2.08754443 -0.48173735 0.68578861 0.07091374 -0.76617225 -0.20130201 -0.60615907
1461163359.72171 -2.00420118 -0.46293342 0.65969212 0.09062327 -0.77963077 -0.18048205 -0.59278117
1461163359.80314 -1.93681941 -0.46173447 0.64155249 0.07716761 -0.79180494 -0.15885681 -0.58468334
1461163359.92134 -1.84351063 -0.45482535 0.62944582 0.06895093 -0.78464189 -0.17681936 -0.59018454
1461163360.04128 -1.75053783 -0.45048636 0.61581456 0.08267110 -0.79040072 -0.17373012 -0.58159267
1461163360.14143 -1.66304511 -0.43508672 0.61447333 0.07368354 -0.78545835 -0.19738332 -0.58194994
1461163360.24152 -1.57007064 -0.41687323 0.61659940 0.07562703 -0.78374752 -0.19328448 -0.58537294
1461163360.32132 -1.49076328 -0.39924534 0.61835942 0.09564595 -0.78776281 -0.17296518 -0.58340779
1461163360.42154 -1.39129606 -0.38852974 0.61789368 0.08818664 -0.80050516 -0.15650455 -0.57177000
1461163360.52128 -1.29623294 -0.38377427 0.61894255 0.10275639 -0.80722422 -0.14955368 -0.56166171
1461163360.62180 -1.20641067 -0.37796055 0.61556758 0.11536195 -0.81292949 -0.17059832 -0.54473248
1461163360.72181 -1.11431805 -0.37257077 0.60890147 0.11053937 -0.82224138 -0.17575684 -0.52991480
1461163360.82124 -1.02017398 -0.36162212 0.59786014 0.09508443 -0.83247496 -0.16997298 -0.51870375
1461163360.92148 -0.92740058 -0.34232455 0.58481797 0.07302409 -0.84050303 -0.18857622 -0.50265410
1461163361.02172 -0.83230782 -0.33433555 0.57351506 0.05851750 -0.84323893 -0.18344095 -0.50186972
1461163361.14128 -0.72671156 -0.33643848 0.56443553 0.04312481 -0.84319317 -0.17807401 -0.50542574
1461163361.26152 -0.62460214 -0.33813261 0.55847397 0.03244622 -0.83949804 -0.18535135 -0.50974029
1461163361.38193 -0.52155464 -0.33204799 0.54717735 0.01658640 -0.84034590 -0.18154884 -0.51047398
1461163361.50378 -0.42018409 -0.31101755 0.52548384 0.00920617 -0.84658598 -0.17693020 -0.50189951
1461163361.60315 -0.34027237 -0.29284663 0.49609288 0.00340424 -0.85499660 -0.16654430 -0.49115398
1461163361.70340 -0.26653841 -0.27473194 0.46570181 0.01222887 -0.86192819 -0.16370768 -0.47971872
1461163361.80357 -0.19908931 -0.25376198 0.43127248 0.01956037 -0.86878996 -0.17406414 -0.46316635
1461163361.90321 -0.13683547 -0.23447717 0.39644664 0.04250607 -0.87321871 -0.17338986 -0.45345151
1461163362.02142 -0.06749090 -0.20825353 0.35537809 0.05701128 -0.86940343 -0.17740596 -0.45761831
1461163362.22226 0.03160755 -0.14566925 0.28733188 0.06319908 -0.84671679 -0.20878506 -0.48526833
1461163362.30362 0.06548955 -0.12737894 0.26152935 0.06451665 -0.83055178 -0.21607375 -0.50924795
1461163362.50120 0.13289305 -0.10937224 0.19912713 0.07645698 -0.80048617 -0.21493962 -0.55423568
1461163362.60113 0.16084702 -0.10188630 0.17438793 0.09728259 -0.77860674 -0.21022314 -0.58319283
1461163362.68107 0.18049430 -0.09680496 0.15516525 0.09769544 -0.75668731 -0.20561063 -0.61286555
1461163362.76129 0.19214021 -0.08744221 0.12932623 0.08367770 -0.73829044 -0.21467389 -0.63390881
1461163362.92160 0.20063427 -0.04879919 0.06107886 0.10589336 -0.71850545 -0.23311449 -0.64667932
1461163363.00327 0.20821502 -0.02457124 0.02955195 0.12426762 -0.70484768 -0.23185490 -0.65877963
1461163363.06126 0.21545871 -0.00641318 0.00633405 0.12788260 -0.69422938 -0.23727429 -0.66737734
1461163363.14133 0.22557298 0.01172457 -0.02393217 0.12820341 -0.68677046 -0.22716833 -0.67845764
1461163363.28146 0.22904455 0.04004001 -0.06408610 0.14869866 -0.64951896 -0.22972225 -0.70939518
1461163363.36124 0.22895349 0.05246510 -0.08505774 0.16873776 -0.62641723 -0.22195623 -0.72791789
1461163363.44115 0.22736795 0.06164975 -0.10377031 0.17127430 -0.60448867 -0.23497572 -0.74165017
1461163363.52123 0.22325608 0.06637801 -0.12077343 0.17445108 -0.58593739 -0.24731600 -0.75171736
1461163363.62120 0.22090632 0.07258795 -0.13955483 0.17012375 -0.56812015 -0.26736796 -0.75948126
1461163363.74119 0.22231743 0.07457979 -0.15973311 0.16395537 -0.54625241 -0.26540776 -0.77735813
1461163363.84114 0.22023408 0.07716192 -0.18112510 0.16205520 -0.53835496 -0.25922641 -0.78531122
1461163363.94126 0.21055805 0.08009639 -0.20228264 0.15968385 -0.52586303 -0.25725490 -0.79485159
