1461162054.96185 -0.08917663 0.12524103 -0.73847603 0.01411423 -0.25402146 -0.11849640 0.95980857
1461162055.44186 -0.30763104 -0.07958603 -0.76395119 0.04449064 -0.24384570 -0.13159759 0.95981349
1461162055.62185 -0.40518831 -0.13794843 -0.79286860 0.07928096 -0.26252626 -0.12962913 0.95288550
1461162055.80351 -0.48985160 -0.15554898 -0.84112292 0.09864473 -0.29421963 -0.15018708 0.93869477
1461162055.94223 -0.55550692 -0.15677832 -0.89789805 0.10677116 -0.33777718 -0.16897495 0.91975756
1461162056.52194 -0.80880402 -0.18203015 -1.04773808 0.10019966 -0.38593661 -0.13414228 0.90720384
1461162057.04177 -1.18670152 -0.21117954 -1.13525710 0.11184216 -0.40004362 -0.08616872 0.90555584
1461162057.28173 -1.35532234 -0.25301689 -1.18766797 0.12198664 -0.39867728 -0.03765673 0.90816169
1461162057.50166 -1.54545132 -0.26552296 -1.25283135 0.13214548 -0.41958612 -0.01896428 0.89784487
1461162057.62167 -1.68031516 -0.24157699 -1.31021438 0.14868519 -0.44772021 -0.04740162 0.88045012
1461162057.78163 -1.88405903 -0.22713505 -1.37318554 0.14819447 -0.47129098 -0.03373392 0.86878377
1461162057.96186 -2.09645216 -0.27292140 -1.44244065 0.16358100 -0.46117088 -0.00866754 0.87205937
1461162058.12182 -2.26424274 -0.32718836 -1.53733317 0.15824937 -0.47038675 0.03119477 0.86759457
1461162058.24170 -2.41696707 -0.33915906 -1.61935843 0.13216531 -0.49512551 0.04341426 0.85761195
1461162058.38168 -2.60337343 -0.33856693 -1.72613255 0.12040880 -0.51635893 0.05996876 0.84574164
1461162058.68173 -2.98789219 -0.36209777 -1.96066377 0.13218056 -0.50220707 0.08446727 0.85040087
1461162058.84172 -3.20278422 -0.34599806 -2.08683542 0.11896326 -0.50676270 0.07166088 0.85082550
1461162058.98161 -3.38939001 -0.29971206 -2.20901123 0.10909042 -0.51700604 0.06452722 0.84654608
1461162059.10180 -3.55212449 -0.24412658 -2.32277624 0.10010902 -0.53458664 0.06640403 0.83653202
1461162059.26163 -3.76713525 -0.19880591 -2.46584527 0.11456035 -0.54044794 0.06934030 0.83065268
1461162059.42163 -3.96846967 -0.16977534 -2.60726342 0.10284084 -0.54180286 0.07352821 0.83094345
1461162059.56166 -4.14084879 -0.15834276 -2.73212987 0.11676712 -0.54159778 0.07219353 0.82935238
1461162059.68151 -4.29228803 -0.10912777 -2.85072957 0.10701761 -0.55114405 0.07761346 0.82387112
1461162059.80351 -4.43216029 -0.05661177 -2.96471325 0.10630628 -0.54730770 0.08429463 0.82586177
1461162059.94156 -4.59629748 -0.00047240 -3.07735968 0.10154393 -0.53798396 0.08947021 0.83201993
1461162060.04158 -4.71646464 0.04849047 -3.16688209 0.08248775 -0.55307507 0.09721550 0.82331822
1461162060.16199 -4.85586009 0.12220595 -3.25015874 0.07067990 -0.55859069 0.08550729 0.82199106
1461162060.26161 -4.96533814 0.20691999 -3.30646665 0.03708794 -0.55755145 0.08881788 0.82454366
1461162060.36155 -5.06206137 0.30201779 -3.34619115 0.02014530 -0.54513399 0.07957793 0.83432036
1461162060.46155 -5.15413500 0.39789203 -3.37447637 0.00273358 -0.53070581 0.07794956 0.84395956
1461162060.58153 -5.24717049 0.50834020 -3.39436199 -0.01307380 -0.51740222 0.05757191 0.85370340
1461162060.74154 -5.31903384 0.63279797 -3.39367981 -0.02675825 -0.50275410 0.04081585 0.86305062
1461162060.88154 -5.35376762 0.73776112 -3.36108797 -0.04724148 -0.49244904 0.00777789 0.86902341
1461162061.04154 -5.36153255 0.82540289 -3.29380950 -0.05114232 -0.46672653 -0.00700352 0.88289397
1461162061.16147 -5.34251545 0.89163906 -3.20625630 -0.07233661 -0.44646910 -0.02967727 0.89137647
1461162061.28176 -5.28593260 0.94037669 -3.09827331 -0.09267844 -0.42428490 -0.04927047 0.89942507
1461162061.38152 -5.21588625 0.96651112 -2.98635779 -0.10395644 -0.39869684 -0.05714263 0.90937814
1461162061.46150 -5.14298089 0.97759847 -2.87664831 -0.11182316 -0.36751965 -0.06357687 0.92107702
1461162061.54156 -5.06330682 0.97248858 -2.75951651 -0.10926518 -0.34119227 -0.06280757 0.93150640
1461162061.62149 -4.97505257 0.95817374 -2.63594302 -0.11559767 -0.31795227 -0.06179098 0.93900235
1461162061.70153 -4.89494703 0.93049571 -2.51672816 -0.12286122 -0.29690353 -0.06070035 0.94502322
1461162061.78170 -4.81170961 0.89744007 -2.38990873 -0.12020852 -0.26972053 -0.05759598 0.95366842
1461162061.88134 -4.71375058 0.86203319 -2.23227813 -0.12515878 -0.23924121 -0.05968408 0.96100819
1461162061.96149 -4.63689254 0.83394383 -2.10025001 -0.11567038 -0.21217124 -0.06029881 0.96848737
1461162062.08146 -4.53496954 0.81050623 -1.88813927 -0.11066597 -0.18927779 -0.07243325 0.97297502
1461162062.18148 -4.46183805 0.79918034 -1.71549198 -0.11106659 -0.15796909 -0.08914934 0.97711943
1461162062.26145 -4.40952035 0.77586246 -1.57210133 -0.10172753 -0.12804239 -0.08799762 0.98260525
1461162062.36133 -4.34924097 0.74331749 -1.40873929 -0.10865319 -0.09732886 -0.09098869 0.98511047
1461162062.46137 -4.28587496 0.69929175 -1.24745475 -0.11262756 -0.06488566 -0.06860644 0.98914005
1461162062.58138 -4.22023164 0.65267083 -1.05478004 -0.11939499 -0.04693494 -0.06794972 0.98940628
1461162062.70380 -4.15293610 0.61669613 -0.84247615 -0.10828921 -0.03202744 -0.06570951 0.99142824
1461162062.80374 -4.09914867 0.57755423 -0.66779692 -0.08736388 -0.02727490 -0.07448201 0.99301363
1461162062.92164 -4.04453506 0.52963659 -0.46858220 -0.07824060 -0.02168909 -0.06843504 0.99434634
1461162063.02136 -4.00168589 0.49066768 -0.30908710 -0.08411138 -0.00702296 -0.06860524 0.99406704
1461162063.12151 -3.96478078 0.46325348 -0.14851133 -0.09546456 0.00449524 -0.05394079 0.99396011
1461162063.22155 -3.93509766 0.45479982 0.02745226 -0.10392504 0.00631234 -0.05678849 0.99294250
1461162063.32168 -3.91497717 0.46326367 0.20698075 -0.11226409 0.00213329 -0.05090860 0.99237117
1461162063.42210 -3.88683003 0.45961987 0.37853683 -0.10459843 0.02028997 -0.05006905 0.99304611
1461162063.52141 -3.87526736 0.44879113 0.53487384 -0.11767885 0.02280825 -0.06214095 0.99084306
1461162063.60332 -3.86705037 0.42751149 0.65145934 -0.11854268 0.03213375 -0.04712275 0.99130949
1461162063.68129 -3.87092487 0.40297158 0.77098037 -0.11961004 0.02922807 -0.04307597 0.99145530
1461162063.78124 -3.87530788 0.38291668 0.92013232 -0.12766881 0.02133466 -0.03793994 0.99086128
1461162063.86129 -3.87062305 0.35702651 1.04307284 -0.10924818 0.02037822 -0.04148009 0.99293956
1461162063.94130 -3.86507969 0.32729358 1.16025628 -0.08950638 0.01716795 -0.05227906 0.99446507
1461162064.02148 -3.86879173 0.30102900 1.26337057 -0.07726561 0.00704572 -0.05102300 0.99567918
1461162064.10351 -3.87840204 0.27720228 1.35362470 -0.08000618 -0.00880266 -0.05702300 0.99512306
1461162064.20325 -3.88845476 0.24683049 1.46164644 -0.07816710 -0.02010910 -0.04208390 0.99584862
1461162064.30328 -3.90182639 0.22531261 1.56507643 -0.07269763 -0.02667975 -0.04122784 0.99614432
1461162064.42124 -3.91601858 0.22603007 1.69109325 -0.07582759 -0.02004268 -0.04980560 0.99567458
1461162064.56143 -3.94271660 0.24613830 1.83624454 -0.08866519 -0.01227654 -0.05887463 0.99424421
1461162064.70350 -3.97997923 0.25978546 1.98175023 -0.09882634 -0.00290796 -0.05867677 0.99336898
1461162064.84169 -4.01755700 0.24087610 2.10628445 -0.09719391 0.00500358 -0.04696568 0.99414412
1461162065.02266 -4.04866983 0.21987074 2.25868843 -0.09485257 0.01515255 -0.04004928 0.99456998
1461162065.20369 -4.07900244 0.20881513 2.41509465 -0.08334384 0.01998996 -0.01717132 0.99617235
1461162065.34209 -4.10350886 0.22023543 2.56135764 -0.08339404 0.00065484 -0.01369441 0.99642233
1461162065.52196 -4.10221397 0.21976453 2.77075151 -0.07875343 0.01432863 -0.00522731 0.99677744
1461162065.74197 -4.11643565 0.19671871 2.99442829 -0.07975244 0.01591254 0.01769578 0.99653058
1461162065.88128 -4.11885142 0.19780501 3.13515728 -0.08848423 0.04855399 0.02583332 0.99455804
1461162066.02122 -4.12763137 0.19289814 3.28355778 -0.08082125 0.07365032 0.02455158 0.99370055
1461162066.14125 -4.13157961 0.18542587 3.41989497 -0.08151633 0.10995105 0.02899931 0.99016407
1461162066.26129 -4.13416576 0.18197818 3.55201321 -0.09352252 0.14139345 0.04875166 0.98431941
1461162066.38144 -4.12856298 0.17506906 3.67895572 -0.10811389 0.18050119 0.06662721 0.97534175
1461162066.52193 -4.10600289 0.15711485 3.82635248 -0.10567093 0.22288538 0.07509930 0.96618624
1461162066.66128 -4.06794311 0.15138073 3.97695369 -0.10453086 0.26264187 0.09651231 0.95434686
1461162066.82122 -4.01567052 0.11401525 4.16570982 -0.07965989 0.29810960 0.12437353 0.94303563
1461162067.02169 -3.93843767 0.04397441 4.37948053 -0.07370663 0.33331060 0.15450846 0.92714536
1461162067.24110 -3.79683260 -0.03258185 4.60962105 -0.05376613 0.37370287 0.16594289 0.91099853
1461162067.42117 -3.62822235 -0.07831187 4.81077441 -0.03873329 0.40860384 0.17726068 0.89449499
1461162067.64118 -3.41033005 -0.15478488 5.05036642 -0.03463076 0.43151462 0.17789763 0.88371278
1461162067.82118 -3.19827512 -0.20365871 5.24207542 -0.04987637 0.44499286 0.17256106 0.87733482
1461162067.96116 -3.00951661 -0.24377440 5.38268525 -0.03880647 0.46569384 0.16369119 0.86880867
1461162068.14175 -2.80748911 -0.30920007 5.54079710 -0.03810294 0.46919850 0.16864669 0.86600186
1461162068.32118 -2.61535389 -0.38459196 5.70238228 -0.05120567 0.45782865 0.16712175 0.87168872
1461162068.48119 -2.40370101 -0.42771771 5.86495479 -0.04839843 0.45413874 0.15901637 0.87528818
1461162068.60126 -2.23333348 -0.45926752 5.97357599 -0.04902435 0.47631432 0.15425178 0.86424977
1461162068.76109 -2.02791660 -0.52706588 6.12618322 -0.04995162 0.46998402 0.14067473 0.86996004
1461162068.92113 -1.83575516 -0.60619061 6.29854849 -0.03706968 0.45132782 0.13785158 0.88086661
1461162069.06117 -1.64887965 -0.65190298 6.44112847 -0.03242086 0.44334118 0.12881842 0.88645547
1461162069.20404 -1.46981607 -0.70209851 6.57177353 -0.02404138 0.42937576 0.12583051 0.89399393
1461162069.36107 -1.29889499 -0.75453657 6.70979282 -0.04497094 0.41024025 0.13570230 0.90070275
1461162069.56109 -1.07997341 -0.80788284 6.87468118 -0.04505976 0.39550893 0.13323990 0.90762847
1461162069.74112 -0.86340057 -0.83099539 7.04108931 -0.06041009 0.39258832 0.10848011 0.91129419
1461162069.92112 -0.68095607 -0.89281600 7.20741286 -0.07573135 0.37283811 0.10271740 0.91907869
1461162070.08108 -0.51147207 -0.94601226 7.35167402 -0.06778309 0.35934632 0.10492310 0.92480637
1461162070.20111 -0.38048552 -0.96732509 7.46616213 -0.06397432 0.34481840 0.10182057 0.93093508
1461162070.32110 -0.25946904 -0.99771358 7.57980953 -0.07174565 0.31157575 0.08921330 0.94329958
1461162070.44101 -0.17483616 -1.03507830 7.69382966 -0.08992764 0.27647950 0.08420352 0.95309069
1461162070.56104 -0.09264826 -1.08042915 7.79490471 -0.09912166 0.24245972 0.07939991 0.96181278
1461162070.68101 -0.00193940 -1.10369780 7.90591828 -0.10197131 0.21430076 0.06527495 0.96923486
1461162070.78101 0.08034250 -1.10550534 8.00285412 -0.11494624 0.20155705 0.04714606 0.97156542
1461162070.88106 0.15116804 -1.11057933 8.10290600 -0.12673578 0.18152808 0.02948388 0.97473909
1461162070.94258 0.18213011 -1.11523186 8.16729756 -0.14662540 0.15762940 0.01786773 0.97638861
1461162071.02102 0.22419832 -1.12540783 8.24924755 -0.16524229 0.13695046 0.00953121 0.97665179
1461162071.12107 0.27469470 -1.14250625 8.34130785 -0.17488871 0.11617166 0.02132991 0.97747794
1461162071.22110 0.32048239 -1.15887895 8.43350074 -0.17585382 0.08799494 0.02269904 0.98021277
1461162071.32146 0.36395493 -1.16817000 8.52448696 -0.18276071 0.05950544 0.01028925 0.98130105
1461162071.42097 0.40826172 -1.18301440 8.60915954 -0.18444515 0.02701806 -0.00191693 0.98246951
1461162071.52101 0.42939284 -1.19680435 8.69557129 -0.18821468 -0.00982822 -0.01375237 0.98198244
1461162071.60106 0.43331510 -1.20604398 8.75214603 -0.20179047 -0.05298228 -0.02263353 0.97773269
1461162071.68103 0.43144087 -1.21545166 8.79931401 -0.21979811 -0.09718681 -0.03707302 0.96998407
1461162071.78095 0.43694317 -1.23601597 8.85852577 -0.22202709 -0.13124408 -0.04270345 0.96522297
1461162071.90098 0.44154969 -1.24300085 8.93950993 -0.22028187 -0.16863408 -0.07400450 0.95789445
1461162072.02110 0.43910905 -1.24324283 9.02977536 -0.21786779 -0.20092741 -0.09457674 0.95037732
1461162072.14095 0.42345692 -1.24815334 9.12148818 -0.20873104 -0.22635014 -0.10901049 0.94515273
1461162072.24141 0.39907822 -1.24793124 9.18073087 -0.21875627 -0.24671323 -0.12422282 0.93586696
1461162072.36093 0.36506337 -1.23947016 9.25031659 -0.23053447 -0.27046936 -0.12894024 0.92578324
1461162072.48118 0.31293731 -1.23440446 9.31373486 -0.23384117 -0.29884310 -0.12553411 0.91665277
1461162072.60344 0.24929928 -1.22866445 9.37383083 -0.23646865 -0.32002901 -0.12454744 0.90892901
1461162072.72093 0.17486697 -1.22386895 9.42728159 -0.23982857 -0.34077434 -0.11455067 0.90179446
1461162072.84119 0.08996344 -1.23208199 9.47294335 -0.22904968 -0.36143487 -0.10792166 0.89735946
1461162073.02100 -0.01904893 -1.22206543 9.52551156 -0.23269718 -0.37707089 -0.11884840 0.88856324
1461162073.20092 -0.13913967 -1.20054437 9.55932824 -0.24830495 -0.40390124 -0.13129114 0.87061534
1461162073.46089 -0.31179000 -1.16371268 9.65098606 -0.25614444 -0.38557710 -0.12070241 0.87815218
1461162073.72093 -0.47520860 -1.12384897 9.73785988 -0.27648896 -0.38505106 -0.13953000 0.86937962
1461162073.94103 -0.62306302 -1.10286226 9.83110799 -0.26938173 -0.39411901 -0.15094933 0.86563156
1461162074.14085 -0.76075196 -1.07809434 9.92501626 -0.27369340 -0.40666157 -0.14570231 0.85935390
1461162074.32086 -0.87544254 -1.07612377 9.97969240 -0.27135046 -0.43820564 -0.14975457 0.84375252
1461162074.48090 -0.96441329 -1.05425497 10.00788174 -0.28960169 -0.46765300 -0.16881955 0.81788232
1461162074.60087 -1.02537252 -1.03651843 10.02181020 -0.29289355 -0.50347774 -0.19153233 0.78996132
1461162074.74077 -1.09377082 -1.00698638 10.03708077 -0.29245733 -0.53887888 -0.21372280 0.76052668
1461162074.86084 -1.15711703 -0.99304538 10.03338910 -0.28077471 -0.58196762 -0.22853195 0.72818431
1461162074.98086 -1.19361150 -0.98972181 10.02053874 -0.28559581 -0.61940720 -0.24238902 0.68994008
1461162075.16081 -1.24552309 -0.98660831 10.02009853 -0.28596237 -0.65504623 -0.24617741 0.65462711
1461162075.28075 -1.26781699 -0.96327957 10.01072689 -0.29790818 -0.68173371 -0.26480255 0.61348959
1461162075.34078 -1.28066593 -0.94809732 10.00469883 -0.29770024 -0.70056753 -0.27443648 0.58759197
1461162075.42081 -1.29673952 -0.92756520 9.99330781 -0.29288119 -0.72882929 -0.29624893 0.54338296
1461162075.50253 -1.31217092 -0.91380786 9.98255660 -0.29000220 -0.75531622 -0.30684982 0.50123779
1461162075.56090 -1.32150249 -0.90704252 9.97559947 -0.28994933 -0.77141566 -0.31510408 0.47069807
1461162075.64075 -1.32537314 -0.89753215 9.96568865 -0.29085544 -0.78865858 -0.33549524 0.42528074
1461162075.74084 -1.33806272 -0.88495399 9.96067025 -0.28298937 -0.80136422 -0.35719742 0.38748214
1461162075.86077 -1.35269715 -0.86543644 9.95462280 -0.27768542 -0.81430422 -0.37965891 0.34008611
1461162075.96080 -1.36910404 -0.84348938 9.95117252 -0.26841532 -0.81892775 -0.40541489 0.30487591
1461162076.08078 -1.39949808 -0.81669380 9.93242872 -0.26463194 -0.82341044 -0.41653272 0.28011725
1461162076.20281 -1.44111672 -0.79349947 9.90524731 -0.25441574 -0.82874908 -0.42566946 0.25933202
1461162076.32081 -1.46700518 -0.77525393 9.87807776 -0.24430652 -0.83357485 -0.44102469 0.22575323
1461162076.46066 -1.50323466 -0.75135159 9.85282117 -0.24444589 -0.83667632 -0.44602206 0.20318283
1461162076.58074 -1.51993861 -0.73288712 9.82062660 -0.23208626 -0.84147395 -0.45712718 0.17056467
1461162076.68104 -1.52394160 -0.71169710 9.79004812 -0.21958547 -0.84275211 -0.47413149 0.12942343
1461162076.78069 -1.52231419 -0.70261672 9.74960435 -0.20393988 -0.85103822 -0.47730361 0.07952198
1461162076.88105 -1.52008524 -0.70167765 9.71141777 -0.18636344 -0.86042764 -0.47315431 0.03252608
1461162077.00245 -1.51054718 -0.70059508 9.67723865 -0.16308540 -0.86683052 -0.47007571 -0.03219984
1461162077.10243 -1.50340327 -0.70598231 9.65797036 -0.12716998 -0.86564506 -0.47637089 -0.08693219
1461162077.24087 -1.50156081 -0.71933229 9.63351743 -0.10870972 -0.86104060 -0.47917619 -0.13107808
1461162077.34070 -1.49522309 -0.73794996 9.60655778 -0.10574243 -0.86505281 -0.46398792 -0.15879986
1461162077.42061 -1.48401419 -0.74989967 9.58671037 -0.09498411 -0.86444239 -0.45454124 -0.19263862
1461162077.50243 -1.47172243 -0.76525069 9.56238865 -0.07908411 -0.86722730 -0.43653372 -0.22605489
1461162077.58077 -1.46256962 -0.78418035 9.53839803 -0.07159138 -0.87004130 -0.41821594 -0.25099452
1461162077.66063 -1.45581747 -0.80440794 9.51845723 -0.05995777 -0.87328044 -0.40073203 -0.27055529
1461162077.74082 -1.45022359 -0.82737393 9.50413941 -0.06222994 -0.87407138 -0.38646568 -0.28769938
1461162077.82094 -1.44558663 -0.85422662 9.49694305 -0.05953770 -0.87148534 -0.37521729 -0.31012990
1461162077.90304 -1.44379514 -0.88608447 9.48658626 -0.06284067 -0.87290857 -0.36002448 -0.32320898
1461162077.96066 -1.44384621 -0.91055218 9.47925136 -0.07010621 -0.87392002 -0.34722078 -0.33284628
1461162078.02069 -1.44450928 -0.93938163 9.47423085 -0.06671124 -0.87474719 -0.33508940 -0.34363070
1461162078.08082 -1.44456012 -0.97183007 9.46855041 -0.07066110 -0.87678957 -0.31916996 -0.35267208
1461162078.14064 -1.44417470 -1.00346244 9.46405710 -0.07633616 -0.87893022 -0.30447470 -0.35909554
1461162078.20274 -1.44911176 -1.02935620 9.46059131 -0.08198397 -0.87999112 -0.29665108 -0.36179053
1461162078.28073 -1.45403910 -1.05925166 9.45468415 -0.08861442 -0.88250394 -0.28854340 -0.36066187
1461162078.36067 -1.45445543 -1.09040460 9.44872681 -0.09702288 -0.88364200 -0.27800166 -0.36397591
1461162078.46070 -1.45217492 -1.12426929 9.44570663 -0.09564445 -0.88309852 -0.27174836 -0.37032685
1461162078.56063 -1.44759885 -1.15537848 9.44651080 -0.09447457 -0.88223225 -0.26587197 -0.37689907
1461162078.64066 -1.44348432 -1.18023674 9.44822797 -0.09635850 -0.88136135 -0.26088007 -0.38191464
1461162078.74065 -1.43937176 -1.20589939 9.45183221 -0.09802614 -0.87922235 -0.26076897 -0.38646925
1461162078.88068 -1.43867132 -1.23254150 9.45078992 -0.10941882 -0.87853482 -0.27021672 -0.37840060
1461162079.00063 -1.44295684 -1.25225130 9.43805538 -0.13509511 -0.88087625 -0.28309856 -0.35448772
1461162079.14062 -1.44984852 -1.26953079 9.41732890 -0.17490170 -0.87820840 -0.29798239 -0.33070515
1461162079.26059 -1.46485305 -1.26941007 9.39250111 -0.19576955 -0.87510317 -0.30522598 -0.32047750
1461162079.36106 -1.48473717 -1.26166454 9.36775420 -0.22162260 -0.87122741 -0.31145808 -0.30796120
1461162079.44062 -1.50456553 -1.25413505 9.34643233 -0.24814484 -0.86694671 -0.31571702 -0.29521229
1461162079.52056 -1.52575240 -1.24459752 9.32580809 -0.26729730 -0.86319604 -0.32086875 -0.28370408
1461162079.60053 -1.54612421 -1.23697024 9.30569444 -0.27577519 -0.86265554 -0.31997797 -0.27818622
1461162079.68055 -1.56787176 -1.22426057 9.28851725 -0.28397584 -0.86135127 -0.32084136 -0.27293321
1461162079.76054 -1.59061797 -1.21205355 9.27199744 -0.29489900 -0.85943136 -0.31906903 -0.26945735
1461162079.84066 -1.61659495 -1.19788923 9.25699208 -0.31629600 -0.85394976 -0.32251629 -0.25828257
1461162079.90057 -1.63924081 -1.18586559 9.24647591 -0.32739108 -0.85309829 -0.32505688 -0.24367276
1461162079.96060 -1.66287076 -1.17453199 9.23609697 -0.33153588 -0.85615864 -0.32658797 -0.22453649
1461162080.04050 -1.68934667 -1.16800867 9.22355089 -0.35443311 -0.85408928 -0.32341009 -0.20078495
1461162080.14057 -1.71564928 -1.17434894 9.20997746 -0.37307590 -0.85390427 -0.31536379 -0.17946461
1461162080.20226 -1.72675568 -1.18705728 9.20312841 -0.38137326 -0.85401214 -0.30794567 -0.17431912
1461162080.28055 -1.74319968 -1.21312964 9.19200912 -0.39694661 -0.85533333 -0.29068489 -0.16229780
1461162080.36055 -1.75291390 -1.24638676 9.18463228 -0.40065279 -0.85976605 -0.27459593 -0.15772367
1461162080.44060 -1.75749312 -1.28253643 9.18046236 -0.40264434 -0.86260463 -0.26065307 -0.16078173
1461162080.52119 -1.76068503 -1.31771818 9.17732544 -0.40698721 -0.86410233 -0.24715175 -0.16310914
1461162080.60237 -1.75979087 -1.34811792 9.17649829 -0.40291062 -0.86728485 -0.24032050 -0.16651151
1461162080.68058 -1.75488360 -1.37832743 9.17920468 -0.39779423 -0.86957625 -0.23459613 -0.17481860
1461162080.76055 -1.74855913 -1.41174703 9.18362562 -0.39492595 -0.87245924 -0.22350673 -0.18136457
1461162080.84057 -1.74042489 -1.44511562 9.19013953 -0.39340079 -0.87407584 -0.21415676 -0.18805351
1461162080.92044 -1.73053267 -1.47890077 9.19863397 -0.39868763 -0.87371242 -0.20295626 -0.19100664
1461162081.02048 -1.72084206 -1.51219247 9.20991604 -0.39774087 -0.87706074 -0.19449547 -0.18638178
1461162081.14048 -1.70405576 -1.54015275 9.22463644 -0.40347269 -0.87744183 -0.18721867 -0.17959618
1461162081.28057 -1.68624086 -1.55162992 9.23954889 -0.41154884 -0.88036879 -0.18135916 -0.15062272
1461162081.38053 -1.67061662 -1.54347892 9.25353624 -0.41426218 -0.88291972 -0.18358179 -0.12303387
1461162081.44092 -1.65714267 -1.53414106 9.26370662 -0.41520208 -0.88338472 -0.18803768 -0.10899769
1461162081.52055 -1.63468188 -1.51670878 9.27825009 -0.41839222 -0.88334446 -0.19102986 -0.09032227
1461162081.60052 -1.60969722 -1.49735974 9.29153311 -0.42525610 -0.88092298 -0.19617470 -0.06817216
1461162081.70073 -1.57688508 -1.47912084 9.30767287 -0.43008076 -0.88005915 -0.19598808 -0.04599015
1461162081.78044 -1.55206345 -1.47095382 9.32051202 -0.43023870 -0.88152934 -0.19187761 -0.03136336
1461162081.86044 -1.52716681 -1.45812524 9.33407306 -0.42745196 -0.88387096 -0.18948652 -0.01232136
1461162081.96068 -1.50268445 -1.44752497 9.35064481 -0.43236011 -0.88292382 -0.18245315 0.01486964
1461162082.04079 -1.48550265 -1.43782841 9.36838819 -0.43402736 -0.88120926 -0.18320034 0.03909127
1461162082.12039 -1.46331726 -1.43323935 9.38829183 -0.44051237 -0.87777816 -0.18050689 0.05358747
1461162082.20280 -1.44082833 -1.42468201 9.41152268 -0.44312595 -0.87494502 -0.18301106 0.06795254
1461162082.28031 -1.41999285 -1.41671534 9.43472929 -0.44164230 -0.87345111 -0.18697321 0.08412054
1461162082.38035 -1.39497038 -1.41301791 9.46076485 -0.45572500 -0.86491762 -0.18343566 0.10287656
1461162082.46035 -1.38072267 -1.40070600 9.48195704 -0.45563946 -0.86059514 -0.18920284 0.12637630
1461162082.54065 -1.36686424 -1.37991338 9.50179560 -0.46157445 -0.85164748 -0.20161131 0.14490849
1461162082.68104 -1.34492776 -1.35485940 9.52084206 -0.45580088 -0.85140891 -0.21188780 0.14983986
1461162082.80211 -1.33376500 -1.32185304 9.53071649 -0.48389945 -0.83144253 -0.22641176 0.15258559
1461162082.90205 -1.33440162 -1.28241485 9.54024670 -0.48247453 -0.82342639 -0.24824107 0.16602311
1461162083.04052 -1.32735404 -1.23490903 9.54024087 -0.47974581 -0.82002489 -0.26363382 0.16703399
1461162083.16036 -1.32484200 -1.18273517 9.53327969 -0.47990557 -0.81374979 -0.27309495 0.18144164
1461162083.28041 -1.32103551 -1.12490683 9.51266780 -0.47552692 -0.80838040 -0.28755560 0.19418304
1461162083.38080 -1.32487596 -1.07882879 9.48588429 -0.47084954 -0.80314933 -0.30178388 0.20537371
1461162083.50224 -1.33791152 -1.02750690 9.44462909 -0.46669291 -0.79911467 -0.30988543 0.21813870
1461162083.60227 -1.35803038 -0.98708912 9.41272919 -0.46673981 -0.78996315 -0.32283064 0.23214768
1461162083.72031 -1.38476827 -0.93958743 9.38023905 -0.47276975 -0.77924647 -0.33065294 0.24481083
1461162083.82035 -1.42209764 -0.90022539 9.35410621 -0.47274942 -0.77157049 -0.33496305 0.26265324
1461162083.90208 -1.46028369 -0.87065572 9.33375588 -0.47272010 -0.76559363 -0.33286656 0.28213820
1461162083.98033 -1.51035223 -0.84636178 9.30265400 -0.47508986 -0.75972158 -0.32987012 0.29715055
1461162084.06032 -1.56511338 -0.82409000 9.27367801 -0.47711793 -0.75263886 -0.32597404 0.31564878
1461162084.14040 -1.62412860 -0.80599299 9.24256398 -0.48423579 -0.74564588 -0.31445945 0.33263069
1461162084.24047 -1.69852127 -0.78945917 9.20811003 -0.48588354 -0.73650892 -0.31326388 0.35119445
1461162084.34033 -1.76349721 -0.77941194 9.16986832 -0.49605640 -0.73095031 -0.30563590 0.35528353
1461162084.42029 -1.81435883 -0.76536961 9.14955961 -0.49725961 -0.72374051 -0.30034896 0.37245543
1461162084.50214 -1.86519993 -0.75837525 9.12168698 -0.49809733 -0.72306262 -0.29320936 0.37829587
1461162084.58028 -1.91741887 -0.74862001 9.09918714 -0.50348401 -0.71575154 -0.28366726 0.39209243
1461162084.64046 -1.96150357 -0.74605666 9.07836600 -0.50005023 -0.71926337 -0.27376134 0.39707015
1461162084.72025 -2.02495328 -0.73921189 9.05776798 -0.50149774 -0.71573388 -0.25994026 0.41067760
1461162084.80224 -2.09055520 -0.73635674 9.03424318 -0.49715824 -0.71450761 -0.24731508 0.42561462
1461162084.86032 -2.14001920 -0.73123496 9.02027683 -0.49274380 -0.71382488 -0.23817110 0.43695779
1461162084.94032 -2.20659154 -0.72223208 9.00511318 -0.48937707 -0.70937288 -0.22661221 0.45381395
1461162085.02026 -2.27296266 -0.71967942 8.98617610 -0.48146862 -0.71006248 -0.20904167 0.46936214
1461162085.10331 -2.33624605 -0.71687295 8.97243334 -0.47635132 -0.70497379 -0.19834250 0.48658157
1461162085.18034 -2.38965950 -0.71131614 8.96130439 -0.46565099 -0.70307270 -0.20266133 0.49778140
1461162085.28040 -2.45587299 -0.69848670 8.96520641 -0.46825162 -0.68989226 -0.19562617 0.51625526
1461162085.40022 -2.51114308 -0.68399029 8.97328051 -0.47454824 -0.67078988 -0.18916570 0.53764417
1461162085.50199 -2.56132336 -0.67579552 9.00006038 -0.47557828 -0.65605028 -0.17372111 0.55968232
1461162085.60201 -2.60503187 -0.66905303 9.03402708 -0.47676954 -0.64485715 -0.16780775 0.57331546
1461162085.68023 -2.63804400 -0.66568912 9.06591614 -0.47427988 -0.63719887 -0.16526005 0.58457277
1461162085.76029 -2.66713450 -0.65999043 9.09931795 -0.47632289 -0.62849975 -0.16418143 0.59257829
1461162085.84018 -2.69177596 -0.65066903 9.12890688 -0.47629650 -0.62410933 -0.17059962 0.59541998
1461162085.92025 -2.71176411 -0.64473189 9.15593861 -0.47832231 -0.62382011 -0.18136010 0.59090164
1461162085.98035 -2.72723050 -0.64104375 9.17824899 -0.47494382 -0.62556228 -0.19160235 0.58854798
1461162086.04018 -2.74499293 -0.63779530 9.20060241 -0.47209884 -0.62683439 -0.19946169 0.58686998
1461162086.10267 -2.76433925 -0.63561520 9.22201753 -0.46886638 -0.63170210 -0.20473576 0.58240882
1461162086.16019 -2.78321284 -0.63406099 9.24552379 -0.46004545 -0.63920582 -0.21697537 0.57679788
1461162086.22025 -2.80169059 -0.63189901 9.27170209 -0.45016893 -0.64579636 -0.23063648 0.57192816
1461162086.28025 -2.82093607 -0.63070234 9.29900037 -0.43848835 -0.65134671 -0.24207437 0.56997845
1461162086.34016 -2.83867177 -0.62873223 9.32772727 -0.42812253 -0.65288440 -0.25694328 0.56959039
1461162086.40208 -2.86081628 -0.62775409 9.35237021 -0.41900451 -0.65763651 -0.26560193 0.56692597
1461162086.46026 -2.87591821 -0.62779053 9.37607885 -0.41152090 -0.66192180 -0.27287406 0.56395906
1461162086.52056 -2.89373618 -0.62858468 9.39774998 -0.39175023 -0.67108099 -0.29191712 0.55764367
1461162086.58018 -2.91125278 -0.62780345 9.41889825 -0.38173698 -0.67333648 -0.30728039 0.55360060
1461162086.64024 -2.93115395 -0.62750391 9.43673697 -0.37257006 -0.67639871 -0.31577428 0.55132834
1461162086.70194 -2.94913787 -0.62471954 9.44973026 -0.36287724 -0.68202882 -0.33224990 0.54107930
1461162086.76022 -2.96924785 -0.62132405 9.46086476 -0.35013790 -0.68842833 -0.34888863 0.53079808
1461162086.82015 -2.99130183 -0.61806177 9.46889118 -0.34067933 -0.69644979 -0.36037096 0.51867915
1461162086.88012 -3.01500608 -0.61377181 9.47852470 -0.32821448 -0.70239088 -0.37732017 0.50650942
1461162086.94019 -3.04446826 -0.61203785 9.48952453 -0.31979791 -0.70532911 -0.38373469 0.50297897
1461162087.00019 -3.08072082 -0.61407411 9.50321553 -0.31586679 -0.70478317 -0.37518399 0.51258739
1461162087.06013 -3.11620624 -0.61497489 9.51959502 -0.31410022 -0.69808285 -0.37268920 0.52452278
1461162087.10189 -3.14327481 -0.61862464 9.53026109 -0.31799155 -0.69170296 -0.35897280 0.53996936
1461162087.14017 -3.17093100 -0.62342431 9.53907211 -0.32364023 -0.68708832 -0.34247746 0.55306041
1461162087.18021 -3.19967900 -0.62814912 9.54984027 -0.33202101 -0.67834382 -0.32710797 0.56798951
1461162087.22035 -3.22305550 -0.63327908 9.55908682 -0.34002594 -0.66918463 -0.31121672 0.58285370
1461162087.28018 -3.26079179 -0.63935151 9.57278120 -0.35192899 -0.65738625 -0.28835521 0.60070007
1461162087.34029 -3.29860111 -0.64294565 9.58798949 -0.36489735 -0.64161436 -0.26603393 0.62000555
1461162087.42032 -3.34977783 -0.64380369 9.60832740 -0.37700423 -0.62353736 -0.23394026 0.64369319
1461162087.54010 -3.41889588 -0.64419276 9.63402690 -0.38294889 -0.60443396 -0.21202541 0.66562374
1461162087.72017 -3.51881515 -0.63701976 9.66681044 -0.38148666 -0.58975086 -0.19177347 0.68548143
1461162087.88018 -3.60632404 -0.62398125 9.67929735 -0.38374324 -0.58975809 -0.18650864 0.68566832
1461162088.04017 -3.68928679 -0.61485988 9.68900625 -0.39546301 -0.58469475 -0.17670068 0.68594309
1461162088.22009 -3.77275177 -0.61027037 9.70210569 -0.39808520 -0.57868408 -0.16711666 0.69189950
1461162088.42027 -3.85749657 -0.59541650 9.72775681 -0.39910159 -0.56890559 -0.16464296 0.69996932
1461162088.58008 -3.93341215 -0.57224091 9.75862645 -0.40635332 -0.54786601 -0.15319906 0.71501738
1461162088.72016 -4.00501148 -0.55139916 9.80174152 -0.40672663 -0.51940151 -0.14574643 0.73726081
1461162088.84012 -4.06278151 -0.53585264 9.84771230 -0.40553508 -0.48618057 -0.12548307 0.76382181
1461162088.96007 -4.11209436 -0.52348115 9.89885337 -0.40871462 -0.44985407 -0.10240233 0.78746266
1461162089.08005 -4.16028231 -0.51664084 9.95775192 -0.40940381 -0.41665092 -0.06691655 0.80889598
1461162089.18004 -4.19931253 -0.52497603 10.01307114 -0.40172448 -0.39308800 -0.04075714 0.82609813
1461162089.28008 -4.23045117 -0.53761396 10.07714890 -0.39185935 -0.36736505 -0.02192851 0.84321309
1461162089.38013 -4.25610234 -0.53894234 10.12797619 -0.38949689 -0.35199949 -0.02434430 0.85076194
1461162089.52006 -4.29578012 -0.53466718 10.19427715 -0.38991297 -0.34126002 -0.02373879 0.85495377
1461162089.66019 -4.33071844 -0.53916438 10.25946790 -0.38947470 -0.33361324 -0.03580482 0.85774686
1461162089.80198 -4.36135359 -0.55024762 10.33248747 -0.38082167 -0.32653330 -0.05509215 0.86331670
1461162089.92002 -4.38218914 -0.56406877 10.40145767 -0.36704978 -0.31431026 -0.07816853 0.87199381
1461162090.06005 -4.39709826 -0.57563626 10.47854443 -0.35936791 -0.29297910 -0.09606433 0.88078919
1461162090.20294 -4.40589495 -0.57738156 10.55535847 -0.35812908 -0.26852174 -0.10653379 0.88785708
1461162090.34010 -4.41936037 -0.57966225 10.63442299 -0.35296257 -0.24231078 -0.09786641 0.89840140
1461162090.46044 -4.42894794 -0.57585219 10.70023711 -0.34983601 -0.20847791 -0.07753688 0.91002184
1461162090.59996 -4.44281216 -0.57624182 10.77134510 -0.33775395 -0.17633994 -0.04014077 0.92369650
1461162090.75997 -4.45617558 -0.56761345 10.84666274 -0.34036165 -0.14490721 -0.01928221 0.92886169
1461162090.90192 -4.47232948 -0.56118569 10.92121365 -0.34219600 -0.13481276 -0.01234799 0.92982522
1461162091.01997 -4.47747897 -0.57167270 10.98951808 -0.33131306 -0.12705223 -0.01480285 0.93481028
1461162091.13987 -4.48062995 -0.58138954 11.06053326 -0.32625709 -0.11573516 -0.01713967 0.93801275
1461162091.25992 -4.49016970 -0.59650866 11.12262159 -0.32181497 -0.11445002 -0.02473209 0.93953427
1461162091.39996 -4.51508333 -0.60916983 11.18541862 -0.32511984 -0.12411721 -0.02243543 0.93722391
1461162091.57996 -4.55177359 -0.60399407 11.24947102 -0.33325692 -0.13269807 -0.00531725 0.93343600
1461162091.75999 -4.59170090 -0.58361887 11.30674927 -0.33656720 -0.12897527 0.00117290 0.93278429
1461162091.90171 -4.62994598 -0.58092601 11.35990046 -0.33114900 -0.12680906 0.00638068 0.93499684
1461162092.01992 -4.65900738 -0.56045494 11.39478045 -0.33978055 -0.13652507 -0.00087251 0.93054249
1461162092.10169 -4.68190136 -0.53671031 11.41642249 -0.34829516 -0.15318056 -0.01762701 0.92461640
1461162092.21989 -4.71226638 -0.49556351 11.45476303 -0.35581400 -0.15136911 -0.01683803 0.92206305
1461162092.31988 -4.73892183 -0.45510442 11.49428718 -0.36219597 -0.14814538 -0.00883425 0.92021138
1461162092.43982 -4.76197878 -0.42261168 11.54367413 -0.35331377 -0.13029824 -0.00367233 0.92637911
1461162092.57981 -4.79383148 -0.39298712 11.58769322 -0.34334776 -0.12341919 -0.00185702 0.93106207
1461162092.70226 -4.82022866 -0.36748683 11.61831516 -0.33460179 -0.11802107 0.00535119 0.93492462
1461162092.82012 -4.84045749 -0.34073509 11.65066210 -0.31792174 -0.11716149 0.00914157 0.94080571
1461162092.92065 -4.84577251 -0.31277240 11.66925052 -0.30914008 -0.11519572 0.00177947 0.94401228
1461162093.01976 -4.84551129 -0.28988560 11.69228727 -0.29235360 -0.11100702 -0.00504683 0.94983227
1461162093.07977 -4.83668620 -0.27543310 11.70612311 -0.28588509 -0.09956670 -0.01092995 0.95301455
1461162093.13969 -4.82401074 -0.26278989 11.72069767 -0.27723023 -0.08004903 -0.00382741 0.95745543
1461162093.20236 -4.81533738 -0.25175647 11.73568015 -0.26615976 -0.07212662 -0.01191368 0.96115285
1461162093.25977 -4.80297853 -0.24205250 11.75242801 -0.25161710 -0.05827611 -0.00944936 0.96602455
1461162093.31983 -4.79137899 -0.23042670 11.76948257 -0.24388636 -0.04746342 -0.01000934 0.96858995
1461162093.37982 -4.78203144 -0.22406644 11.78805693 -0.22942208 -0.03976589 -0.00965512 0.97246643
1461162093.43980 -4.77313377 -0.21717536 11.80533495 -0.22319281 -0.03028588 -0.01186594 0.97423146
1461162093.50162 -4.76626893 -0.21733840 11.82259411 -0.20366069 -0.02227072 -0.00782787 0.97875690
1461162093.56024 -4.75506751 -0.21588639 11.83907943 -0.18873409 -0.00736496 -0.00396673 0.98199260
1461162093.62010 -4.74277738 -0.21487303 11.85526337 -0.17256525 0.00996217 0.00977326 0.98489922
1461162093.67979 -4.73373636 -0.21235420 11.86918093 -0.16070883 0.02576546 0.02135918 0.98643428
1461162093.74080 -4.71862052 -0.21050578 11.88014881 -0.15055756 0.03954496 0.02654679 0.98745323
1461162093.82037 -4.69930863 -0.20798735 11.89157096 -0.13724276 0.06172912 0.04086506 0.98776717
1461162093.90239 -4.68275252 -0.20544839 11.90048923 -0.13019647 0.07726609 0.04340591 0.98751950
1461162094.07978 -4.64618765 -0.20862426 11.91674542 -0.11115830 0.10522618 0.05499672 0.98668467
1461162094.23967 -4.61289219 -0.22537892 11.93053102 -0.08878185 0.12614347 0.06601061 0.98582362
1461162094.47971 -4.56017020 -0.23547059 11.93950410 -0.07541588 0.14846135 0.08412799 0.98244295
1461162094.65964 -4.51731465 -0.24358404 11.95278859 -0.07335046 0.15518967 0.09125676 0.98092206
1461162094.80164 -4.47507433 -0.25599587 11.95551008 -0.06367266 0.17231701 0.10253547 0.97761911
1461162094.95966 -4.43606410 -0.26177143 11.95048190 -0.05878648 0.18965913 0.11270048 0.97358727
1461162095.10174 -4.41359339 -0.26055182 11.93596056 -0.06479225 0.20188161 0.11865446 0.97003448
1461162095.23968 -4.39835097 -0.27449816 11.92700159 -0.04182694 0.21343899 0.13083266 0.96725236
1461162095.37979 -4.38915545 -0.28964946 11.91453916 -0.02834204 0.23040416 0.13039875 0.96390187
1461162095.50166 -4.38343029 -0.31673146 11.89960021 -0.00089355 0.24078570 0.11051666 0.96426527
1461162095.61998 -4.38263689 -0.34710226 11.89326699 0.01725196 0.24955854 0.09961919 0.96306745
1461162095.77972 -4.38197609 -0.38273721 11.88664241 0.03179523 0.25220700 0.08738355 0.96319510
1461162096.00187 -4.37238342 -0.40725887 11.86613495 0.04380759 0.25574858 0.07465791 0.96286020
1461162096.11992 -4.35529744 -0.41093546 11.84664381 0.05524979 0.26906814 0.07718463 0.95843222
1461162096.23972 -4.33504312 -0.40817191 11.82602773 0.06070256 0.28228123 0.07734766 0.95427975
1461162096.33966 -4.31531348 -0.40469928 11.80695993 0.06712379 0.29545357 0.07963065 0.94966339
1461162096.45974 -4.29336305 -0.40133189 11.78284187 0.07509856 0.30844322 0.07925240 0.94495611
1461162096.57964 -4.27840832 -0.40260256 11.76384889 0.08610649 0.32030293 0.07191447 0.94064872
1461162096.71994 -4.26146011 -0.39725718 11.74023067 0.09476173 0.33249606 0.07032118 0.93569307
1461162096.83963 -4.24453341 -0.38656794 11.71942843 0.09721882 0.34618632 0.07575306 0.93003495
1461162096.95972 -4.22284888 -0.37629824 11.69629126 0.09806123 0.36550952 0.09140918 0.92110322
1461162097.05956 -4.20097957 -0.36880899 11.67545389 0.09495517 0.38330760 0.10147496 0.91310549
1461162097.13954 -4.18120014 -0.36157754 11.65717297 0.09650751 0.39987597 0.12511872 0.90284595
1461162097.27950 -4.15777310 -0.34702912 11.64076211 0.08579321 0.41106678 0.15570108 0.89410335
1461162097.47955 -4.12937855 -0.32850788 11.61580865 0.07675292 0.42233887 0.16554885 0.88788087
1461162097.65949 -4.10019409 -0.30937873 11.58848033 0.07042974 0.43232901 0.17388584 0.88198356
1461162097.83958 -4.06531764 -0.28646292 11.55794631 0.06093366 0.43976978 0.18240279 0.87727923
1461162098.00148 -4.03312155 -0.26206834 11.52708360 0.04588513 0.44814037 0.18140108 0.87416155
1461162098.15947 -4.00450240 -0.22875810 11.49900292 0.02441779 0.44826070 0.19014081 0.87310514
1461162098.37940 -3.97194548 -0.19128121 11.47822949 0.00610228 0.44280756 0.20659031 0.87247044
1461162098.61952 -3.91503323 -0.18494241 11.45973778 0.00633679 0.46025960 0.20097571 0.86471366
1461162098.80129 -3.86179956 -0.18713693 11.43905469 0.01089285 0.47925957 0.19955108 0.85461744
1461162099.01939 -3.79960450 -0.18803479 11.41916467 0.01495782 0.49061907 0.19882405 0.84825597
1461162099.27947 -3.74047988 -0.18210310 11.38075920 0.00441888 0.49298616 0.19335402 0.84826844
1461162099.50137 -3.68879265 -0.17845588 11.32775671 -0.00197476 0.50563432 0.18366253 0.84296981
1461162099.63944 -3.64259528 -0.17398862 11.27500544 -0.00313872 0.52807377 0.18135847 0.82960071
1461162099.77969 -3.59503836 -0.16413444 11.23055402 0.00155441 0.54622906 0.19751964 0.81401314
1461162099.92926 -3.55351365 -0.15301857 11.18160579 0.00250206 0.57004085 0.20850222 0.79471630
1461162100.05940 -3.51562375 -0.15198951 11.13128028 0.01485862 0.59560628 0.21434790 0.77400734
1461162100.17947 -3.48647018 -0.15896549 11.07812229 0.03360712 0.62567138 0.22343452 0.74664778
1461162100.31974 -3.45434989 -0.16937339 11.02409984 0.03340536 0.65223862 0.21743775 0.72538934
1461162100.42029 -3.43002650 -0.18180647 10.98062834 0.04016547 0.67118263 0.20865182 0.71018661
1461162100.53932 -3.40477933 -0.18589740 10.92786413 0.05494861 0.69111058 0.21890873 0.68660454
1461162100.65969 -3.38380383 -0.18303436 10.87367489 0.05949166 0.70713427 0.22240364 0.66854954
1461162100.80128 -3.37278961 -0.16478235 10.81675398 0.05912754 0.72467014 0.23271603 0.64591050
1461162100.93942 -3.37194295 -0.13854408 10.76410321 0.05616361 0.74281038 0.24388986 0.62096387
1461162101.01987 -3.37300167 -0.11955620 10.73622213 0.04951623 0.75259889 0.24975412 0.60726101
1461162101.13948 -3.37970706 -0.09071401 10.69427159 0.03931515 0.76774554 0.26376160 0.58262417
1461162101.27941 -3.38822933 -0.06623945 10.65136704 0.04574836 0.78065144 0.28104862 0.55632912
1461162101.43992 -3.40078652 -0.04699712 10.60378761 0.04684942 0.79393651 0.29093467 0.53181479
1461162101.63928 -3.41866642 -0.02566338 10.55707839 0.04744551 0.80452731 0.30062253 0.51001061
1461162101.80140 -3.43858644 -0.01077347 10.51440172 0.05318597 0.81442703 0.30694194 0.48955747
1461162101.97977 -3.46259128 0.00445181 10.46746465 0.05445114 0.82227300 0.31324542 0.47199523
1461162102.13935 -3.48232930 0.01238456 10.40830854 0.06193684 0.82963618 0.31465754 0.45701013
1461162102.30156 -3.50303906 0.01608542 10.34735452 0.06561144 0.83775203 0.31137441 0.44374841
1461162102.43936 -3.51965703 0.01936705 10.28820141 0.07384090 0.84669068 0.31129212 0.42515836
1461162102.55953 -3.53798002 0.02012226 10.23748493 0.08009654 0.85368923 0.31490551 0.40698127
1461162102.67963 -3.55839610 0.01694861 10.18750918 0.08483462 0.86623900 0.31276641 0.38027656
1461162102.90110 -3.56181160 0.00923626 10.13758325 0.08494939 0.87178026 0.31738826 0.36338336
1461162102.97935 -3.54731107 0.00068247 10.14076132 0.07739013 0.86585147 0.31909814 0.37747633
1461162103.10095 -3.51118782 -0.01497161 10.16284594 0.06587237 0.85331069 0.31512822 0.41014131
1461162103.20097 -3.47804080 -0.02713379 10.19157623 0.05172766 0.84037051 0.30993230 0.44163744
1461162103.33942 -3.44149478 -0.02904679 10.22322043 0.02585626 0.83145022 0.30985278 0.46044896
1461162103.58011 -3.41841429 -0.05682493 10.24558173 0.00344776 0.83587373 0.31326024 0.45074522
1461162103.63931 -3.42292601 -0.06572620 10.25656456 -0.01397569 0.83182413 0.32212685 0.45178269
1461162103.77967 -3.43142655 -0.10453915 10.27841926 -0.03794742 0.82285739 0.33205213 0.45957272
1461162103.90111 -3.44048079 -0.14192534 10.28712298 -0.06679272 0.81117393 0.33984386 0.47121305
1461162104.05980 -3.45062979 -0.19023689 10.26173004 -0.09625700 0.80626616 0.35093664 0.46638283
1461162104.10158 -3.44748182 -0.20818692 10.25078249 -0.09097991 0.80809032 0.34419708 0.46929848
1461162104.13935 -3.44319658 -0.22479210 10.24140535 -0.09480653 0.80594957 0.33976389 0.47541300
1461162104.27925 -3.41688437 -0.26572956 10.20094015 -0.10274082 0.79586303 0.33655392 0.49272489
1461162104.40105 -3.39792982 -0.30431737 10.15811330 -0.10151955 0.79403025 0.32926437 0.50079409
1461162104.47918 -3.38374549 -0.32618674 10.11741027 -0.11133234 0.79876518 0.31691806 0.49914150
1461162104.61953 -3.35700296 -0.34690844 10.05925157 -0.12794999 0.79174669 0.30887058 0.51123863
1461162104.77965 -3.31920953 -0.35810688 9.99815892 -0.14312876 0.78497305 0.30011604 0.52274452
1461162104.93916 -3.26918806 -0.35469719 9.95538269 -0.16310481 0.77096575 0.30314995 0.53582529
1461162105.10108 -3.20280852 -0.35843948 9.92760939 -0.18021178 0.75819649 0.30322572 0.54837575
1461162105.27923 -3.11498786 -0.36248589 9.88839650 -0.20732904 0.74768808 0.30088524 0.55447748
1461162105.45936 -3.01953959 -0.38433323 9.84133162 -0.20967303 0.75293628 0.28576330 0.55449393
1461162105.57978 -2.95167343 -0.40289893 9.82753200 -0.20667752 0.74991394 0.27795772 0.56360713
1461162105.73914 -2.86252893 -0.42381657 9.83548859 -0.22069919 0.73330239 0.26096746 0.58775460
1461162105.87915 -2.78752899 -0.45863514 9.84375555 -0.23058749 0.71951662 0.23903198 0.60990898
1461162106.00115 -2.72364878 -0.50352687 9.84297791 -0.22520219 0.72041721 0.20266661 0.62386638
1461162106.11913 -2.66436540 -0.55222779 9.85358222 -0.21968609 0.70957075 0.17370009 0.64658770
1461162106.25917 -2.60470524 -0.61327784 9.86604583 -0.20375979 0.70991738 0.15433656 0.65626175
1461162106.35918 -2.55628726 -0.67043269 9.88356704 -0.16504454 0.71830270 0.13615906 0.66201378
1461162106.43952 -2.51382020 -0.72421703 9.89118455 -0.10565967 0.74171450 0.13271546 0.64890850
1461162106.51923 -2.47234327 -0.78826776 9.89927021 -0.05919726 0.76131871 0.11177089 0.63592199
1461162106.61941 -2.42136751 -0.85005053 9.91878321 -0.01599616 0.77271739 0.09668976 0.62713878
1461162106.71919 -2.36590927 -0.89916826 9.94922396 0.00388870 0.77214916 0.08445917 0.62979139
1461162106.83907 -2.29506249 -0.94368808 9.98577044 -0.00670175 0.76569671 0.06515062 0.63985861
1461162106.97910 -2.22051670 -1.00313535 10.01489476 0.00779459 0.76432941 0.04937765 0.64288541
1461162107.05916 -2.17088858 -1.05388396 10.03512127 0.03548807 0.75605848 0.01984824 0.65323978
1461162107.20080 -2.08365209 -1.10984265 10.07134585 0.04954230 0.74497753 0.00438832 0.66523287
1461162107.31912 -2.00040407 -1.13289285 10.11054202 0.05293338 0.72753434 0.00440790 0.68401200
1461162107.43906 -1.90649217 -1.14773654 10.13823397 0.04738159 0.71584836 -0.00024916 0.69664628
1461162107.57982 -1.80191584 -1.16891804 10.16473979 0.05028732 0.71228616 -0.01426945 0.69994000
1461162107.71925 -1.69182147 -1.19884826 10.18107690 0.05455960 0.71744463 -0.01907440 0.69421367
1461162107.83890 -1.59459766 -1.21525824 10.19570350 0.05474045 0.72404196 -0.01161631 0.68748221
1461162107.93906 -1.49935052 -1.22610930 10.21794870 0.05157534 0.73325494 -0.00778768 0.67795024
1461162108.03928 -1.40678529 -1.24181939 10.23492819 0.05103589 0.74938335 -0.00548640 0.66014380
1461162108.11902 -1.33854573 -1.25621447 10.24296408 0.04770267 0.76996651 -0.00072944 0.63629828
1461162108.20146 -1.27364008 -1.27015993 10.25031513 0.03137075 0.78636058 0.00326400 0.61696212
1461162108.27909 -1.20826713 -1.28288809 10.24707372 0.05046856 0.80535785 0.03055602 0.58984574
1461162108.35917 -1.14245739 -1.29524571 10.24235618 0.05873009 0.82179728 0.04975607 0.56455676
1461162108.43980 -1.07187591 -1.31252864 10.23817552 0.06807597 0.83401995 0.04602852 0.54558021
1461162108.51907 -0.99981754 -1.32516541 10.23006713 0.08107520 0.84380355 0.04532378 0.52855287
1461162108.60082 -0.92417905 -1.33097036 10.21921025 0.08734730 0.85164541 0.04906029 0.51445469
1461162108.70087 -0.82545698 -1.33839229 10.19179506 0.09694047 0.86183030 0.04990604 0.49533873
1461162108.83909 -0.69389798 -1.36898338 10.16619104 0.09817723 0.87070408 0.05077271 0.47922622
1461162109.01903 -0.52985303 -1.40763045 10.11027773 0.09866295 0.88076475 0.05052711 0.46039775
1461162109.17907 -0.38657861 -1.44114974 10.05668151 0.10424264 0.88913563 0.05198896 0.44257028
1461162109.31899 -0.25970867 -1.44695486 9.99886453 0.09567285 0.90164513 0.04433513 0.41942480
1461162109.45968 -0.13662775 -1.44721866 9.93609908 0.08051370 0.91385666 0.04549431 0.39536543
1461162109.61913 -0.01899523 -1.46109366 9.86162345 0.07234780 0.92495553 0.05181251 0.36951121
1461162109.77907 0.09124188 -1.49685961 9.78074011 0.08773744 0.93312877 0.03355575 0.34705454
1461162109.95902 0.23717569 -1.50587423 9.69516980 0.10266710 0.93189402 0.03717643 0.34590594
1461162110.13903 0.36837729 -1.51734785 9.59199352 0.10365458 0.93511015 0.03391700 0.33715630
1461162110.30076 0.45812076 -1.54824873 9.48484421 0.12312211 0.93918652 0.03713924 0.31841844
1461162110.47912 0.55303296 -1.57956175 9.36169477 0.12151873 0.94377681 0.03248783 0.30571730
1461162110.67960 0.64307209 -1.60530367 9.21909210 0.12217819 0.94812084 0.02351581 0.29255148
1461162110.81932 0.69894727 -1.62517097 9.09569768 0.12541886 0.95636729 0.00254208 0.26386598
1461162110.97927 0.75462334 -1.63608901 8.95346539 0.11801378 0.96508379 -0.00013725 0.23385038
1461162111.13892 0.80637892 -1.63881244 8.81230260 0.11951396 0.96914526 0.00266678 0.21556152
1461162111.27904 0.84832200 -1.63894809 8.68941418 0.12696793 0.96985840 0.00011052 0.20797553
1461162111.41937 0.88438024 -1.64317111 8.57516097 0.12977811 0.96696856 -0.00204453 0.21937472
1461162111.53880 0.90080741 -1.64780836 8.48985806 0.14265093 0.96337106 0.00041160 0.22708313
1461162111.65895 0.91685361 -1.65899473 8.41714423 0.15807650 0.95832370 -0.00209377 0.23795612
1461162111.77883 0.93776458 -1.66997271 8.34769558 0.16478535 0.95371272 -0.00411127 0.25151727
1461162111.90121 0.96114371 -1.67420655 8.28088660 0.16055409 0.94987950 -0.00025014 0.26823730
1461162112.00083 0.97567117 -1.67691076 8.22126192 0.15728748 0.94835696 -0.00434715 0.27542843
1461162112.07883 0.98558017 -1.67682088 8.16942492 0.15147126 0.94758236 -0.00516891 0.28127819
1461162112.15893 0.98767698 -1.67705174 8.11243932 0.14895027 0.94938529 -0.00689248 0.27646678
1461162112.21884 0.98626567 -1.67660025 8.06754280 0.15001353 0.95116272 -0.00792358 0.26967136
1461162112.27892 0.98626749 -1.67493331 8.02396812 0.14794784 0.95190448 -0.00945928 0.26814143
1461162112.33896 0.98280787 -1.66965001 7.97958074 0.14085423 0.95481287 -0.00710678 0.26161416
1461162112.40085 0.97546866 -1.66462621 7.93678814 0.14266581 0.95647955 -0.00608158 0.25447271
1461162112.45889 0.96673960 -1.66016783 7.89733925 0.14340034 0.95736045 -0.00847730 0.25065006
1461162112.51894 0.95754033 -1.65179266 7.86129808 0.14266236 0.95746701 -0.00445623 0.25076785
1461162112.57885 0.94756539 -1.64298997 7.82742665 0.13286523 0.95812259 -0.00465744 0.25362618
1461162112.61885 0.93735447 -1.63554576 7.80369970 0.12971951 0.95949805 -0.00411533 0.25003882
1461162112.65889 0.92778853 -1.62648945 7.78013882 0.12744803 0.95998035 -0.00031356 0.24938851
1461162112.70057 0.91575235 -1.61861699 7.75561126 0.12296073 0.96177140 -0.00046987 0.24469615
1461162112.73899 0.90363487 -1.61082316 7.73138812 0.12371927 0.96243893 0.00073283 0.24166982
1461162112.77889 0.89323660 -1.60353224 7.70915306 0.12527897 0.96122183 0.00142471 0.24567407
1461162112.81888 0.88056295 -1.59700295 7.68676268 0.12254695 0.96152601 -0.00030565 0.24586557
1461162112.85882 0.86521997 -1.59044841 7.66437616 0.12242538 0.96213992 -0.00244141 0.24350120
1461162112.90036 0.84990500 -1.58336508 7.64301797 0.12650743 0.96137380 -0.00265961 0.24443653
1461162112.93891 0.83431874 -1.57572950 7.62266515 0.12531652 0.96135982 -0.00269402 0.24510365
1461162112.97882 0.81693187 -1.56627675 7.60259543 0.12180905 0.96158193 0.00105328 0.24601146
1461162113.01879 0.79949050 -1.55864895 7.58261535 0.12201455 0.96147113 0.00307571 0.24632549
1461162113.05885 0.78268920 -1.55229733 7.56342551 0.12045338 0.96141449 0.00494782 0.24728258
1461162113.10062 0.76711779 -1.54815636 7.54564529 0.12000021 0.96034997 0.00392498 0.25161971
1461162113.13892 0.75071597 -1.54482174 7.52859015 0.11935865 0.95995480 0.00261766 0.25344316
1461162113.17887 0.73544076 -1.54227723 7.51332589 0.12015226 0.95877199 0.00121110 0.25752326
1461162113.21932 0.71971492 -1.54045749 7.49800437 0.12208085 0.95814401 -0.00303873 0.25893454
1461162113.25880 0.70409520 -1.53645252 7.48312208 0.12316932 0.95841148 -0.00455986 0.25740235
1461162113.30071 0.69091878 -1.53058952 7.47014602 0.12165780 0.95756149 -0.00395368 0.26126566
1461162113.33883 0.67712130 -1.52295852 7.45703875 0.12027207 0.95782260 -0.00163951 0.26097474
1461162113.37891 0.66352034 -1.51430040 7.44380243 0.11819520 0.95897348 0.00197711 0.25767394
1461162113.41878 0.65228383 -1.50635646 7.43132815 0.11813862 0.95882148 0.00461819 0.25823111
1461162113.45912 0.64083171 -1.49836397 7.41833227 0.11616124 0.95933316 0.00740596 0.25716065
1461162113.49881 0.63034898 -1.48994547 7.40470472 0.11339815 0.96022750 0.01103123 0.25491630
1461162113.53892 0.61983331 -1.48349598 7.39142072 0.11324583 0.96047465 0.01267843 0.25397456
1461162113.57882 0.60951859 -1.47880713 7.37823286 0.11401163 0.96066875 0.01249826 0.25290453
1461162113.61878 0.59943194 -1.47435475 7.36539126 0.11631006 0.96073287 0.01221080 0.25162517
1461162113.65885 0.59055196 -1.47123535 7.35273743 0.12011837 0.96039260 0.01170998 0.25115832
1461162113.69885 0.58232891 -1.46739809 7.34071544 0.12056531 0.96047749 0.01222484 0.25059440
1461162113.73886 0.57485456 -1.46366580 7.32925746 0.11938274 0.96072611 0.01343001 0.25014542
1461162113.77883 0.56781332 -1.46125145 7.31809283 0.12173841 0.96045365 0.01289640 0.25008444
1461162113.81887 0.56108668 -1.45873229 7.30658465 0.12396967 0.96042481 0.01320179 0.24908116
1461162113.85875 0.55524584 -1.45607987 7.29537435 0.12292896 0.96062044 0.01352134 0.24882528
1461162113.89884 0.55060289 -1.45476437 7.28515867 0.12356212 0.96002834 0.01324319 0.25080392
1461162113.93878 0.54511258 -1.45427739 7.27509535 0.12515395 0.95949087 0.01120498 0.25216704
1461162113.97886 0.53855805 -1.45233756 7.26496800 0.12461356 0.95977105 0.01160231 0.25134911
1461162114.01879 0.53218762 -1.45021968 7.25545010 0.12472803 0.95961450 0.01257580 0.25184278
1461162114.05884 0.52515348 -1.44858530 7.24578469 0.12591462 0.95961055 0.01291362 0.25124954
1461162114.09876 0.51746493 -1.44739305 7.23629659 0.12601732 0.95997853 0.01277953 0.24979500
1461162114.15888 0.50778559 -1.44748182 7.22391316 0.12960046 0.95864529 0.01007873 0.25318246
1461162114.21899 0.49764192 -1.44606795 7.21112919 0.13178715 0.95806264 0.00864539 0.25430962
1461162114.27883 0.48829431 -1.44380323 7.19865854 0.13115994 0.95718292 0.00734746 0.25796112
1461162114.31882 0.48056263 -1.44088968 7.18946256 0.12950100 0.95752510 0.00816229 0.25750448
1461162114.37923 0.46948746 -1.43778174 7.17699129 0.13049204 0.95650316 0.00716036 0.26081078
1461162114.41890 0.46053318 -1.43509087 7.16850500 0.13071766 0.95688860 0.00738802 0.25927307
1461162114.45872 0.45260928 -1.43231730 7.16061054 0.13093302 0.95670099 0.00808185 0.25983540
1461162114.50069 0.44536497 -1.43035905 7.15291099 0.13078368 0.95633436 0.00786731 0.26126294
1461162114.53883 0.43847168 -1.42916482 7.14538224 0.13014451 0.95590140 0.00711344 0.26318114
1461162114.57877 0.43116287 -1.42837405 7.13810405 0.13004760 0.95538430 0.00544906 0.26513914
1461162114.61875 0.42260954 -1.42639721 7.13061961 0.13034913 0.95547642 0.00573897 0.26465256
1461162114.65877 0.41421848 -1.42391877 7.12361133 0.12953215 0.95560665 0.00647388 0.26456653
1461162114.70067 0.40596846 -1.42226274 7.11679462 0.13002430 0.95566571 0.00538192 0.26413590
1461162114.73880 0.39891638 -1.41973864 7.11080933 0.13000514 0.95536170 0.00648112 0.26521819
1461162114.80050 0.38853599 -1.41786588 7.10385734 0.12770508 0.95511109 0.00581076 0.26724606
1461162114.85869 0.37762221 -1.41784906 7.09869725 0.12757434 0.95452106 0.00287190 0.26945517
1461162114.91868 0.36678663 -1.41757696 7.09504509 0.12641181 0.95389864 0.00058301 0.27220781
1461162114.97874 0.35448737 -1.41657240 7.09224862 0.12575095 0.95375912 -0.00120613 0.27299960
1461162115.03879 0.34268018 -1.41648805 7.09090259 0.12378181 0.95384129 -0.00405595 0.27358436
1461162115.09883 0.33153290 -1.41577869 7.09109112 0.12419842 0.95318435 -0.00536850 0.27565472
1461162115.15872 0.31962547 -1.41457920 7.09061178 0.12396599 0.95354933 -0.00599864 0.27448154
1461162115.21887 0.30702884 -1.41331994 7.09000144 0.12603209 0.95375072 -0.00645668 0.27282558
1461162115.27877 0.29473491 -1.41218325 7.09016766 0.12668900 0.95398682 -0.00720642 0.27167465
1461162115.33875 0.28124490 -1.41019205 7.09020952 0.12874798 0.95403119 -0.00706431 0.27055228
1461162115.39871 0.26637754 -1.40724465 7.08960608 0.12956585 0.95500507 -0.00510239 0.26674329
1461162115.47872 0.24911760 -1.40653893 7.09028137 0.13277028 0.95422443 -0.00594979 0.26794100
1461162115.55871 0.23012734 -1.40501076 7.09049926 0.13543518 0.95373580 -0.00483234 0.26836911
1461162115.63871 0.20916477 -1.40437773 7.09231740 0.13962989 0.95205856 -0.00720370 0.27209577
1461162115.69866 0.19099239 -1.40075463 7.09380504 0.14072211 0.95152898 -0.00491738 0.27343319
1461162115.75880 0.17277574 -1.39758144 7.09535625 0.14210575 0.95062489 -0.00344423 0.27587391
1461162115.83868 0.14916587 -1.39543554 7.09815794 0.14415570 0.94850376 -0.00475491 0.28202330
1461162115.91875 0.12567592 -1.39220244 7.10128160 0.14427871 0.94644381 -0.00403806 0.28881042
1461162115.99867 0.10069235 -1.38905939 7.10351687 0.14978305 0.94437418 -0.00476586 0.29274515
1461162116.09868 0.07161439 -1.38309813 7.10790484 0.15003193 0.94203696 -0.00424392 0.30006461
1461162116.19913 0.04254183 -1.37592217 7.11205422 0.15037265 0.94094303 -0.00183923 0.30333300
1461162116.29889 0.01604567 -1.37109220 7.11667268 0.14994003 0.93920450 -0.00233555 0.30888096
1461162116.41922 -0.01677117 -1.36349100 7.11972379 0.14925690 0.93843678 -0.00170722 0.31153792
1461162116.51864 -0.04470235 -1.35639937 7.11911944 0.14921595 0.93832896 -0.00202592 0.31188019
1461162116.61856 -0.07377861 -1.34548492 7.11083030 0.14910722 0.93990966 0.00322782 0.30712610
1461162116.71883 -0.10157384 -1.33867913 7.10082374 0.14733844 0.94026988 -0.00022094 0.30689394
1461162116.79860 -0.12750061 -1.33233727 7.08809353 0.14804230 0.94189210 -0.00180339 0.30152860
1461162116.89878 -0.15695575 -1.32598324 7.07198674 0.15315996 0.94123593 -0.00558093 0.30097476
1461162116.99860 -0.18547529 -1.31733460 7.05328383 0.15142193 0.94226266 -0.00963489 0.29852915
1461162117.09847 -0.21174380 -1.30776004 7.03433400 0.14812658 0.94249317 -0.01183652 0.29937441
1461162117.19888 -0.23889014 -1.29844160 7.01644865 0.14423112 0.94281957 -0.01326186 0.30018790
1461162117.31878 -0.26838623 -1.29137192 6.99970872 0.13956123 0.94127534 -0.01431509 0.30711313
1461162117.43858 -0.29992086 -1.28953040 6.98462061 0.14322278 0.93910717 -0.01688326 0.31189729
1461162117.55862 -0.32968451 -1.28295249 6.96820701 0.14149069 0.93725406 -0.01658804 0.31821385
1461162117.65852 -0.35638552 -1.27951820 6.95448279 0.13908647 0.93683990 -0.01932215 0.32033202
1461162117.75890 -0.38524103 -1.27642630 6.94089834 0.14183273 0.93609100 -0.02269801 0.32109487
1461162117.83852 -0.41228541 -1.26944980 6.92581487 0.13946529 0.93914283 -0.02116704 0.31322856
1461162117.91883 -0.44032283 -1.26464663 6.91018347 0.13869604 0.94229406 -0.02262544 0.30386412
1461162118.00081 -0.46769502 -1.25998529 6.89518662 0.14059074 0.94501330 -0.02472596 0.29423244
1461162118.10069 -0.49802356 -1.24870668 6.87310151 0.13935380 0.94800239 -0.02074710 0.28537967
1461162118.20024 -0.52809921 -1.23683886 6.84953529 0.13810786 0.95119164 -0.01425846 0.27560367
1461162118.30034 -0.55920388 -1.22861302 6.82587086 0.14643439 0.95164121 -0.01280020 0.26976308
1461162118.37858 -0.58707271 -1.21967660 6.80493469 0.14715506 0.95371604 -0.00910213 0.26208442
1461162118.45849 -0.61560209 -1.21207644 6.78457941 0.14656253 0.95538317 -0.00797065 0.25631794
1461162118.53848 -0.64731153 -1.20611308 6.76429590 0.14880607 0.95656062 -0.00873060 0.25054401
1461162118.61844 -0.68437651 -1.19994477 6.74521139 0.14972259 0.95877392 -0.00888272 0.24136450
1461162118.70044 -0.71937749 -1.19488641 6.72983909 0.15178378 0.95900157 -0.00985628 0.23912451
1461162118.77897 -0.75267571 -1.19104142 6.71797125 0.15308188 0.95922539 -0.01311799 0.23723512
1461162118.87851 -0.79148990 -1.18221074 6.70791524 0.15069726 0.96005584 -0.01321405 0.23539012
1461162119.00108 -0.83634517 -1.17056341 6.70108685 0.14801320 0.96187389 -0.01305777 0.22960882
1461162119.11836 -0.87783774 -1.15776022 6.69642860 0.14998623 0.96222554 -0.01134292 0.22693058
1461162119.23900 -0.91880720 -1.14086932 6.69099841 0.14718239 0.96423660 -0.00618364 0.22033359
1461162119.33850 -0.95905721 -1.12355676 6.68620227 0.14770602 0.96720225 -0.00061075 0.20664550
1461162119.43844 -0.99876064 -1.10420445 6.68158123 0.14478242 0.97118184 0.00861156 0.18912885
1461162119.55839 -1.04375360 -1.08651170 6.67765729 0.13904213 0.97537633 0.01497259 0.17054065
1461162119.67936 -1.08522010 -1.07372104 6.67523392 0.13517706 0.97881394 0.02139118 0.15229200
1461162119.81857 -1.13087422 -1.06077569 6.67571443 0.13678155 0.98071075 0.02392736 0.13756716
1461162119.95843 -1.17690445 -1.04065097 6.67939301 0.13809481 0.98139859 0.03556551 0.12853685
1461162120.11860 -1.22471285 -1.01269042 6.68130117 0.14053938 0.98102122 0.05271812 0.12274706
1461162120.25883 -1.26602801 -0.98677078 6.67942048 0.14041459 0.98008642 0.06896222 0.12230521
1461162120.41844 -1.30826246 -0.96964911 6.67768516 0.14361212 0.97628456 0.07517285 0.14350284
1461162120.57880 -1.35553959 -0.95514152 6.67915154 0.13284208 0.97291836 0.08497590 0.16900280
1461162120.73833 -1.39382420 -0.95208692 6.68388043 0.13851716 0.96566126 0.07786491 0.20554413
1461162120.89838 -1.42496246 -0.94491996 6.68463516 0.14525803 0.95535971 0.07349312 0.24654958
1461162121.07827 -1.46332364 -0.92817007 6.66979406 0.14450821 0.94571345 0.07662243 0.28084240
1461162121.21849 -1.49991449 -0.91328011 6.64615859 0.15088346 0.93707264 0.07489059 0.30581113
1461162121.35844 -1.53105103 -0.88610387 6.62148093 0.14330454 0.92493969 0.07873145 0.34314973
1461162121.47839 -1.55398441 -0.86816197 6.60325223 0.14098998 0.90881704 0.08481209 0.38338013
1461162121.61828 -1.58400100 -0.86151391 6.58774089 0.13977160 0.88640391 0.08669337 0.43270807
1461162121.77826 -1.62115295 -0.85655346 6.56626553 0.13966282 0.86344882 0.08826142 0.47661342
1461162121.91826 -1.65236920 -0.84817130 6.55139681 0.15461983 0.83603799 0.09142187 0.51843537
1461162122.03860 -1.68834172 -0.83203434 6.54203442 0.15835970 0.80834994 0.08927661 0.55993059
1461162122.13832 -1.73471963 -0.81155828 6.53649981 0.15261478 0.78078340 0.08757625 0.59951347
1461162122.23837 -1.79074772 -0.78993733 6.52964754 0.13342292 0.75773438 0.08395650 0.63323633
1461162122.35892 -1.87436222 -0.77587119 6.51223211 0.13089594 0.73354137 0.08142538 0.66193143
1461162122.47842 -1.95624142 -0.75856354 6.48723244 0.12345102 0.70778265 0.09486270 0.68906069
1461162122.61823 -2.04570060 -0.73557193 6.44219458 0.12336651 0.68344446 0.10786657 0.71137134
1461162122.77973 -2.15063117 -0.70281198 6.38727683 0.11832775 0.65805489 0.10342996 0.73638614
1461162122.93886 -2.26090780 -0.66070293 6.31137294 0.11800364 0.63529693 0.09846636 0.75682054
1461162123.11819 -2.39957255 -0.62470621 6.21940736 0.12373458 0.61048052 0.10553927 0.77515466
1461162123.21833 -2.49188644 -0.59472459 6.15623933 0.11568477 0.59428613 0.11181927 0.78799586
1461162123.31818 -2.58290025 -0.57112244 6.10551252 0.10868237 0.57708130 0.10750391 0.80225197
1461162123.41920 -2.67656045 -0.54379195 6.04949168 0.10693141 0.56446485 0.10380833 0.81189219
1461162123.51843 -2.76719522 -0.52228849 5.99099893 0.10523040 0.55565755 0.09082870 0.81970812
1461162123.63850 -2.89289835 -0.49768761 5.91111459 0.10756126 0.54130089 0.09170514 0.82886313
1461162123.75870 -3.00713467 -0.48247759 5.84661921 0.09963335 0.52510083 0.08944265 0.84044174
1461162123.91841 -3.14203925 -0.46143714 5.75673140 0.10433044 0.50502229 0.09336368 0.85167533
1461162124.09869 -3.27173862 -0.40556146 5.63797893 0.09739835 0.47970144 0.08317413 0.86803350
1461162124.29885 -3.40492459 -0.35054897 5.48819881 0.09523520 0.44495544 0.08139280 0.88674693
1461162124.43850 -3.50136080 -0.33913993 5.38410271 0.10380094 0.41753939 0.08631082 0.89857480
1461162124.53837 -3.57042265 -0.33131965 5.31562190 0.09938591 0.39368330 0.08559215 0.90984058
1461162124.63813 -3.63840998 -0.31586312 5.24760251 0.09195156 0.36672266 0.07798689 0.92248439
1461162124.71826 -3.69448566 -0.30467063 5.19034065 0.09545294 0.34084988 0.07077894 0.93257731
1461162124.79998 -3.75743628 -0.28737533 5.12801302 0.09055613 0.31663142 0.06378600 0.94205917
1461162124.87823 -3.80529548 -0.27153803 5.07168270 0.08631692 0.28674331 0.06235834 0.95207095
1461162124.95821 -3.85082198 -0.25008112 5.00771211 0.06889927 0.26969067 0.06210375 0.95846907
1461162125.07820 -3.90922502 -0.22524024 4.90967362 0.05269353 0.24128454 0.06419737 0.96689392
1461162125.25820 -3.95849645 -0.18723645 4.76520983 0.05258392 0.20703209 0.05569115 0.97533130
1461162125.47817 -3.95452664 -0.12165738 4.58972403 0.03904396 0.17151513 0.04800499 0.98323631
1461162125.69812 -3.94135696 -0.07072204 4.41433189 0.01370381 0.14169580 0.05202406 0.98844727
1461162125.87819 -3.93988357 -0.06106159 4.28475325 0.02030788 0.10779980 0.04620245 0.99289079
1461162126.00022 -3.93968748 -0.05575819 4.20195579 0.03049748 0.07392615 0.02856277 0.99638797
1461162126.11819 -3.93649596 -0.03356310 4.12049445 0.01635914 0.04504982 0.02106055 0.99862873
1461162126.25810 -3.93704652 -0.01646314 4.03124508 0.01280143 0.01118811 0.02067972 0.99964159
1461162126.51819 -3.91139159 -0.00196911 3.89629353 0.00571621 -0.01131931 0.03438740 0.99932813
1461162126.93807 -3.84847127 0.01313600 3.71222080 0.01429033 -0.01616320 0.03323312 0.99921474
1461162127.21811 -3.86696137 0.04108100 3.59659328 0.00593469 -0.04593703 0.03939461 0.99814960
1461162127.53794 -3.87506833 0.05305444 3.47815617 -0.00465335 -0.06381872 0.03699302 0.99726478
1461162127.77803 -3.89077721 0.04386031 3.36949444 0.01552712 -0.08314146 0.02052819 0.99620530
1461162128.01809 -3.90595111 0.04036245 3.24837807 0.02987338 -0.09792108 0.00895533 0.99470541
1461162128.21808 -3.92168008 0.02135008 3.13033369 0.05183140 -0.10686455 0.01391968 0.99282411
1461162128.41831 -3.94722912 0.02203822 3.00577019 0.05135451 -0.12225667 0.01620942 0.99103647
1461162128.65797 -3.96002299 0.01718506 2.87438017 0.04712983 -0.13072581 0.03818724 0.98956115
1461162128.93806 -3.97042645 0.01655634 2.74022669 0.02996936 -0.14669360 0.02878223 0.98830886
1461162129.13793 -3.94921712 0.00299645 2.66456327 0.03231988 -0.15646816 0.03497885 0.98653415
1461162129.27804 -3.92091564 0.00680133 2.61427594 0.03543553 -0.16653283 0.03592370 0.98474394
1461162129.35794 -3.90176916 0.01542914 2.58054138 0.03360521 -0.17545067 0.03298073 0.98336159
1461162129.45794 -3.87571765 0.02700115 2.54142898 0.03906340 -0.18139984 0.02344854 0.98235346
1461162129.55800 -3.84723963 0.03567924 2.49866856 0.03913674 -0.18901605 0.02674986 0.98082908
1461162129.65803 -3.82791194 0.04737965 2.45325827 0.03131808 -0.19883487 0.02238109 0.97927675
1461162129.77792 -3.80084983 0.06108181 2.39982295 0.02058837 -0.20442142 0.02552203 0.97833360
1461162129.91913 -3.77864048 0.07136613 2.33144556 0.01336609 -0.22077136 0.02741776 0.97484851
1461162130.03781 -3.75446588 0.07756765 2.26772288 0.01282054 -0.22993971 0.02711483 0.97274259
1461162130.15836 -3.72743669 0.07950715 2.19132513 0.01667139 -0.24131532 0.02041876 0.97008868
1461162130.25826 -3.70386108 0.07659224 2.12171941 0.02193124 -0.25116475 0.01548813 0.96757191
1461162130.35789 -3.68795756 0.07049276 2.04391646 0.02457628 -0.26570975 0.01589994 0.96360860
1461162130.45784 -3.67556873 0.06069007 1.96810544 0.02852161 -0.27729583 0.00973227 0.96031184
1461162130.55790 -3.65725953 0.05017296 1.89966243 0.03308982 -0.28176584 0.01993244 0.95870526
1461162130.67805 -3.63221752 0.04707730 1.82513036 0.03168574 -0.28533988 0.02655890 0.95753422
1461162130.79942 -3.59923184 0.06236566 1.75345421 0.01602618 -0.28516618 0.03476699 0.95771325
1461162130.91789 -3.55818858 0.07619206 1.68159881 0.01066300 -0.28430081 0.03707636 0.95795861
1461162131.01813 -3.51951419 0.08628577 1.61569364 0.01193915 -0.28945031 0.03724108 0.95639379
1461162131.11779 -3.47255059 0.10057036 1.55492858 0.00820363 -0.29155117 0.03725498 0.95579427
1461162131.21821 -3.42099597 0.10642350 1.49221626 0.00995706 -0.29252004 0.04334475 0.95522464
1461162131.33783 -3.35924056 0.10334086 1.41162855 0.00930328 -0.29519612 0.05576293 0.95376265
1461162131.47803 -3.28306764 0.10237111 1.32627839 0.00890879 -0.29393082 0.06256878 0.95373500
1461162131.59980 -3.21383450 0.11462121 1.25411791 -0.00830195 -0.28882035 0.05166873 0.95595200
1461162131.73804 -3.12490947 0.12363548 1.15898132 -0.01139017 -0.27631631 0.03549072 0.96034367
1461162131.89947 -3.02697590 0.12872540 1.04375300 -0.00435588 -0.26257569 0.01578309 0.96477248
1461162132.07852 -2.93751750 0.12051238 0.90760067 0.00519916 -0.24332878 0.00490906 0.96991751
1461162132.23786 -2.87976918 0.11392206 0.80160774 0.01565935 -0.20737284 0.00232974 0.97813387
1461162132.37772 -2.83895537 0.11281687 0.71693679 0.02784225 -0.16731117 -0.00978877 0.98546231
1461162132.53767 -2.80075495 0.13367784 0.62350357 0.02832492 -0.12367769 -0.02048498 0.99170656
1461162132.67773 -2.78151077 0.15490221 0.53927178 0.02863289 -0.08613976 -0.03250423 0.99534093
1461162132.79980 -2.77366558 0.17297997 0.46281493 0.01796288 -0.04756159 -0.03878743 0.99795329
1461162132.91772 -2.77570419 0.18162342 0.38157186 0.01422580 -0.00575226 -0.03079884 0.99940781
1461162133.05777 -2.79629580 0.18371520 0.28350349 0.03597734 0.02896604 -0.01590707 0.99880607
1461162133.27807 -2.88424647 0.20873138 0.12829132 0.05387482 0.02698966 0.00001982 0.99818288
1461162133.43772 -2.98120222 0.24571087 -0.00119649 0.05651848 0.00114698 -0.01152253 0.99833440
1461162133.57855 -3.08094768 0.28321112 -0.12880904 0.05349538 -0.02660663 -0.01301859 0.99812867
1461162133.67779 -3.16790678 0.31316395 -0.22696916 0.03889211 -0.05951949 -0.00284101 0.99746517
1461162133.79948 -3.27583336 0.34052792 -0.34252008 0.03424489 -0.08826710 -0.00967378 0.99546101
1461162133.89938 -3.38258194 0.36817979 -0.44411120 0.03417945 -0.12591809 -0.01615938 0.99131997
1461162133.97774 -3.46885005 0.39831908 -0.53131835 0.02517053 -0.15799287 -0.01874143 0.98694147
1461162134.05768 -3.55679213 0.42913560 -0.62648606 0.02592498 -0.19323095 -0.01695645 0.98066415
1461162134.13774 -3.64337300 0.46803831 -0.72454510 0.02003056 -0.22160723 -0.02053554 0.97471396
1461162134.21775 -3.73279555 0.51136717 -0.82446688 0.01026015 -0.25035595 -0.02715445 0.96771859
1461162134.29942 -3.82749282 0.55351585 -0.92836738 -0.00191517 -0.28070628 -0.03922432 0.95898997
1461162134.37771 -3.92461338 0.58720898 -1.03758246 -0.01242386 -0.31431340 -0.03622546 0.94854650
1461162134.45805 -4.01657159 0.61623436 -1.14799763 -0.02460672 -0.34651472 -0.02340873 0.93742951
1461162134.53770 -4.10782361 0.64200699 -1.26752212 -0.03667566 -0.37904237 -0.01774403 0.92448198
1461162134.61771 -4.19371103 0.66117001 -1.38873377 -0.05282611 -0.41114359 -0.01810815 0.90985848
1461162134.67767 -4.25545800 0.66912726 -1.47513160 -0.05775586 -0.44059854 -0.01534725 0.89571293
1461162134.75776 -4.33208647 0.66318232 -1.58264847 -0.04846285 -0.47045850 -0.02054351 0.88085079
1461162134.85774 -4.41535040 0.64059387 -1.69682067 -0.02740657 -0.49370128 -0.03730927 0.86839849
1461162134.97767 -4.50137180 0.59153793 -1.80918524 -0.02140250 -0.50849616 -0.03294408 0.86016759
1461162135.09768 -4.57348718 0.50389081 -1.88562326 -0.01046815 -0.50567818 -0.00124598 0.86265778
1461162135.21769 -4.62668089 0.40038168 -1.92659735 0.01823294 -0.49028774 0.00667530 0.87134433
1461162135.35820 -4.67615662 0.29164798 -1.95231381 0.04037511 -0.48768121 0.02614967 0.87169552
1461162135.53762 -4.70799877 0.18219715 -1.93945055 0.04825400 -0.46556779 0.03237939 0.88310235
1461162135.69958 -4.69161518 0.10584764 -1.88923304 0.06626320 -0.43969779 0.04448757 0.89459259
1461162135.81772 -4.64853658 0.05096020 -1.83628114 0.08030952 -0.41094493 0.07193082 0.90526272
1461162135.93758 -4.57992566 0.02773598 -1.76679645 0.08640220 -0.37253050 0.07378716 0.92103808
1461162136.05768 -4.48264139 0.02785389 -1.68500199 0.09273678 -0.33718384 0.08048442 0.93339660
1461162136.15763 -4.39408812 0.03538268 -1.60946287 0.10072192 -0.30379659 0.07447242 0.94446630
1461162136.25762 -4.29832259 0.05113790 -1.52942094 0.11494564 -0.27619214 0.06058013 0.95227908
1461162136.35771 -4.19214254 0.08141662 -1.44073732 0.11591019 -0.25038745 0.04927115 0.95991838
1461162136.43753 -4.10345297 0.11249377 -1.35413173 0.10919642 -0.22058129 0.03322166 0.96866731
1461162136.53779 -3.98540860 0.15101435 -1.24135900 0.10546703 -0.18804988 0.02310202 0.97620707
1461162136.63800 -3.86153914 0.19579730 -1.12036387 0.09561880 -0.15389876 0.02208905 0.98320104
1461162136.71803 -3.75968606 0.23170861 -1.01502492 0.08533555 -0.12308573 0.01512730 0.98860453
1461162136.81788 -3.63414899 0.25676534 -0.89384329 0.08796131 -0.08639995 0.01221694 0.99229462
1461162136.91750 -3.50943825 0.27422332 -0.78369535 0.08599887 -0.04875315 0.00116900 0.99510098
1461162137.09752 -3.33737318 0.27668829 -0.61437890 0.07076671 -0.04071785 -0.01655974 0.99652391
1461162137.27751 -3.16890224 0.26024882 -0.46316012 0.07871091 -0.03868699 0.00272174 0.99614281
1461162137.43748 -3.02511028 0.27220103 -0.33007245 0.05951498 -0.05374031 0.00387596 0.99677225
1461162137.55842 -2.90227939 0.26834858 -0.23893295 0.04194430 -0.03052094 0.01247892 0.99857570
1461162137.71747 -2.76154635 0.21006572 -0.13757607 0.05626377 -0.01807825 0.00200604 0.99825024
1461162137.85745 -2.63346016 0.14235047 -0.06547431 0.06836343 0.00938871 0.00786687 0.99758529
1461162137.97759 -2.50866517 0.08500123 -0.00990096 0.08685971 0.03818849 0.00625923 0.99546866
1461162138.09926 -2.37179103 0.04322583 0.05274355 0.10116494 0.06301693 -0.00203659 0.99286977
1461162138.19946 -2.24583779 0.02392203 0.11289499 0.10600219 0.08827109 -0.01331784 0.99035064
1461162138.30009 -2.11469374 0.02143037 0.17343487 0.09490617 0.11285499 -0.01064303 0.98901127
1461162138.37751 -2.01507040 0.02610475 0.21648704 0.06928688 0.12911342 -0.01491796 0.98909378
1461162138.47767 -1.89245406 0.02292894 0.25152020 0.05454945 0.15109072 -0.00264422 0.98701011
1461162138.59914 -1.75452395 0.00533047 0.27330132 0.05736699 0.17278048 0.00046755 0.98328822
1461162138.69922 -1.63287183 -0.01431900 0.27561075 0.07481989 0.19505230 0.00133749 0.97793394
1461162138.81794 -1.49469844 -0.04181415 0.28842739 0.08519705 0.19734090 -0.01022668 0.97657229
1461162138.91774 -1.38713096 -0.07174987 0.30176099 0.08738361 0.18431297 -0.02131857 0.97874325
1461162139.01735 -1.28791461 -0.10650917 0.29350072 0.09475680 0.18401719 -0.01815291 0.97817652
1461162139.11741 -1.21391534 -0.14029881 0.28066428 0.08368313 0.17676849 -0.06848948 0.97829404
1461162139.17744 -1.16324236 -0.14269775 0.27084044 0.03883132 0.18379670 -0.08602922 0.97842214
1461162139.27774 -1.07152006 -0.17489397 0.25495286 0.05753173 0.20419344 -0.08281312 0.97372333
1461162139.37736 -1.00026180 -0.18383265 0.24493471 0.07428659 0.18014962 -0.07233778 0.97815891
1461162139.47738 -0.91201485 -0.17102403 0.23766591 0.07331379 0.16848175 -0.06175387 0.98103285
1461162139.55732 -0.84206580 -0.15192783 0.23705034 0.07162773 0.14744624 -0.05959051 0.98467154
1461162139.63788 -0.76868982 -0.12308642 0.23951455 0.05884369 0.13251046 -0.06145756 0.98752284
1461162139.71740 -0.69591391 -0.09364198 0.23838416 0.04169705 0.12221537 -0.06073161 0.98976585
1461162139.79732 -0.63464017 -0.07458549 0.23555073 0.03569532 0.09753991 -0.05015541 0.99332585
1461162139.87758 -0.57556488 -0.06368195 0.22629500 0.03116395 0.07835829 -0.03277564 0.99589886
1461162139.95747 -0.51234028 -0.05638425 0.21218525 0.01795675 0.07502126 -0.02232582 0.99677025
1461162140.03745 -0.44735958 -0.05547883 0.19878915 0.01529825 0.07888726 -0.01906193 0.99658387
1461162140.13745 -0.38542051 -0.04665989 0.18339568 0.00013606 0.07075201 -0.01280513 0.99741173
1461162140.23740 -0.33704100 -0.03854978 0.16915902 -0.01296686 0.04986017 -0.03250733 0.99814282
1461162140.31747 -0.28834246 -0.03551278 0.14727200 -0.01621925 0.04428508 -0.05061010 0.99760432
1461162140.39734 -0.23221347 -0.03450689 0.11786796 -0.00766090 0.04339676 -0.04519728 0.99800563
1461162140.49744 -0.17024375 -0.03282167 0.07943197 0.00144668 0.03785538 -0.05030645 0.99801510
1461162140.59736 -0.12826334 -0.02398650 0.04831543 0.00229185 0.02191307 -0.02298573 0.99949298
1461162140.71740 -0.09574716 -0.01492042 0.02470300 -0.00578483 -0.00191867 -0.00482258 0.99996980
1461162140.87736 -0.04763305 -0.01145394 0.00416516 0.00136989 -0.00179541 0.01361411 0.99990477
1461162141.13739 -0.00000990 0.00000059 0.00001540 0.00000194 0.00000819 -0.00000788 1.00000000
