1461161056.28006 -0.00001966 0.00000184 -0.00002675 -0.00000127 0.00001011 -0.00000479 1.00000000
1461161056.81913 0.02187104 -0.00675836 -0.00597497 0.01635947 0.02298272 0.01824683 0.99943545
1461161057.01917 0.04687500 -0.00895277 -0.01524225 0.03178321 0.07550117 0.01591614 0.99651196
1461161057.23906 0.06003962 -0.01718128 -0.02400948 0.06964813 0.11716384 0.00673883 0.99064442
1461161057.49903 0.08356806 -0.02692726 -0.03727824 0.08527503 0.15506881 -0.00410291 0.98420780
1461161058.75918 0.08294266 -0.02632671 -0.04157699 0.07964293 0.09697080 -0.02249419 0.99184055
1461161060.07884 0.10314490 -0.04084044 -0.03275747 0.10692779 0.14017587 -0.01639864 0.98419930
1461161060.45877 0.12421164 -0.05135934 -0.04607503 0.12742129 0.17305903 -0.02932631 0.97619381
1461161061.05890 0.12866056 -0.06367448 -0.04408744 0.09893427 0.21487538 -0.06363851 0.96953119
1461161061.25877 0.10936997 -0.07795132 -0.02176609 0.07876327 0.20817160 -0.07046996 0.97236563
1461161061.37876 0.08806460 -0.08906416 -0.00082261 0.07126772 0.19059227 -0.07182016 0.97644117
1461161061.51871 0.06324229 -0.10270905 0.03059732 0.05508334 0.17730129 -0.08256319 0.97913911
1461161061.66046 0.04197952 -0.12093552 0.06798392 0.05241624 0.17708234 -0.09420249 0.97827413
1461161061.77878 0.03181878 -0.12814157 0.10180527 0.03847231 0.19551897 -0.07167410 0.97732033
1461161061.87864 0.02198704 -0.13140258 0.13310573 0.02069623 0.20742137 -0.06650283 0.97576914
1461161062.01869 0.00227081 -0.14638267 0.17622034 0.03708774 0.20874255 -0.04971734 0.97600166
1461161062.13866 -0.01257627 -0.15758230 0.21027512 0.03907502 0.21469148 -0.02966011 0.97544912
1461161062.31874 -0.03531390 -0.16527761 0.25888217 0.01004226 0.22393600 -0.01947979 0.97435741
1461161062.43868 -0.05626817 -0.16965502 0.29212601 -0.01550016 0.22546602 -0.02122555 0.97389645
1461161062.55871 -0.08263261 -0.18914997 0.32731302 0.00128498 0.21214344 -0.02688178 0.97686789
1461161062.71877 -0.11902321 -0.21195687 0.37009499 0.00051233 0.20217430 -0.03175851 0.97883435
1461161062.89871 -0.16317048 -0.24159621 0.41111320 0.00954663 0.20734403 -0.02817667 0.97781562
1461161063.07867 -0.22331884 -0.27250193 0.45341285 0.01790175 0.20792759 -0.03075637 0.97749665
1461161063.23869 -0.29198770 -0.29450868 0.49135982 0.01577516 0.20689632 -0.04107003 0.97737317
1461161063.37858 -0.36265477 -0.31735748 0.52596319 0.01841573 0.20154204 -0.05468914 0.97777848
1461161063.51869 -0.44119132 -0.34673146 0.55916599 0.03119858 0.18976966 -0.05330143 0.97988422
1461161063.61857 -0.50269607 -0.36985824 0.58442229 0.05349614 0.16495407 -0.03688032 0.98415861
1461161063.73860 -0.57253120 -0.38812024 0.61496051 0.07205441 0.14055641 -0.02120876 0.98721945
1461161063.85856 -0.64250259 -0.39263985 0.65890967 0.06527851 0.11605606 -0.00889099 0.99105532
1461161063.96029 -0.70168717 -0.39589443 0.69965591 0.06236646 0.08855155 0.01209157 0.99404368
1461161064.09871 -0.77235268 -0.40859239 0.75736052 0.06813961 0.07679330 0.04346092 0.99376603
1461161064.23857 -0.84746850 -0.42080792 0.81601179 0.07606653 0.05575870 0.04050358 0.99471821
1461161064.35862 -0.91605856 -0.42945103 0.85461127 0.09064824 0.03432920 0.03674449 0.99461261
1461161064.51854 -1.00700875 -0.42989008 0.89093886 0.09133401 0.02480988 0.03850639 0.99476622
1461161064.63857 -1.08710946 -0.43692748 0.91349826 0.12105324 0.00226711 0.04242674 0.99173633
1461161064.73876 -1.16073376 -0.43842830 0.93110919 0.13484282 -0.02467913 0.04823052 0.98938474
1461161064.83871 -1.24005373 -0.43351850 0.95378132 0.12360973 -0.04949114 0.06289198 0.98909851
1461161064.96045 -1.33079394 -0.44160051 0.97391973 0.13319528 -0.05838691 0.06412616 0.98728811
1461161065.07855 -1.43188822 -0.44597132 0.98820560 0.14273674 -0.07714597 0.07116185 0.98418022
1461161065.17872 -1.52059036 -0.44394165 0.99554641 0.13543657 -0.09708128 0.08748688 0.98212943
1461161065.27850 -1.61368576 -0.43926670 0.99838113 0.11908634 -0.11865848 0.09514859 0.98116530
1461161065.39849 -1.72390182 -0.42960484 0.99643249 0.10499769 -0.13253369 0.10876345 0.97958196
1461161065.51894 -1.83696054 -0.41707270 0.98771652 0.11474961 -0.14023931 0.10775044 0.97752509
1461161065.63846 -1.95678029 -0.39840878 0.97446119 0.11963316 -0.14617555 0.10032534 0.97685999
1461161065.76036 -2.07026243 -0.38761006 0.96073475 0.11062845 -0.14576776 0.11015785 0.97692290
1461161065.87934 -2.18813212 -0.37899528 0.94502620 0.10949498 -0.16064265 0.10095074 0.97571191
1461161065.97849 -2.28248588 -0.36098482 0.93296653 0.10485944 -0.18020097 0.10660161 0.97219762
1461161066.09847 -2.38069100 -0.32362359 0.92471356 0.10393277 -0.18390490 0.09977407 0.97232819
1461161066.19847 -2.47224572 -0.28117738 0.92291034 0.08817989 -0.19130573 0.09751540 0.97268555
1461161066.29861 -2.56868956 -0.24935045 0.91981885 0.08500475 -0.20190999 0.08418677 0.97206951
1461161066.41855 -2.67668521 -0.22307589 0.91581542 0.07836411 -0.20837960 0.07723073 0.97183971
1461161066.53855 -2.77603125 -0.18836909 0.91509872 0.06171720 -0.20544137 0.06451491 0.97458846
1461161066.63844 -2.85720749 -0.15132778 0.91846190 0.03840031 -0.20607352 0.05379291 0.97630192
1461161066.76040 -2.94817398 -0.10539674 0.92581585 0.02331344 -0.19382864 0.04037499 0.97992694
1461161066.87849 -3.03171812 -0.06692781 0.93396271 0.02312318 -0.17148511 0.03796674 0.98418327
1461161066.99847 -3.11088869 -0.02919652 0.93600434 0.01964108 -0.15618198 0.02901231 0.98710673
1461161067.09847 -3.16780995 0.00852722 0.93297685 -0.01089899 -0.14970410 0.03671686 0.98798875
1461161067.23850 -3.22547863 0.05452694 0.92233249 -0.02697548 -0.13679198 0.02689550 0.98986712
1461161067.41845 -3.27958341 0.12047438 0.89555127 -0.04427101 -0.14068868 0.02040770 0.98885302
1461161067.56051 -3.30514007 0.17720120 0.86317421 -0.07091358 -0.14788070 0.01243305 0.98638126
1461161067.71841 -3.30797419 0.22689891 0.82195266 -0.09144810 -0.13922838 0.00648936 0.98600740
1461161067.91842 -3.27060284 0.26874050 0.77607171 -0.10567785 -0.12124837 -0.00742633 0.98695282
1461161068.06018 -3.20910009 0.29983769 0.74742123 -0.12667004 -0.09094157 -0.00115636 0.98776667
1461161068.17888 -3.14030264 0.31639416 0.72707439 -0.13179519 -0.06425304 0.00195106 0.98919046
1461161068.29832 -3.06314010 0.31921389 0.70876370 -0.13407468 -0.04278838 0.01523056 0.98992988
1461161068.43885 -2.96668969 0.30864932 0.69350379 -0.14879166 -0.02735303 0.01786964 0.98832865
1461161068.53835 -2.89969084 0.29060099 0.69045496 -0.13935176 -0.00516231 -0.00129019 0.99022865
1461161068.67847 -2.81764618 0.26629188 0.69889444 -0.12554844 0.00257611 -0.01834889 0.99191445
1461161068.79838 -2.74599378 0.25090623 0.72296355 -0.13128591 0.02293875 -0.02223089 0.99082976
1461161068.91863 -2.66710544 0.23310407 0.75615747 -0.12697045 0.04647658 -0.03787877 0.99009274
1461161069.01831 -2.59008495 0.21311292 0.78213200 -0.11485865 0.07185287 -0.04015913 0.98996561
1461161069.09840 -2.52058706 0.20019325 0.80117503 -0.10469834 0.10222636 -0.04683498 0.98812677
1461161069.19830 -2.42882290 0.18427044 0.82490729 -0.08994251 0.13566404 -0.03160265 0.98615764
1461161069.29828 -2.33696741 0.16760324 0.85250212 -0.07657451 0.16539135 -0.02764437 0.98286206
1461161069.46059 -2.22644038 0.14091235 0.91459657 -0.06165783 0.15030827 -0.02759939 0.98632855
1461161069.59830 -2.14969752 0.12481367 0.98203551 -0.06383645 0.12426364 -0.03207820 0.98967391
1461161069.76057 -2.05475083 0.11798330 1.06986660 -0.06268907 0.11436978 -0.02947153 0.99102021
1461161069.89837 -1.96987825 0.11895635 1.15877262 -0.05730357 0.12278424 -0.04444035 0.98978047
1461161070.01829 -1.90214847 0.11626883 1.24264148 -0.05670634 0.13145385 -0.07943128 0.98650644
1461161070.13838 -1.83120065 0.10907503 1.32543851 -0.05713691 0.15842022 -0.09171841 0.98144085
1461161070.23833 -1.77189017 0.09839106 1.39281688 -0.04950882 0.18635552 -0.07879127 0.97806566
1461161070.36047 -1.71033999 0.09129237 1.46802664 -0.05816058 0.20636579 -0.07456418 0.97389460
1461161070.47822 -1.65067490 0.09068675 1.54680288 -0.04788293 0.22047490 -0.06561719 0.97200433
1461161070.59827 -1.59300444 0.09806665 1.63048786 -0.03640130 0.22915079 -0.06072789 0.97081254
1461161070.71829 -1.53498532 0.10492098 1.72080820 -0.03163996 0.24444999 -0.04934993 0.96788827
1461161070.83824 -1.49157441 0.10307033 1.81749109 -0.03815101 0.24122636 -0.05158832 0.96834549
1461161070.93820 -1.45333448 0.09007720 1.89309735 -0.03300893 0.25629451 -0.05361272 0.96454612
1461161071.06034 -1.40756215 0.07717408 1.98616593 -0.02331800 0.26204840 -0.05631784 0.96312782
1461161071.16036 -1.36511211 0.07310261 2.06173229 -0.01743968 0.27455566 -0.06077266 0.95949035
1461161071.23824 -1.32331271 0.07505815 2.11909083 -0.01420221 0.29583897 -0.05753309 0.95339789
1461161071.31829 -1.28671823 0.07695029 2.17936536 -0.01078612 0.30447070 -0.07171174 0.94975717
1461161071.39821 -1.25368029 0.07881962 2.23808343 -0.00790467 0.31366251 -0.08336827 0.94583459
1461161071.47951 -1.21956333 0.07903844 2.29586152 -0.01400509 0.31801479 -0.08839562 0.94385204
1461161071.53883 -1.19341394 0.07430418 2.33502108 -0.00684006 0.33315286 -0.08591957 0.93892503
1461161071.59826 -1.16835334 0.07076583 2.37325170 -0.00305494 0.33825666 -0.07912718 0.93771637
1461161071.66022 -1.14085304 0.06976258 2.41008249 0.00525289 0.34523312 -0.06774614 0.93605393
1461161071.71852 -1.11253088 0.07487803 2.44631302 -0.00198104 0.35031336 -0.06174276 0.93459320
1461161071.77841 -1.08537006 0.08023452 2.48208812 0.00003986 0.35108870 -0.05834333 0.93452276
1461161071.86037 -1.04636045 0.08837665 2.53154652 -0.00511448 0.35276416 -0.06373808 0.93352490
1461161071.91839 -1.01920791 0.09500288 2.56965379 -0.00631768 0.34459154 -0.06305629 0.93661127
1461161071.97841 -0.98977045 0.09942745 2.60443489 -0.00748683 0.34490720 -0.06371182 0.93644208
1461161072.03814 -0.95961087 0.10110436 2.63581717 -0.00924016 0.35804647 -0.06906712 0.93109993
1461161072.09818 -0.93689826 0.10349556 2.67148935 -0.01518079 0.34191693 -0.07245838 0.93680955
1461161072.16036 -0.90997529 0.10340315 2.70543081 -0.02672370 0.33932447 -0.06925452 0.93773587
1461161072.21817 -0.88373327 0.09671401 2.73666929 -0.02383761 0.34134601 -0.06976775 0.93704169
1461161072.27818 -0.85975220 0.09099925 2.76502928 -0.02461883 0.34442581 -0.06740686 0.93606682
1461161072.33810 -0.83550541 0.08385590 2.79067398 -0.02575706 0.35608438 -0.07652140 0.93095916
1461161072.39816 -0.81845290 0.07772980 2.81988605 -0.01908809 0.34363456 -0.07380505 0.93600414
1461161072.49827 -0.79180188 0.07746655 2.86469489 -0.02970823 0.32213429 -0.07074055 0.94357972
1461161072.59819 -0.76149420 0.08507134 2.90026915 -0.03835881 0.32546337 -0.05859548 0.94295746
1461161072.69827 -0.73889601 0.09402488 2.93979339 -0.05134409 0.31199376 -0.07080470 0.94604988
1461161072.79815 -0.71598840 0.10210142 2.97975187 -0.05905386 0.29727905 -0.08228607 0.94940340
1461161072.89820 -0.68799355 0.10929563 3.02086317 -0.05426065 0.28822810 -0.08438303 0.95229189
1461161072.99820 -0.65559974 0.12492510 3.06350157 -0.07122311 0.28839901 -0.07701242 0.95174701
1461161073.11837 -0.62562499 0.13010101 3.11259226 -0.05384999 0.28490913 -0.06776945 0.95463829
1461161073.25815 -0.59531246 0.14777508 3.16663511 -0.07607143 0.28668772 -0.06536478 0.95275954
1461161073.43810 -0.55202106 0.16358164 3.22798061 -0.07703786 0.30624546 -0.05482517 0.94724500
1461161073.63810 -0.50378370 0.17177696 3.29213777 -0.07031469 0.32324908 -0.05203778 0.94226214
1461161073.77879 -0.46011617 0.17542085 3.33530929 -0.06520441 0.36110753 -0.05009744 0.92889181
1461161073.91806 -0.42378466 0.17408227 3.38785697 -0.06204136 0.39242184 -0.05947349 0.91576136
1461161074.16116 -0.38011829 0.17210296 3.48371793 -0.06324990 0.39865504 -0.02971214 0.91443469
1461161074.37879 -0.33033850 0.18570942 3.57424161 -0.06806355 0.40699972 -0.02839134 0.91044632
1461161074.51863 -0.28056967 0.19656422 3.63397303 -0.06222995 0.43073098 -0.02382407 0.90001704
1461161074.61952 -0.23442213 0.19931619 3.67939878 -0.05908178 0.45226920 -0.02424174 0.88959218
1461161074.69807 -0.19481821 0.19483756 3.71169645 -0.05398019 0.47232238 -0.02526933 0.87940842
1461161074.77857 -0.15108922 0.18763535 3.73634222 -0.04191203 0.50881010 -0.01531384 0.85972156
1461161074.91839 -0.07385967 0.17895265 3.78135449 -0.03055157 0.54535558 -0.01217668 0.83755933
1461161075.03806 0.01195812 0.16953335 3.80984268 0.00859519 0.57858214 -0.00605640 0.81555634
1461161075.13844 0.08606694 0.16669982 3.83359157 0.03721574 0.60079664 0.00641959 0.79850934
1461161075.23837 0.16290769 0.16905195 3.86266864 0.03763995 0.61024980 0.02183450 0.79101307
1461161075.33795 0.24007928 0.17051311 3.89526337 0.01264471 0.61188753 0.02009026 0.79058848
1461161075.43822 0.32394447 0.16031842 3.92375547 0.00367210 0.61520777 0.02540509 0.78794701
1461161075.51799 0.38812785 0.14361413 3.93643212 0.02186419 0.62624337 0.02010626 0.77906158
1461161075.59800 0.45447703 0.13544538 3.94292871 0.02938230 0.64571569 0.02704514 0.76253294
1461161075.66030 0.50603860 0.12888597 3.94795064 0.03968620 0.65676453 0.02696769 0.75256767
1461161075.73808 0.57625462 0.12356757 3.95304730 0.04664400 0.67378848 0.02745930 0.73693922
1461161075.83803 0.66557751 0.11488222 3.96389003 0.03213255 0.68304539 0.00762712 0.72962889
1461161075.93800 0.75533470 0.10529939 3.96651956 0.00346109 0.70445394 -0.00947103 0.70967807
1461161076.09791 0.90165921 0.08286305 3.98112005 0.00194754 0.70073292 -0.01983540 0.71314525
1461161076.25825 1.05528642 0.07403693 3.98114971 0.00427689 0.70807606 -0.02570696 0.70565512
1461161076.35794 1.15674019 0.07016929 3.97800681 0.01918547 0.70980912 -0.02864625 0.70354980
1461161076.45872 1.25766067 0.06621216 3.97026737 0.01980970 0.71488206 -0.02673384 0.69845295
1461161076.53809 1.33423997 0.05925501 3.95944838 0.02151334 0.73121386 -0.01681498 0.68160158
1461161076.65792 1.44190449 0.03606552 3.96045860 0.01184907 0.72353787 -0.01645974 0.68998668
1461161076.76009 1.53804712 0.01691077 3.96265465 0.01322768 0.71665669 -0.02144105 0.69697095
1461161076.83799 1.62103276 0.00404724 3.96045993 0.02633327 0.71314073 -0.03502089 0.69965019
1461161076.91829 1.70782830 -0.00060705 3.95398798 0.02178564 0.71771249 -0.03936540 0.69488455
1461161076.99802 1.79336001 -0.00839987 3.94893301 0.01290396 0.71957024 -0.04910176 0.69256131
1461161077.07798 1.87598879 -0.02026553 3.94605974 0.00944338 0.72489930 -0.05662823 0.68645836
1461161077.17788 1.97696144 -0.03930709 3.94801407 0.00535410 0.72140692 -0.05637188 0.69019244
1461161077.27798 2.07373038 -0.05747236 3.94490145 0.00186972 0.72107008 -0.05400491 0.69075170
1461161077.35991 2.15172386 -0.07086192 3.93813980 0.01299909 0.72118892 -0.05628565 0.69032565
1461161077.43789 2.23103281 -0.07985508 3.92906898 0.01994722 0.72287855 -0.05818372 0.68823205
1461161077.51796 2.31002771 -0.08965413 3.91928477 0.03362862 0.72243549 -0.05522078 0.68840885
1461161077.59795 2.38667908 -0.10065321 3.91010533 0.03757676 0.71997303 -0.05611993 0.69070788
1461161077.67781 2.46160790 -0.10917156 3.90149895 0.02909813 0.72343597 -0.04331947 0.68841639
1461161077.76019 2.53366656 -0.12337273 3.89902206 0.01666850 0.71861850 -0.04288301 0.69388087
1461161077.83790 2.60510099 -0.14054658 3.89563496 0.02820453 0.71365039 -0.03936729 0.69882604
1461161077.91861 2.68086140 -0.15587661 3.88706638 0.04222533 0.71422344 -0.04729280 0.69704038
1461161077.99786 2.75716021 -0.16018816 3.88153412 0.04025988 0.70722383 -0.05375522 0.70379257
1461161078.07785 2.83518203 -0.16244057 3.87298802 0.03092598 0.70882027 -0.05840616 0.70228636
1461161078.15793 2.91222769 -0.17221217 3.86554969 0.02971380 0.71308970 -0.06897877 0.69703809
1461161078.23787 2.98899930 -0.18315826 3.86691889 0.02533786 0.70300906 -0.05762320 0.70838960
1461161078.31785 3.06011906 -0.20359011 3.86679463 0.03026757 0.70251866 -0.05926311 0.70854731
1461161078.39831 3.12941174 -0.22341617 3.86784877 0.02748670 0.69827559 -0.06602218 0.71224768
1461161078.47807 3.19866456 -0.24267688 3.87014694 0.04611551 0.68659113 -0.07213444 0.72198518
1461161078.57809 3.28616487 -0.25605445 3.87367618 0.05742167 0.66913038 -0.08249543 0.73631637
1461161078.67837 3.37215012 -0.26544053 3.87882163 0.07149039 0.64932799 -0.08795519 0.75201474
1461161078.77789 3.45535216 -0.27010010 3.88850939 0.06056825 0.62848913 -0.08293339 0.77100904
1461161078.89803 3.53959524 -0.29215226 3.90414172 0.05851429 0.59978658 -0.08420215 0.79356294
1461161079.01797 3.61008615 -0.31769336 3.92070884 0.07686952 0.57078864 -0.08292229 0.81327443
1461161079.11780 3.66569035 -0.32361495 3.93751807 0.07782640 0.53466294 -0.08594753 0.83707325
1461161079.21802 3.72471651 -0.32078284 3.95671367 0.07957920 0.49699677 -0.08824133 0.85957829
1461161079.33795 3.79038201 -0.31508425 3.98403427 0.06889359 0.45279460 -0.09570009 0.88378290
1461161079.46000 3.85241664 -0.31042270 4.00067659 0.04359592 0.42548654 -0.09152384 0.89926858
1461161079.59779 3.91373438 -0.31574598 4.01897490 0.03344615 0.38459215 -0.07738237 0.91922913
1461161079.71779 3.95854725 -0.31960139 4.03149561 0.03796915 0.34353549 -0.06788548 0.93591307
1461161079.81805 3.99217488 -0.31641420 4.03828282 0.03688024 0.30031190 -0.06480816 0.95092193
1461161079.93779 4.03109721 -0.31677692 4.04316620 0.03074068 0.25580047 -0.05764163 0.96451987
1461161080.05979 4.05672734 -0.31828591 4.04516844 0.01776352 0.19714581 -0.04292843 0.97927276
1461161080.13778 4.06853677 -0.32130157 4.04693178 0.00797795 0.15580213 -0.03741715 0.98704711
1461161080.27774 4.09377784 -0.33007357 4.04788384 0.00341348 0.10404605 -0.02660493 0.99421072
1461161080.41811 4.12326235 -0.32407900 4.04849302 -0.00642269 0.05160293 -0.03311340 0.99809789
1461161080.55961 4.17025278 -0.31787202 4.05398703 -0.00637679 0.01965140 -0.04128863 0.99893364
1461161080.67777 4.21201581 -0.31518435 4.06452940 -0.00659870 -0.01502878 -0.03236099 0.99934146
1461161080.79780 4.25518766 -0.31547415 4.07400897 -0.01519235 -0.04374945 -0.03308729 0.99837889
1461161080.93769 4.28438975 -0.31813813 4.08104268 -0.03182656 -0.08681875 -0.03107582 0.99523056
1461161081.07794 4.31315356 -0.32591497 4.09274663 -0.03817018 -0.12719127 -0.02100303 0.99092093
1461161081.23775 4.34434716 -0.33652068 4.11152378 -0.03912233 -0.16288930 -0.01310178 0.98578135
1461161081.41772 4.36917560 -0.32853632 4.13992737 -0.06762173 -0.19320310 -0.02668732 0.97846188
1461161081.56016 4.37372988 -0.30831029 4.16915071 -0.10319042 -0.21519590 -0.03690569 0.97040220
1461161081.71768 4.37287105 -0.28536073 4.21675211 -0.12101540 -0.21001501 -0.03414227 0.96957892
1461161081.83773 4.36188093 -0.26909421 4.26181015 -0.13154645 -0.18552353 -0.03506240 0.97316349
1461161081.91829 4.34923268 -0.25771035 4.29307671 -0.13865109 -0.16963792 -0.04065951 0.97485674
1461161081.99799 4.33105857 -0.25086300 4.32553982 -0.13727375 -0.15918843 -0.03755601 0.97693629
1461161082.09776 4.30282672 -0.23975752 4.36473282 -0.14132406 -0.14343057 -0.02973760 0.97906632
1461161082.17771 4.27707460 -0.23051524 4.39623114 -0.14427528 -0.12946585 -0.02493579 0.98071476
1461161082.27762 4.24882951 -0.22570334 4.43523884 -0.14320894 -0.12103098 -0.01405102 0.98216357
1461161082.39762 4.19936177 -0.21557698 4.47963070 -0.14850676 -0.12154179 0.00651927 0.98139229
1461161082.51766 4.15339686 -0.19557116 4.52831918 -0.16464539 -0.11862455 0.01595468 0.97906361
1461161082.61773 4.11682618 -0.17998691 4.57017334 -0.17103960 -0.11466870 0.01772367 0.97840810
1461161082.71781 4.07650522 -0.16453707 4.60898609 -0.17953706 -0.11583460 0.02304891 0.97663583
1461161082.79767 4.05249894 -0.15317840 4.64351418 -0.19184616 -0.10298606 0.03001478 0.97554499
1461161082.88065 4.02755716 -0.14520801 4.67749746 -0.19798128 -0.10853701 0.03283635 0.97362462
1461161082.97792 4.00853156 -0.13558335 4.72479032 -0.19896912 -0.09548120 0.03025394 0.97487401
1461161083.07759 3.98187772 -0.12176885 4.77138698 -0.20233337 -0.09597939 0.02227317 0.97434751
1461161083.15987 3.96411059 -0.10993004 4.81127452 -0.20328277 -0.09477354 0.01503803 0.97440646
1461161083.23749 3.94658462 -0.10246906 4.85556203 -0.19342851 -0.09825343 0.00610254 0.97616312
1461161083.33753 3.92432592 -0.09480381 4.91414167 -0.18434368 -0.09542955 -0.00820455 0.97818367
1461161083.45959 3.89714966 -0.09529926 4.98461918 -0.17062532 -0.08944903 -0.02222421 0.98101578
1461161083.59767 3.86334488 -0.09630115 5.06260975 -0.15993679 -0.09917457 -0.02176766 0.98189144
1461161083.77762 3.82067800 -0.08819019 5.15932933 -0.15036806 -0.11151140 -0.02465665 0.98201156
1461161083.89763 3.78906523 -0.07931952 5.22096494 -0.14890962 -0.14048087 -0.02924259 0.97838434
1461161084.01758 3.75269201 -0.06999419 5.27939097 -0.14913527 -0.17086439 -0.02750736 0.97355399
1461161084.11787 3.71324371 -0.06289340 5.31646420 -0.15197068 -0.20656138 -0.03493011 0.96592815
1461161084.21811 3.66649994 -0.05342913 5.34606105 -0.16383132 -0.24700094 -0.04349311 0.95407452
1461161084.31757 3.61141557 -0.05164198 5.36692870 -0.15899899 -0.28891966 -0.04181402 0.94313114
1461161084.41815 3.55069809 -0.05018524 5.38321876 -0.15083328 -0.33005973 -0.03808618 0.93105281
1461161084.51750 3.48718081 -0.05005979 5.40107098 -0.14080613 -0.35832260 -0.01850417 0.92273298
1461161084.61787 3.41997166 -0.04274669 5.42158515 -0.13984058 -0.37767971 -0.01542725 0.91518558
1461161084.71746 3.35025224 -0.03615293 5.44619164 -0.13494967 -0.38929519 -0.01995984 0.91095524
1461161084.83748 3.27032142 -0.03334239 5.48021507 -0.13251722 -0.39296483 -0.02590900 0.90958592
1461161084.93811 3.20214643 -0.03211524 5.50377434 -0.14112462 -0.41086481 -0.01687323 0.90054941
1461161085.03858 3.13631940 -0.03008683 5.53245452 -0.14808077 -0.40888744 0.00452895 0.90047911
1461161085.11749 3.08203050 -0.02762232 5.55682442 -0.14874896 -0.40651664 0.01352338 0.90135181
1461161085.19753 3.02820233 -0.02557674 5.58451727 -0.15410109 -0.39508307 0.04043558 0.90472492
1461161085.27799 2.97249280 -0.03050878 5.61325285 -0.14734353 -0.38364920 0.06624680 0.90923844
1461161085.35923 2.92046817 -0.03424009 5.64580782 -0.14573005 -0.36813772 0.08250731 0.91456543
1461161085.43745 2.87042840 -0.03468760 5.68008526 -0.16238763 -0.34079128 0.09662061 0.92095387
1461161085.51760 2.81939580 -0.04136465 5.71434235 -0.16868459 -0.32342800 0.11395666 0.92409616
1461161085.59823 2.76860279 -0.04473749 5.74908821 -0.17609542 -0.30699981 0.12521586 0.92685625
1461161085.67759 2.71511690 -0.04112078 5.78342931 -0.18683454 -0.29461607 0.13874741 0.92684593
1461161085.77746 2.65067986 -0.03471716 5.83374528 -0.18634327 -0.27216829 0.15462884 0.93128434
1461161085.85937 2.60267157 -0.02991031 5.87819747 -0.17890215 -0.24826447 0.16467240 0.93767893
1461161085.93743 2.55840870 -0.03038463 5.92556009 -0.16481502 -0.22824670 0.17974796 0.94256571
1461161086.01738 2.52203144 -0.03423026 5.97549815 -0.14441304 -0.20131439 0.18081555 0.95179994
1461161086.07749 2.49924584 -0.03479102 6.01635665 -0.13928670 -0.16384970 0.19866342 0.95618269
1461161086.17854 2.45442515 -0.04189967 6.08058524 -0.13611314 -0.14606660 0.21822966 0.95525577
1461161086.25942 2.42988257 -0.04643529 6.13210295 -0.12565322 -0.12269927 0.22335425 0.95878519
1461161086.33804 2.40833614 -0.04718141 6.18114889 -0.10781485 -0.11089464 0.22668010 0.96161035
1461161086.43789 2.39285348 -0.03564007 6.23766237 -0.09535981 -0.09530097 0.21998456 0.96614234
1461161086.51791 2.38370656 -0.02681739 6.28371576 -0.07749124 -0.08751358 0.19618870 0.97357407
1461161086.59744 2.37875199 -0.02282532 6.32782349 -0.06547336 -0.08867826 0.14978926 0.98255411
1461161086.67741 2.38203183 -0.02613120 6.36361977 -0.04225104 -0.07797921 0.09464860 0.99155218
1461161086.75971 2.39217678 -0.03119321 6.39412676 -0.02759632 -0.05545505 0.07173486 0.99549851
1461161086.89732 2.40754261 -0.04319083 6.43504887 -0.01674796 -0.03389547 0.05844365 0.99757453
1461161087.13742 2.43435235 -0.07234668 6.46549258 -0.01084030 -0.03630836 0.08298593 0.99583007
1461161087.29743 2.46540920 -0.11377582 6.45549908 0.00930172 -0.03872867 0.09319503 0.99485087
1461161087.45936 2.51194816 -0.15584635 6.42842151 0.01799756 -0.02512236 0.10596974 0.99388901
1461161087.63737 2.57624531 -0.18789947 6.38590074 0.01789052 -0.00284782 0.11470630 0.99323425
1461161087.81742 2.65874571 -0.19842215 6.32691389 0.01718315 0.01189294 0.11688442 0.99292564
1461161087.97743 2.74666902 -0.21150256 6.25392176 0.02783346 0.01168574 0.12681749 0.99146662
1461161088.11735 2.83966478 -0.22714702 6.18719039 0.04172889 0.00742969 0.13449058 0.99000797
1461161088.21744 2.91193037 -0.23787453 6.14850353 0.05360981 0.02283480 0.13825710 0.98868070
1461161088.33734 2.99664099 -0.25111854 6.11419695 0.06422560 0.03300344 0.12491831 0.98953588
1461161088.43821 3.07072193 -0.26147568 6.09011058 0.08536208 0.04057538 0.10378154 0.99009916
1461161088.57771 3.17950786 -0.26126741 6.06587612 0.10043405 0.04523981 0.08428995 0.99033407
1461161088.71745 3.28608340 -0.26637896 6.05551784 0.11405772 0.04365004 0.06913262 0.99010413
1461161088.85746 3.38963292 -0.26577612 6.06763784 0.09196290 0.05088422 0.04814156 0.99329553
1461161089.01724 3.49022309 -0.27207032 6.09677817 0.08212029 0.04050158 0.03952825 0.99501427
1461161089.15731 3.56998045 -0.27825843 6.12710926 0.06632413 0.01449571 0.01622406 0.99756091
1461161089.29733 3.64844348 -0.31160802 6.15243137 0.08487142 -0.01401899 0.01141286 0.99622791
1461161089.46027 3.73112738 -0.35437052 6.19231516 0.08838564 -0.03138424 0.02055334 0.99537961
1461161089.59754 3.79053270 -0.40629444 6.23257621 0.10889734 -0.04965934 0.03208843 0.99229313
1461161089.71726 3.82805623 -0.45249885 6.26799007 0.14382459 -0.07721311 0.03134770 0.98608820
1461161089.85916 3.86393052 -0.46853667 6.32155897 0.13710261 -0.12105916 0.02604176 0.98278654
1461161090.03733 3.91842338 -0.45879391 6.39677655 0.11719080 -0.14350336 0.00506930 0.98267360
1461161090.23725 3.97781278 -0.44238233 6.47688174 0.09446210 -0.17503391 0.01030352 0.97996626
1461161090.41768 4.02909445 -0.42148211 6.55448844 0.06950570 -0.19550838 -0.00354534 0.97822945
1461161090.65789 4.09099295 -0.42128890 6.65497311 0.07732765 -0.21849418 -0.01697764 0.97262145
1461161090.91782 4.15403744 -0.41956916 6.75256373 0.07331734 -0.22424543 -0.02979845 0.97131386
1461161091.15930 4.17419947 -0.41679430 6.85077162 0.06933923 -0.25144941 -0.03840297 0.96461934
1461161091.33721 4.16889148 -0.42605004 6.93477682 0.09786819 -0.26993051 -0.04369736 0.95689596
1461161091.53739 4.16859858 -0.42090740 7.03859937 0.10597092 -0.27824186 -0.04159420 0.95374082
1461161091.69747 4.17424116 -0.40357205 7.12533592 0.09393580 -0.27428378 -0.05547944 0.95544048
1461161091.87709 4.16634704 -0.36898298 7.20598699 0.08685257 -0.29220673 -0.04894547 0.95114468
1461161092.01714 4.16041592 -0.32007313 7.26084555 0.07027137 -0.30382661 -0.05243538 0.94868428
1461161092.15726 4.16053106 -0.26421202 7.31608314 0.04261984 -0.30419076 -0.06435194 0.94947899
1461161092.29717 4.15933480 -0.20346969 7.35881164 0.00859824 -0.31579217 -0.06407771 0.94662317
1461161092.41734 4.16278499 -0.14684542 7.39085820 -0.02887268 -0.31509354 -0.06040255 0.94669634
1461161092.55734 4.17904235 -0.08684923 7.42733697 -0.05687973 -0.30008996 -0.05657324 0.95053153
1461161092.69730 4.19686465 -0.03416042 7.46211757 -0.07769682 -0.28230819 -0.06026253 0.95427130
1461161092.89705 4.21984551 0.01119075 7.49614751 -0.08750056 -0.25277027 -0.05474514 0.96200510
1461161093.03717 4.23872666 0.04193910 7.51226691 -0.11015216 -0.21765741 -0.04749800 0.96862567
1461161093.19713 4.24119180 0.08035260 7.51984312 -0.15512749 -0.21313913 -0.06015798 0.96275033
1461161093.49706 4.24896812 0.11094508 7.50358319 -0.17792780 -0.21663605 -0.05618595 0.95825553
1461161093.65932 4.26429634 0.12028008 7.48122640 -0.18623011 -0.18928767 -0.04511509 0.96304369
1461161093.79719 4.26778717 0.12576893 7.45500018 -0.19118690 -0.17798654 -0.01061129 0.96522317
1461161093.93716 4.26736828 0.13991232 7.42427555 -0.20854676 -0.16019663 0.01741550 0.96464604
1461161093.99701 4.27354698 0.15685343 7.40651887 -0.24208165 -0.14625020 0.01081203 0.95910920
1461161094.09718 4.28261163 0.17776068 7.38071174 -0.26521283 -0.12438253 -0.00071633 0.95613317
1461161094.21720 4.29073339 0.19957952 7.35283301 -0.28215461 -0.11293497 -0.00129632 0.95269764
1461161094.31810 4.30429651 0.21817724 7.33295862 -0.29539080 -0.08516201 0.01095173 0.95151026
1461161094.43704 4.31541249 0.23567366 7.31480781 -0.30230463 -0.06411175 0.01725189 0.95089640
1461161094.57698 4.32264513 0.25718424 7.29380631 -0.31401340 -0.05326999 0.02147507 0.94767965
1461161094.67696 4.33130848 0.27505840 7.28200616 -0.32209687 -0.03467264 0.02388572 0.94577000
1461161094.79703 4.33870577 0.29663477 7.27371247 -0.33307538 -0.02482492 0.03015640 0.94209082
1461161094.89705 4.34861223 0.31341306 7.27153641 -0.34271059 -0.00695500 0.04257810 0.93844988
1461161094.99702 4.35884707 0.33016343 7.27439152 -0.35709737 0.00629303 0.04410739 0.93300397
1461161095.11699 4.37062980 0.34545202 7.28810737 -0.36121730 0.02932168 0.05393019 0.93045894
1461161095.27698 4.37867390 0.36523478 7.31266165 -0.36493598 0.04091779 0.05329236 0.92860507
1461161095.41716 4.38132856 0.38399993 7.33719299 -0.37054258 0.04045412 0.04253430 0.92695873
1461161095.59699 4.38490758 0.40863920 7.37158931 -0.37825168 0.03216955 0.02828448 0.92471118
1461161095.73707 4.38360235 0.42610869 7.40140647 -0.38204803 0.01325534 0.01364861 0.92394660
1461161095.85882 4.38102633 0.44103794 7.42799094 -0.38549209 -0.00330719 0.00556161 0.92268845
1461161095.99682 4.37661816 0.45376282 7.46092754 -0.37848902 -0.01651630 -0.00073474 0.92545812
1461161096.13699 4.36598115 0.46558012 7.48874030 -0.37605724 -0.03885326 -0.01281826 0.92569275
1461161096.25910 4.35058798 0.47716433 7.51051384 -0.37192861 -0.06742647 -0.03318674 0.92521426
1461161096.37744 4.33540379 0.49115587 7.52885303 -0.36832740 -0.08952434 -0.05434346 0.92377871
1461161096.47710 4.31574747 0.50518296 7.54172609 -0.36366266 -0.11787398 -0.07047577 0.92135138
1461161096.55887 4.29925471 0.51627259 7.55040623 -0.35856004 -0.14381686 -0.08363654 0.91856210
1461161096.63692 4.28011515 0.52443114 7.55564922 -0.35280881 -0.17171388 -0.09536191 0.91484774
1461161096.73692 4.26174305 0.53806317 7.56109690 -0.34894069 -0.18724947 -0.09521992 0.91329688
1461161096.83683 4.24257158 0.55226392 7.56010080 -0.34773778 -0.21872925 -0.10606742 0.90553060
1461161096.97688 4.22794793 0.57421585 7.56116347 -0.35389413 -0.23952557 -0.11481579 0.89677410
1461161097.09695 4.21053013 0.58983514 7.56040007 -0.35199822 -0.27389725 -0.12543684 0.88619589
1461161097.21694 4.19129795 0.60462268 7.55975936 -0.34822385 -0.30634292 -0.12949024 0.87642823
1461161097.33726 4.17149802 0.61850863 7.55977812 -0.33929371 -0.33026381 -0.13428409 0.87050179
1461161097.45882 4.14773175 0.63124841 7.55876562 -0.33001061 -0.35821415 -0.13330839 0.86313643
1461161097.57716 4.12168325 0.64777897 7.55554934 -0.32191079 -0.38335135 -0.13791814 0.85463078
1461161097.69687 4.09745756 0.66276810 7.55062784 -0.30339150 -0.41142200 -0.14412864 0.84729715
1461161097.77682 4.08521180 0.67620833 7.54139392 -0.30437430 -0.43335425 -0.14765867 0.83531868
1461161097.87681 4.07205180 0.69214785 7.52763177 -0.30205288 -0.45944692 -0.15310790 0.82111543
1461161097.97735 4.05602909 0.70724755 7.50641757 -0.29651916 -0.49356479 -0.16181972 0.80142658
1461161098.07688 4.03317574 0.71687803 7.48165999 -0.28615726 -0.52596306 -0.16407603 0.78393618
1461161098.15910 4.01287252 0.71803237 7.46024267 -0.26970322 -0.55735327 -0.16464120 0.76779606
1461161098.23682 3.99391774 0.71775636 7.43956284 -0.25731394 -0.58315782 -0.15709502 0.75434584
1461161098.31690 3.97733870 0.71859486 7.41828500 -0.24731947 -0.60735742 -0.15321862 0.73923886
1461161098.39682 3.96119779 0.71694972 7.39605432 -0.23785181 -0.63370879 -0.14305343 0.72206329
1461161098.49682 3.94823605 0.71861747 7.36904196 -0.23518122 -0.65701041 -0.14617487 0.70118472
1461161098.61684 3.93686352 0.71885460 7.33947901 -0.23330492 -0.67060571 -0.14721495 0.68861060
1461161098.71680 3.92812767 0.71508796 7.31168964 -0.22121431 -0.69011653 -0.14274537 0.67411213
1461161098.81676 3.92541963 0.71185939 7.28698941 -0.21290662 -0.70161317 -0.14477096 0.66441787
1461161098.93687 3.92894574 0.71054899 7.25727165 -0.21356243 -0.71054663 -0.14974789 0.65352134
1461161099.01679 3.93277262 0.70765235 7.23393240 -0.20469558 -0.72515424 -0.15401436 0.63916401
1461161099.09682 3.93753745 0.70362746 7.20833105 -0.19723779 -0.74326701 -0.15497511 0.62018878
1461161099.17707 3.94463177 0.69902647 7.18502895 -0.18992078 -0.75674775 -0.15915324 0.60492412
1461161099.25860 3.95090437 0.69796612 7.16383399 -0.19480100 -0.76426547 -0.15580201 0.59470715
1461161099.37699 3.96141118 0.69843475 7.13977980 -0.19873105 -0.77046383 -0.16301124 0.58336849
1461161099.49674 3.97155812 0.69953435 7.12099367 -0.19747312 -0.77841101 -0.17336103 0.57011106
1461161099.77675 4.00265961 0.69794380 7.10413931 -0.18530467 -0.78028134 -0.19856197 0.56337941
1461161099.89680 4.02268330 0.69759047 7.09811187 -0.18317387 -0.78263889 -0.21171066 0.55596969
1461161100.03676 4.04909012 0.69333318 7.08121867 -0.18380904 -0.79552703 -0.21805520 0.53460537
1461161100.13670 4.06886124 0.69152154 7.07093218 -0.19058892 -0.79655520 -0.22498453 0.52778560
1461161100.31701 4.10973279 0.68713390 7.05567417 -0.19297312 -0.80280288 -0.23665054 0.51211857
1461161100.43669 4.13976340 0.68923861 7.04043619 -0.19997723 -0.81067217 -0.24667401 0.49190615
1461161100.55824 4.16809777 0.69198835 7.02039651 -0.20046556 -0.82335172 -0.25486088 0.46578046
1461161100.67668 4.19582267 0.68950319 7.00281876 -0.19949822 -0.83558776 -0.25873757 0.44164287
1461161100.77670 4.21439979 0.68500671 6.98873137 -0.19396186 -0.84453992 -0.26003925 0.42604074
1461161100.83667 4.22391176 0.68248348 6.98172907 -0.19314298 -0.84764206 -0.25970145 0.42042109
1461161100.97713 4.24697810 0.67048175 6.96683913 -0.18662809 -0.85681544 -0.25864242 0.40514362
1461161101.09676 4.26454900 0.65613527 6.95059470 -0.17594329 -0.86850266 -0.25536295 0.38669995
1461161101.15881 4.27050449 0.64689421 6.94068326 -0.17135885 -0.87453228 -0.24960938 0.37884639
1461161101.23662 4.27795696 0.63364909 6.92826230 -0.16382946 -0.88276948 -0.24063668 0.36874374
1461161101.33661 4.28572022 0.61631481 6.91430354 -0.15525832 -0.89117172 -0.23108322 0.35820157
1461161101.45935 4.29439958 0.59681752 6.90148503 -0.14595315 -0.89924836 -0.22140514 0.34789342
1461161101.57735 4.30434946 0.57648308 6.89260384 -0.13737316 -0.90496479 -0.21592104 0.33991978
1461161101.69662 4.31458928 0.55711232 6.88525631 -0.13007643 -0.91127213 -0.21320580 0.32742406
1461161101.79659 4.32160693 0.53874215 6.88015335 -0.12150876 -0.91646985 -0.20679413 0.32024181
1461161101.87958 4.32810170 0.52428164 6.87433165 -0.11719661 -0.92090780 -0.19873755 0.31416105
1461161101.97744 4.34030862 0.51122917 6.86455347 -0.11675319 -0.92509628 -0.19607583 0.30351249
1461161102.11712 4.35410749 0.49611601 6.85772233 -0.12064054 -0.92620399 -0.19244692 0.30092561
1461161102.21665 4.36994908 0.48629401 6.84672288 -0.11661045 -0.93150237 -0.19489538 0.28411465
1461161102.33656 4.38828556 0.47320177 6.83377930 -0.11945680 -0.93403128 -0.19398758 0.27510809
1461161102.45930 4.40907704 0.46310474 6.81995901 -0.12223005 -0.93507612 -0.20014730 0.26576969
1461161102.57680 4.43118499 0.45626298 6.80614925 -0.12440437 -0.93548155 -0.20599624 0.25877282
1461161102.69655 4.45157721 0.45396221 6.79188384 -0.12995255 -0.93097894 -0.21625224 0.26386647
1461161102.79653 4.46839472 0.45092677 6.77471170 -0.13898824 -0.92988687 -0.21525500 0.26392793
1461161102.91658 4.48544032 0.44787769 6.75194739 -0.14805709 -0.92445381 -0.22185355 0.27247981
1461161103.03660 4.49862402 0.44197520 6.73014616 -0.14668218 -0.92163447 -0.22427422 0.28066940
1461161103.15865 4.50949390 0.43936067 6.71153520 -0.15117726 -0.91673193 -0.22934018 0.29008808
1461161103.27682 4.51957590 0.43686254 6.69301565 -0.15800372 -0.91001428 -0.23323725 0.30415329
1461161103.37654 4.53189038 0.43571153 6.67372267 -0.15763775 -0.90658721 -0.24174238 0.30791327
1461161103.45816 4.54508978 0.43273339 6.65637378 -0.15610911 -0.90809759 -0.24543872 0.30124501
1461161103.55840 4.56387004 0.42900369 6.63176330 -0.16640094 -0.90972480 -0.24440403 0.29151020
1461161103.65830 4.58121189 0.42417038 6.60811173 -0.17344194 -0.90865734 -0.24771257 0.28792049
1461161103.75826 4.59578398 0.41635648 6.58401385 -0.17551717 -0.90825807 -0.24709245 0.28845506
1461161103.87651 4.61219476 0.40956119 6.55186698 -0.17675300 -0.90589053 -0.25489522 0.28835594
1461161104.01661 4.62207618 0.40216634 6.52300552 -0.17601758 -0.90125130 -0.26166843 0.29714228
1461161104.17654 4.62497033 0.39429774 6.48975729 -0.19862928 -0.89488071 -0.25526429 0.30753061
1461161104.23648 4.62339493 0.39300549 6.47894303 -0.20449685 -0.88895649 -0.25969995 0.31700684
1461161104.35845 4.62441027 0.39575462 6.45707620 -0.23138167 -0.87138424 -0.27389615 0.33486254
1461161104.45823 4.62359123 0.39729457 6.44220800 -0.25607178 -0.84937645 -0.27721030 0.36897336
1461161104.55826 4.63458437 0.39815099 6.41890075 -0.26528658 -0.84694047 -0.28628685 0.36104669
1461161104.65839 4.64241785 0.39946153 6.39270516 -0.26810549 -0.84169054 -0.29367869 0.36527976
1461161104.73651 4.64730807 0.40093125 6.37158029 -0.26773479 -0.83535622 -0.30275289 0.37261072
1461161104.83644 4.65107884 0.40241316 6.33982014 -0.26959313 -0.82876093 -0.30693670 0.38244572
1461161104.93643 4.65419093 0.39629511 6.30902330 -0.26904412 -0.82348922 -0.31048757 0.39125214
1461161105.03644 4.65729657 0.38724231 6.27484475 -0.27273494 -0.82054959 -0.30641296 0.39802653
1461161105.11645 4.66041409 0.37979212 6.24503044 -0.28581582 -0.81606769 -0.30363850 0.40018309
1461161105.21645 4.66154829 0.37556799 6.21009571 -0.29646671 -0.80975220 -0.30728020 0.40247701
1461161105.33651 4.66034731 0.37784260 6.17550703 -0.31793428 -0.79553481 -0.31210505 0.41064900
1461161105.47648 4.64746688 0.37895415 6.13954467 -0.31753802 -0.78742058 -0.31371748 0.42511148
1461161105.59642 4.64163255 0.38245825 6.10339129 -0.34036097 -0.77296381 -0.31675889 0.43167716
1461161105.73643 4.62947035 0.38225773 6.06983101 -0.34312830 -0.77007598 -0.32227868 0.43056058
1461161105.87648 4.61225806 0.38574601 6.04202724 -0.34973869 -0.76233723 -0.32326511 0.43820596
1461161105.93645 4.60553918 0.38903384 6.03106710 -0.35102897 -0.75886504 -0.32245157 0.44376513
1461161106.07675 4.58606282 0.40188510 6.00245613 -0.35096643 -0.75448559 -0.32484029 0.44950290
1461161106.21645 4.56228316 0.41452726 5.98263978 -0.34289168 -0.75015922 -0.32528759 0.46246559
1461161106.35829 4.53999040 0.42688861 5.95895940 -0.33994623 -0.74679613 -0.32606626 0.46948152
1461161106.47633 4.51904326 0.43437582 5.93615853 -0.34105486 -0.74382118 -0.32124118 0.47667153
1461161106.57640 4.49815740 0.43885901 5.91940808 -0.33767702 -0.74040008 -0.32130580 0.48429797
1461161106.65812 4.47845488 0.43917010 5.90296837 -0.32906470 -0.74671314 -0.31131597 0.48705059
1461161106.75818 4.45691314 0.44188270 5.88381066 -0.32238227 -0.75148674 -0.30896870 0.48567036
1461161106.87635 4.43035526 0.44641910 5.85880036 -0.32803026 -0.75162306 -0.30301798 0.48542665
1461161106.97654 4.40424067 0.44696151 5.83596891 -0.33996429 -0.74665829 -0.29399573 0.49040003
1461161107.05832 4.38210617 0.44396348 5.81444561 -0.34803396 -0.74573003 -0.28626270 0.49072677
1461161107.15861 4.35511102 0.43769933 5.78655646 -0.36375184 -0.74031121 -0.28007639 0.49110196
1461161107.23633 4.33202846 0.42876733 5.76017686 -0.37399009 -0.74111092 -0.26804219 0.48891656
1461161107.31686 4.31126086 0.41929478 5.73492619 -0.37410549 -0.74425629 -0.26858011 0.48372759
1461161107.39660 4.27966555 0.40505513 5.70400822 -0.36761123 -0.75634846 -0.25462313 0.47745791
1461161107.49637 4.24230061 0.39193625 5.67576520 -0.34672610 -0.76544714 -0.25061760 0.48068961
1461161107.61634 4.20224004 0.37993791 5.64633189 -0.33182177 -0.76851034 -0.24832838 0.48746199
1461161107.67635 4.18457887 0.37191837 5.63139894 -0.33034912 -0.76868204 -0.24144755 0.49163041
1461161107.79654 4.15401400 0.34721331 5.59533500 -0.30259545 -0.79162435 -0.23132981 0.47775872
1461161107.91637 4.12825443 0.32194420 5.55840006 -0.27759523 -0.81648924 -0.22435916 0.45381625
1461161107.95807 4.12176258 0.31332017 5.54809657 -0.27250453 -0.82239959 -0.21850879 0.44905913
1461161108.07629 4.10957220 0.28960289 5.51777225 -0.25128334 -0.84702357 -0.21534525 0.41597378
1461161108.17634 4.10562418 0.27005174 5.49286522 -0.24205012 -0.86572492 -0.21586428 0.38122790
1461161108.29806 4.10323158 0.24686736 5.47071382 -0.23586928 -0.88120998 -0.21862484 0.34646477
1461161108.41634 4.10194967 0.22657860 5.44816336 -0.24060641 -0.89594065 -0.21754412 0.30343609
1461161108.55810 4.10105806 0.19999765 5.42526316 -0.24491417 -0.90826045 -0.21283231 0.26416361
1461161108.69628 4.10252973 0.17667625 5.40392137 -0.23698686 -0.91863585 -0.21701947 0.22988683
1461161108.81627 4.10824453 0.15432453 5.38003012 -0.21437868 -0.93201196 -0.22031956 0.19197601
1461161108.93628 4.10863478 0.12707689 5.35371465 -0.20190190 -0.94260714 -0.20718720 0.16673590
1461161109.05818 4.10885423 0.09771213 5.32809862 -0.17584181 -0.95394709 -0.19711050 0.14216914
1461161109.21634 4.10437467 0.06702448 5.30025887 -0.15732940 -0.96143903 -0.18837878 0.12408017
1461161109.35810 4.10331574 0.03318461 5.27788745 -0.14387248 -0.96871278 -0.16863428 0.11161869
1461161109.49641 4.10814253 -0.00003741 5.25694487 -0.14487591 -0.97281272 -0.15571262 0.09165136
1461161109.63622 4.11098861 -0.03073151 5.23754748 -0.15783331 -0.97358254 -0.14777190 0.07341077
1461161109.77620 4.11375578 -0.06023673 5.21893980 -0.17471136 -0.97251476 -0.14429013 0.05358488
1461161109.87659 4.12551158 -0.08864276 5.20823161 -0.16885574 -0.97706057 -0.12844038 0.01853264
1461161109.97624 4.13595025 -0.11645324 5.20055252 -0.16278086 -0.98006728 -0.11370672 -0.00642617
1461161110.09617 4.14414614 -0.14966988 5.19173131 -0.15989451 -0.98266338 -0.09104153 -0.02275664
1461161110.25784 4.15409019 -0.18546472 5.17203418 -0.14752120 -0.98566693 -0.07647205 -0.02915863
1461161110.39625 4.16365142 -0.20991072 5.14789951 -0.13300594 -0.98873577 -0.06175664 -0.02995179
1461161110.53624 4.16636495 -0.22818321 5.11881613 -0.12932274 -0.99016845 -0.05076010 -0.01629388
1461161110.67665 4.17099920 -0.24163639 5.08378551 -0.12046914 -0.99155144 -0.04736226 -0.00835121
1461161110.81622 4.17599535 -0.25567123 5.04565151 -0.11456425 -0.99231099 -0.04682170 0.00129092
1461161110.95826 4.18045271 -0.27069725 5.00905751 -0.11693844 -0.99242178 -0.03713931 0.00671435
1461161111.07755 4.18285121 -0.27830479 4.96946433 -0.11828719 -0.99244523 -0.03046466 0.01151121
1461161111.19616 4.19303454 -0.28249589 4.92558186 -0.11856704 -0.99258227 -0.02672841 0.00280891
1461161111.39613 4.21108234 -0.28503112 4.85194149 -0.11694786 -0.99268228 -0.02355390 -0.01871658
1461161111.55806 4.23066320 -0.28110801 4.79409527 -0.12297281 -0.99064742 -0.02692831 -0.05263316
1461161111.75817 4.25169855 -0.27031587 4.71656741 -0.12160379 -0.98963367 -0.02259097 -0.07298886
1461161111.89609 4.27806875 -0.25679243 4.65404799 -0.10741731 -0.98876438 -0.02932814 -0.09973158
1461161112.01616 4.31015265 -0.25740587 4.60131037 -0.08190407 -0.98789211 -0.02082618 -0.13010445
1461161112.13606 4.34303185 -0.26401421 4.55409541 -0.07247332 -0.98373217 -0.01172839 -0.16395454
1461161112.25822 4.37622323 -0.27266862 4.50739145 -0.08257855 -0.97771390 -0.00427782 -0.19297155
1461161112.37605 4.41097406 -0.27539303 4.46198018 -0.07580309 -0.97205532 -0.00536417 -0.22211163
1461161112.49605 4.45211783 -0.28025188 4.41826537 -0.06438160 -0.96459255 -0.00569288 -0.25570257
1461161112.59625 4.48719851 -0.28512327 4.38278227 -0.05826989 -0.95647949 0.00033217 -0.28592217
1461161112.67601 4.51973723 -0.29041766 4.35841450 -0.05411059 -0.94465506 0.00590045 -0.32351824
1461161112.77626 4.55952497 -0.29979508 4.33437545 -0.04810527 -0.92700845 0.01528675 -0.37162821
1461161112.91605 4.61369965 -0.30521803 4.30358089 -0.03337487 -0.90733916 0.00762439 -0.41900314
1461161113.05815 4.66917409 -0.31571371 4.28225866 -0.02225292 -0.87934613 0.01064511 -0.47554376
1461161113.23603 4.74115121 -0.32223425 4.24138810 -0.02079903 -0.85316848 0.01593877 -0.52097688
1461161113.37625 4.80536754 -0.32587549 4.21280515 -0.01369108 -0.82979203 0.02695546 -0.55725321
1461161113.53657 4.87259377 -0.33350862 4.17696209 -0.00387993 -0.81866480 0.02858151 -0.57354684
1461161113.65600 4.92136249 -0.34143469 4.16267050 -0.00341095 -0.79641120 0.02663660 -0.60415897
1461161113.79708 4.97277681 -0.35154075 4.15303424 -0.00649938 -0.76742543 0.02618015 -0.64057050
1461161113.91697 5.01201814 -0.35931991 4.14787018 -0.00492979 -0.73551911 0.03058446 -0.67679533
1461161114.06024 5.06033179 -0.36378803 4.13784084 -0.00200708 -0.70244222 0.03082932 -0.71106993
1461161114.17764 5.09676204 -0.36797799 4.13112939 0.00457127 -0.66810813 0.02674487 -0.74356932
1461161114.31604 5.13279320 -0.37458234 4.12671566 0.01654109 -0.62827755 0.02216053 -0.77749767
1461161114.49607 5.18189983 -0.38104494 4.12800200 0.03492961 -0.58565266 0.02100126 -0.80953680
1461161114.65778 5.23040669 -0.38261421 4.14082724 0.03865037 -0.53960138 0.02850639 -0.84054975
1461161114.81682 5.28644373 -0.37600590 4.16214979 0.05252296 -0.49808921 0.03849078 -0.86467736
1461161114.97645 5.33996504 -0.37631722 4.18776782 0.06510261 -0.45574283 0.04563416 -0.88655380
1461161115.13599 5.38678266 -0.38123809 4.22226123 0.06743943 -0.41197227 0.04944432 -0.90735111
1461161115.29597 5.42533875 -0.38751248 4.25750834 0.06054905 -0.36605714 0.05803038 -0.92680551
1461161115.43628 5.45715527 -0.38312213 4.29684574 0.05959125 -0.31848504 0.05426034 -0.94449562
1461161115.53621 5.47734587 -0.38130953 4.32804877 0.05657920 -0.27284813 0.05071236 -0.95905211
1461161115.63589 5.49172944 -0.37747841 4.35636307 0.06731241 -0.22879739 0.04002207 -0.97031903
1461161115.73590 5.50055675 -0.37784107 4.38563535 0.07672635 -0.19047919 0.03590598 -0.97802940
1461161115.81595 5.50235058 -0.38003896 4.40998872 0.08228960 -0.15227219 0.03454231 -0.98430099
1461161115.93591 5.51495228 -0.38475880 4.44599187 0.08087286 -0.12384242 0.02882988 -0.98858053
1461161116.03588 5.52801669 -0.38422691 4.48036553 0.08207283 -0.10562503 0.02919030 -0.99058333
1461161116.17638 5.55148363 -0.37488249 4.53754553 0.08541797 -0.10322268 0.03321380 -0.99042703
1461161116.31597 5.56566034 -0.36398302 4.60532784 0.08667935 -0.09246967 0.03696249 -0.99124660
1461161116.43592 5.57759034 -0.35610974 4.66660538 0.09788494 -0.09565604 0.04286900 -0.98966192
1461161116.53589 5.58723951 -0.35880157 4.72073797 0.08517286 -0.10640894 0.04074320 -0.98982964
1461161116.61591 5.59073492 -0.35923104 4.76154434 0.08527307 -0.10677855 0.03783523 -0.98989663
1461161116.69589 5.59125188 -0.35883774 4.80461468 0.08123279 -0.09800890 0.03479822 -0.99125404
1461161116.77579 5.59603754 -0.35484318 4.84672238 0.08327659 -0.10857814 0.03718213 -0.98989559
1461161116.89596 5.59630873 -0.34419099 4.91252649 0.08108740 -0.09997150 0.02680827 -0.99131824
1461161117.00146 5.60083305 -0.33343105 4.96862527 0.08067965 -0.09936597 0.02076007 -0.99155747
1461161117.07612 5.60479761 -0.32602766 5.01766370 0.07886144 -0.09244024 0.01491387 -0.99247834
1461161117.17655 5.61598468 -0.32181296 5.07446492 0.08279999 -0.09709089 -0.01092196 -0.99176521
1461161117.25773 5.63060091 -0.32540205 5.11673738 0.07712177 -0.11991421 -0.02777696 -0.98939439
1461161117.35838 5.64748708 -0.33064743 5.16251479 0.06686139 -0.15204941 -0.03826113 -0.98536624
1461161117.47649 5.67122956 -0.32900137 5.22311695 0.06858872 -0.18573184 -0.03486135 -0.97958356
1461161117.59579 5.69634982 -0.32537308 5.28913907 0.05891268 -0.21950380 -0.03288611 -0.97327585
1461161117.73571 5.72734007 -0.31522259 5.36765896 0.05513264 -0.26221127 -0.01642258 -0.96329432
1461161117.83617 5.75697750 -0.30773544 5.41398289 0.05707950 -0.31064949 -0.01838491 -0.94863102
1461161117.93641 5.78873182 -0.30378827 5.45363373 0.06013857 -0.35798254 -0.02679263 -0.93140432
1461161118.03654 5.82096818 -0.30465774 5.49265373 0.05087335 -0.39697647 -0.03358225 -0.91580228
1461161118.13581 5.85448218 -0.30692886 5.52915343 0.04043250 -0.43145575 -0.03868098 -0.90039710
1461161118.25761 5.89899210 -0.30860580 5.57388993 0.02676865 -0.45591742 -0.03904774 -0.88876207
1461161118.33593 5.93636422 -0.30733741 5.59401955 0.01602540 -0.49111771 -0.04328796 -0.86986937
1461161118.45642 5.99358266 -0.30441699 5.62942336 0.00022729 -0.52265161 -0.05919433 -0.85048885
1461161118.57571 6.05172514 -0.29969863 5.66272077 -0.00499598 -0.55687671 -0.08129694 -0.82659191
1461161118.67583 6.10210255 -0.29858596 5.68966282 0.00098295 -0.58664290 -0.08634545 -0.80522892
1461161118.77579 6.15029083 -0.30238353 5.70684211 -0.00439042 -0.61984525 -0.09139655 -0.77937107
1461161118.87574 6.19957480 -0.30452440 5.71948289 -0.01536496 -0.65273335 -0.09964133 -0.75084932
1461161118.97575 6.24804225 -0.30621398 5.73091649 -0.02853301 -0.68495572 -0.10541693 -0.72035325
1461161119.07582 6.29779528 -0.30587093 5.74255400 -0.04005639 -0.71352290 -0.11648426 -0.68971876
1461161119.15743 6.33757231 -0.30765023 5.75099060 -0.04734521 -0.74052739 -0.11957750 -0.65960506
1461161119.25764 6.38342569 -0.31094872 5.76208586 -0.03496553 -0.76199428 -0.11988715 -0.63542836
1461161119.35742 6.42871056 -0.32506567 5.77227272 -0.05092639 -0.77379344 -0.12080318 -0.61972317
1461161119.45748 6.47415248 -0.34240475 5.77877082 -0.06244978 -0.78496707 -0.11490865 -0.60557636
1461161119.55570 6.52617142 -0.35700663 5.78554665 -0.06778829 -0.78864984 -0.11310030 -0.60053684
1461161119.65575 6.57595753 -0.37144795 5.78795881 -0.07934947 -0.79385290 -0.11635902 -0.59157571
1461161119.75570 6.62782649 -0.38621835 5.79076730 -0.09246396 -0.79718412 -0.12465918 -0.58344492
1461161119.85575 6.67824681 -0.40286149 5.79185702 -0.09449799 -0.79978930 -0.13410405 -0.57742818
1461161119.95569 6.72118202 -0.42303629 5.78745946 -0.08737624 -0.81281486 -0.13463120 -0.55997485
1461161120.05602 6.75897743 -0.45255651 5.78251207 -0.09510833 -0.81950444 -0.13253069 -0.54936553
1461161120.15574 6.78328702 -0.48557467 5.76951043 -0.09268543 -0.83139666 -0.11711133 -0.53523260
1461161120.25769 6.78954647 -0.52168934 5.75180100 -0.09804354 -0.84928068 -0.09688579 -0.50963019
1461161120.35762 6.77983713 -0.55952656 5.73560325 -0.11833084 -0.86154871 -0.07815711 -0.48746601
1461161120.43567 6.76237987 -0.59219588 5.72664595 -0.14441574 -0.86588135 -0.06159406 -0.47497343
1461161120.51570 6.73714105 -0.62332574 5.71854998 -0.15961657 -0.87408105 -0.03544811 -0.45743667
1461161120.61571 6.70151096 -0.64845826 5.71248417 -0.18138692 -0.87865910 -0.01949508 -0.44122206
1461161120.75743 6.64990912 -0.64727524 5.70805401 -0.19410721 -0.88156285 -0.01781948 -0.42994396
1461161120.87569 6.60566392 -0.62049715 5.70115426 -0.18218493 -0.88663113 -0.02122586 -0.42455076
1461161120.95565 6.57789597 -0.58939927 5.69307213 -0.16951158 -0.89297192 -0.03646101 -0.41537642
1461161121.05748 6.54665401 -0.54980334 5.68692044 -0.15153197 -0.89426329 -0.04897239 -0.41824985
1461161121.13574 6.51688323 -0.51736436 5.67918390 -0.15311964 -0.89337092 -0.06732895 -0.41702469
1461161121.21574 6.48084428 -0.48524910 5.66760643 -0.14017967 -0.89957598 -0.07342314 -0.40708939
1461161121.29562 6.44201188 -0.45475129 5.65470993 -0.12291449 -0.90482931 -0.07519775 -0.40065102
1461161121.37565 6.40198285 -0.42826926 5.64237890 -0.11478265 -0.90542898 -0.08022091 -0.40073421
1461161121.46217 6.35812281 -0.40569876 5.63054638 -0.10959361 -0.90364590 -0.08370921 -0.40547023
1461161121.53566 6.31121408 -0.38475503 5.61736963 -0.09900103 -0.90418303 -0.08675994 -0.40635522
1461161121.61561 6.26771329 -0.36564207 5.60691367 -0.09577050 -0.89785723 -0.09541485 -0.41901839
1461161121.69557 6.22328042 -0.34798144 5.59842348 -0.08020446 -0.89317892 -0.09909524 -0.43125260
1461161121.77563 6.18092823 -0.33173147 5.58832375 -0.06712729 -0.89062166 -0.10555007 -0.43720267
1461161121.87553 6.13277353 -0.31259989 5.57475317 -0.05275982 -0.89038535 -0.11445389 -0.43741358
1461161121.95748 6.09975112 -0.29202669 5.56035748 -0.04791860 -0.89505366 -0.12655285 -0.42493191
1461161122.05741 6.06437883 -0.26429770 5.53956716 -0.03627426 -0.90343389 -0.14046573 -0.40343621
1461161122.15738 6.03550070 -0.24774955 5.51541492 -0.03558396 -0.91299733 -0.14437642 -0.37990144
1461161122.23555 6.01501708 -0.23609393 5.49314139 -0.03185865 -0.92490590 -0.14600013 -0.34959701
1461161122.31563 5.99786306 -0.22475617 5.46822040 -0.03253375 -0.93638431 -0.14686229 -0.31710793
1461161122.39562 5.98041379 -0.21669587 5.43966274 -0.03809020 -0.94991519 -0.14471705 -0.27434875
1461161122.45746 5.96145188 -0.21098512 5.41991331 -0.04782614 -0.95867760 -0.14890185 -0.23765136
1461161122.53557 5.94835981 -0.21418802 5.39351659 -0.05207403 -0.96879276 -0.14071936 -0.19729914
1461161122.59560 5.93562362 -0.21842478 5.37512312 -0.06061467 -0.97497352 -0.13358297 -0.16705717
1461161122.65732 5.92196045 -0.22118882 5.35833931 -0.06599032 -0.97893413 -0.13511221 -0.13812293
1461161122.73558 5.90541745 -0.23074038 5.33572645 -0.08178476 -0.98310538 -0.12617443 -0.10437948
1461161122.79559 5.89109604 -0.23171298 5.32054433 -0.08032539 -0.98497888 -0.13130713 -0.07824882
1461161122.89560 5.87277523 -0.23078426 5.29498088 -0.08709498 -0.98467172 -0.14090133 -0.05461582
1461161122.99558 5.86087737 -0.22904876 5.26438149 -0.09357905 -0.98403825 -0.14646553 -0.03820387
1461161123.09550 5.84657787 -0.22366170 5.23027612 -0.10246629 -0.98158704 -0.15927495 -0.02488042
1461161123.21553 5.83402093 -0.21607746 5.18558662 -0.10479041 -0.97876358 -0.17467278 -0.02302690
1461161123.33559 5.82312724 -0.21252179 5.13454932 -0.11390487 -0.97614321 -0.18357587 -0.02168001
1461161123.43554 5.81279372 -0.21571065 5.09030122 -0.12689954 -0.97412010 -0.18586129 -0.02102679
1461161123.51554 5.80565272 -0.22377147 5.05200618 -0.13591658 -0.97432187 -0.17832937 -0.02054769
1461161123.59555 5.79930845 -0.23309064 5.01317352 -0.14274700 -0.97462316 -0.17109965 -0.02139866
1461161123.65723 5.79298632 -0.24297089 4.98211277 -0.14701110 -0.97637784 -0.15727959 -0.01836233
1461161123.71568 5.78889180 -0.25138801 4.95052941 -0.15059620 -0.97765007 -0.14593629 -0.01495718
1461161123.77558 5.78730680 -0.25771093 4.91657630 -0.14751435 -0.97915559 -0.13782430 -0.02232271
1461161123.83559 5.78313176 -0.26389078 4.88132559 -0.14467441 -0.98093486 -0.12891279 -0.01475160
1461161123.89553 5.78200335 -0.27242720 4.84416934 -0.13862104 -0.98291823 -0.11990557 -0.01669175
1461161123.95734 5.77779503 -0.28469520 4.80507689 -0.13013137 -0.98630803 -0.10074586 -0.01060967
1461161124.05763 5.76460962 -0.30501875 4.74013556 -0.11527267 -0.99010620 -0.07884458 0.01361848
1461161124.17552 5.74438670 -0.32061197 4.65951134 -0.10692842 -0.99042222 -0.07008282 0.05213961
1461161124.31547 5.72730962 -0.34138798 4.56867139 -0.11560303 -0.98818123 -0.05651162 0.08330804
1461161124.47547 5.71475393 -0.35534665 4.47675924 -0.11659471 -0.98611454 -0.06138645 0.10107169
1461161124.67548 5.70508775 -0.37631882 4.35550355 -0.13002272 -0.98519190 -0.04159398 0.10373501
1461161124.83587 5.70706324 -0.39039795 4.25139984 -0.14109046 -0.98602927 -0.02941310 0.08351423
1461161124.99539 5.70776372 -0.40811578 4.14760491 -0.14830585 -0.98556594 -0.03719348 0.07267594
1461161125.15774 5.70705741 -0.43371464 4.04211168 -0.15003464 -0.98533029 -0.02933237 0.07585145
1461161125.27604 5.70854329 -0.45465740 3.95383146 -0.14117556 -0.98732302 -0.01137126 0.07164780
1461161125.37533 5.70412083 -0.46041042 3.87810340 -0.13408340 -0.98627806 -0.00776818 0.09600461
1461161125.47593 5.71264192 -0.47037934 3.79982264 -0.11966005 -0.98777546 0.00191489 0.09988717
1461161125.57590 5.70861946 -0.47841749 3.73085520 -0.11010572 -0.98730166 -0.00532183 0.11438461
1461161125.65725 5.70866752 -0.49113478 3.67299398 -0.11115296 -0.98555090 0.00056392 0.12780503
1461161125.73628 5.70856043 -0.49937765 3.61652396 -0.11053837 -0.98399262 -0.00575544 0.13966624
1461161125.81586 5.71031677 -0.50744183 3.55830583 -0.10842981 -0.98366796 -0.00637237 0.14352597
1461161125.89540 5.71052044 -0.51764909 3.50035350 -0.11563437 -0.98222737 0.00936746 0.14754771
1461161125.95753 5.70976462 -0.52160978 3.45541555 -0.12344305 -0.98082934 0.01476630 0.15005860
1461161126.01567 5.71439644 -0.52491853 3.40677091 -0.13043697 -0.98003378 0.01813376 0.14896692
1461161126.09549 5.70651631 -0.52765123 3.34932874 -0.13234746 -0.97891690 0.01687342 0.15466460
1461161126.17593 5.70517198 -0.52916929 3.29369881 -0.13875291 -0.97764869 0.00772552 0.15776878
1461161126.25752 5.70508900 -0.53575783 3.23984610 -0.14395812 -0.97656568 -0.00028073 0.15998581
1461161126.41541 5.70091397 -0.56111041 3.13661619 -0.15480854 -0.97276177 0.00950550 0.17227448
1461161126.53559 5.69333871 -0.57980495 3.05931131 -0.15019824 -0.96885989 0.03509100 0.19369985
1461161126.65746 5.68165917 -0.59219326 2.98176265 -0.14488125 -0.96337784 0.04957354 0.22012502
1461161126.75746 5.67092981 -0.59843797 2.91843911 -0.14799984 -0.95321595 0.04913509 0.25896167
1461161126.87530 5.64948972 -0.60993438 2.85091095 -0.14919541 -0.94199673 0.05373450 0.29579638
1461161126.99533 5.63082594 -0.62790701 2.78142156 -0.15169736 -0.93249234 0.06491538 0.32129727
1461161127.09545 5.60232034 -0.63903169 2.72797021 -0.13767321 -0.92083843 0.07280048 0.35749514
1461161127.21538 5.55748919 -0.64316755 2.66940290 -0.13089520 -0.90365507 0.08112862 0.39961496
1461161127.33531 5.50695366 -0.64661408 2.62468592 -0.12741546 -0.88013063 0.09929095 0.44640416
1461161127.47529 5.44745132 -0.64814800 2.57809323 -0.11831682 -0.86134187 0.09342079 0.48514315
1461161127.59532 5.39714330 -0.65356677 2.54432907 -0.11321575 -0.83975009 0.09485002 0.52249923
1461161127.71534 5.34615548 -0.65144106 2.50453753 -0.11832594 -0.82417618 0.08476655 0.54730907
1461161127.81528 5.30310161 -0.65142563 2.47249224 -0.10760333 -0.81182739 0.08079491 0.56818130
1461161127.91523 5.25858913 -0.65432156 2.44356484 -0.09393526 -0.79725965 0.07952036 0.59095663
1461161128.03593 5.20165666 -0.64799041 2.42315102 -0.07741201 -0.77298178 0.06291804 0.62653640
1461161128.13527 5.15227838 -0.64324978 2.41541799 -0.07743299 -0.74530706 0.05425269 0.65998346
1461161128.25718 5.08561772 -0.64082249 2.40832437 -0.08091054 -0.72109132 0.05745710 0.68569634
1461161128.37521 5.02148524 -0.63563898 2.39808939 -0.07516005 -0.70689893 0.06299079 0.70048342
1461161128.49529 4.95964054 -0.62669444 2.37610161 -0.07714025 -0.71089309 0.06575103 0.69595776
1461161128.69597 4.86247822 -0.60849012 2.34520129 -0.08946871 -0.71238684 0.04296616 0.69473322
1461161128.83517 4.78758805 -0.59759120 2.32168169 -0.11322278 -0.71777435 0.03765847 0.68597552
1461161128.95517 4.71289680 -0.58549069 2.30467496 -0.12522721 -0.72245217 0.03811557 0.67891694
1461161129.11556 4.60245103 -0.57388616 2.29131656 -0.11009158 -0.72343567 0.04383536 0.68014641
1461161129.25526 4.49900121 -0.55337909 2.28851609 -0.09463437 -0.72791813 0.02203871 0.67874431
1461161129.37523 4.40230321 -0.53703807 2.29520369 -0.09065996 -0.72130085 0.00653251 0.68663177
1461161129.49562 4.29954608 -0.52195313 2.30543834 -0.08915353 -0.71862411 -0.00116135 0.68965911
1461161129.59520 4.21077416 -0.51191982 2.31641319 -0.08132571 -0.72042356 0.01280586 0.68863055
1461161129.69525 4.12755067 -0.49958648 2.32520691 -0.07039612 -0.73004369 0.01768054 0.67953513
1461161129.79525 4.04731988 -0.48663440 2.33793637 -0.06246126 -0.72994276 0.00770947 0.68060468
1461161129.89530 3.97038458 -0.47863783 2.35347009 -0.06077989 -0.72549988 0.00016378 0.68553315
1461161129.99535 3.89504274 -0.47530013 2.36245440 -0.05914728 -0.72891756 0.00794085 0.68199540
1461161130.09518 3.81774558 -0.46248223 2.36735519 -0.05572324 -0.73712230 -0.00186370 0.67345539
1461161130.19515 3.73977894 -0.44525381 2.36944981 -0.04815053 -0.74763052 -0.00953826 0.66229839
1461161130.29524 3.66131232 -0.42781607 2.37214279 -0.03968180 -0.76044414 -0.01190316 0.64808054
1461161130.39511 3.58565521 -0.41158462 2.38110354 -0.03334446 -0.75206267 -0.01821351 0.65799556
1461161130.49512 3.51137768 -0.40054721 2.38712158 -0.03284536 -0.75131839 -0.01585619 0.65893129
1461161130.59532 3.44093581 -0.38199577 2.38367835 -0.04986406 -0.76080771 -0.03192169 0.64627100
1461161130.67513 3.38351245 -0.36734768 2.37908765 -0.05932719 -0.76586515 -0.04332322 0.63879101
1461161130.75721 3.32589317 -0.35755438 2.36781903 -0.05637149 -0.77663454 -0.04458641 0.62583792
1461161130.83563 3.26711996 -0.34654738 2.35736294 -0.05711707 -0.78019098 -0.04334937 0.62141814
1461161130.91553 3.21034030 -0.33735559 2.34262510 -0.06064125 -0.78790437 -0.04090480 0.61143776
1461161130.99511 3.15332018 -0.32909885 2.32771793 -0.06753185 -0.79224537 -0.03795411 0.60526540
1461161131.07512 3.09999860 -0.32008874 2.30582444 -0.07803000 -0.80134048 -0.04776962 0.59117072
1461161131.17523 3.03171316 -0.31622666 2.27785612 -0.07888687 -0.81298162 -0.05664447 0.57413340
1461161131.27543 2.96348936 -0.31511485 2.25149916 -0.07699263 -0.81754151 -0.05856820 0.56768635
1461161131.39515 2.88192575 -0.30912801 2.21857429 -0.07379978 -0.81889680 -0.05190850 0.56680432
1461161131.53505 2.78871920 -0.29268630 2.16691144 -0.07526968 -0.82372813 -0.04642496 0.56004568
1461161131.67514 2.70357379 -0.26781643 2.12032609 -0.09123647 -0.82249469 -0.06459720 0.55767876
1461161131.81512 2.61958277 -0.24478163 2.07993033 -0.10962124 -0.81277549 -0.09223765 0.56468699
1461161131.97505 2.53049055 -0.22695954 2.04799224 -0.12150838 -0.79738563 -0.09257524 0.58381649
1461161132.11508 2.45200207 -0.21775997 2.01893336 -0.11863095 -0.79041497 -0.08327196 0.59517783
1461161132.23509 2.38331185 -0.22025747 1.99306697 -0.09830685 -0.79464483 -0.08312672 0.59326663
1461161132.35698 2.32212376 -0.22583964 1.97022763 -0.09741144 -0.79709333 -0.07988993 0.59056822
1461161132.47507 2.26261204 -0.23167288 1.94720843 -0.10748923 -0.79026664 -0.06348661 0.59991179
1461161132.59505 2.20401741 -0.23012221 1.92542854 -0.12093111 -0.78597571 -0.05633462 0.60369220
1461161132.71509 2.14704000 -0.21992103 1.90549847 -0.13073756 -0.77628491 -0.06293002 0.61345680
1461161132.79541 2.11037409 -0.21368245 1.89589774 -0.13407743 -0.76281709 -0.05899142 0.62980421
1461161132.87502 2.07311652 -0.20352761 1.88972045 -0.14175788 -0.74156744 -0.05742944 0.65321076
1461161132.97509 2.02746736 -0.19113991 1.88388626 -0.14839236 -0.70795671 -0.05671993 0.68815685
1461161133.07511 1.98708039 -0.17576114 1.88130202 -0.15974755 -0.67131586 -0.06855186 0.72049732
1461161133.17512 1.94869419 -0.16353436 1.87961026 -0.17091036 -0.63464684 -0.07436995 0.74998810
1461161133.29505 1.90625999 -0.14810777 1.88280108 -0.18063663 -0.60339093 -0.08741539 0.77178257
1461161133.39504 1.87151905 -0.13683334 1.89491261 -0.18328613 -0.57355232 -0.09207267 0.79307412
1461161133.49503 1.83817304 -0.12710832 1.91091240 -0.17948479 -0.54753896 -0.09397210 0.81188394
1461161133.61501 1.79533305 -0.11547282 1.93076869 -0.18324675 -0.51893589 -0.08689425 0.83040687
1461161133.71499 1.75488522 -0.11071877 1.94662265 -0.18658448 -0.50120280 -0.07617470 0.84153395
1461161133.81500 1.71615601 -0.10599112 1.96424021 -0.19921632 -0.48032572 -0.07235374 0.85109635
1461161133.91495 1.67386534 -0.10899559 1.98544353 -0.19535252 -0.46209450 -0.05250100 0.86345221
1461161133.99516 1.64202042 -0.10847078 2.00324534 -0.19042129 -0.44376266 -0.05211478 0.87412727
1461161134.09504 1.60474346 -0.10234145 2.02643306 -0.19325907 -0.42233106 -0.05585845 0.88383666
1461161134.19492 1.56213427 -0.09622261 2.05149567 -0.18473737 -0.41031884 -0.06983214 0.89029996
1461161134.29495 1.51653607 -0.09250808 2.07844373 -0.16664529 -0.40680041 -0.08064109 0.89456123
1461161134.37505 1.47917691 -0.08860394 2.09911839 -0.15457527 -0.40065071 -0.08937834 0.89866401
1461161134.45679 1.44228313 -0.08669883 2.11971630 -0.14205430 -0.40439354 -0.08711462 0.89927609
1461161134.55684 1.39282168 -0.07934008 2.13954056 -0.14235368 -0.41681083 -0.09582616 0.89264859
1461161134.65668 1.34264477 -0.07272694 2.15967138 -0.13886720 -0.42764683 -0.10492784 0.88703113
1461161134.73501 1.30308039 -0.06590126 2.17532046 -0.13766943 -0.44133838 -0.11404220 0.87935314
1461161134.81498 1.26316872 -0.05583564 2.19612035 -0.13694236 -0.44819811 -0.12034089 0.87514760
1461161134.89505 1.22070590 -0.04378049 2.21752227 -0.13448517 -0.46105206 -0.12748941 0.86780827
1461161134.97510 1.17538626 -0.03112230 2.23671884 -0.13518871 -0.47887675 -0.12518199 0.85833009
1461161135.05495 1.13367261 -0.01827824 2.26038541 -0.13979142 -0.49393036 -0.11732143 0.85013342
1461161135.11496 1.10128834 -0.00539998 2.27350362 -0.15273623 -0.51437836 -0.12148289 0.83506195
1461161135.19498 1.06133619 0.01025214 2.28948908 -0.16348772 -0.53260593 -0.13621257 0.81917570
1461161135.25495 1.03070544 0.02106987 2.29622471 -0.17346041 -0.55487482 -0.14073754 0.80138528
1461161135.33488 0.99254041 0.03337764 2.30537350 -0.18042328 -0.57306124 -0.14672225 0.78582494
1461161135.41503 0.95537940 0.04489467 2.31464067 -0.18520832 -0.58515275 -0.15257054 0.77460724
1461161135.51497 0.90610704 0.05681506 2.32493912 -0.18020465 -0.60263040 -0.15753383 0.76127918
1461161135.61487 0.85583689 0.07306940 2.33394798 -0.18199231 -0.61657565 -0.17036647 0.74678546
1461161135.69496 0.81204552 0.08602351 2.34044670 -0.17825761 -0.62157439 -0.18114604 0.74098287
1461161135.77490 0.76944942 0.10259548 2.35414867 -0.17780245 -0.61721772 -0.19388836 0.74150919
1461161135.85487 0.72559846 0.11869702 2.36171132 -0.18294668 -0.61921567 -0.19703760 0.73775243
1461161135.93493 0.68670379 0.13360705 2.36357010 -0.18889762 -0.62739106 -0.20604099 0.72680483
1461161136.01493 0.64923020 0.14743063 2.36251037 -0.19779821 -0.63664205 -0.21011585 0.71513223
1461161136.09483 0.61090210 0.15829667 2.35615411 -0.20635479 -0.64764178 -0.21773444 0.70040669
1461161136.21486 0.55613050 0.16759096 2.35364394 -0.20190441 -0.66507419 -0.22186088 0.68387768
1461161136.31521 0.50841424 0.17706609 2.34573068 -0.20293611 -0.68171354 -0.22820476 0.66483545
1461161136.41488 0.45839291 0.18664314 2.33694986 -0.19882960 -0.69801417 -0.23226657 0.64753011
1461161136.49566 0.41642878 0.19444923 2.33007721 -0.19831947 -0.71360692 -0.23096901 0.63094205
1461161136.57578 0.37032211 0.19858823 2.32471518 -0.18870470 -0.72580945 -0.22595688 0.62171912
1461161136.65812 0.32619933 0.20247432 2.31446820 -0.18465078 -0.74043861 -0.22585689 0.60551087
1461161136.73488 0.28252064 0.20383886 2.30277514 -0.18102940 -0.75131525 -0.22060751 0.59505133
1461161136.81488 0.24342614 0.20314398 2.28472682 -0.18080360 -0.76874536 -0.22209299 0.57185255
1461161136.89482 0.20415418 0.19525064 2.26254274 -0.17066433 -0.78476018 -0.21916352 0.55406903
1461161136.97483 0.17382072 0.18412951 2.24429364 -0.15780145 -0.80183372 -0.21150087 0.53612384
1461161137.05661 0.14375651 0.17268045 2.22228999 -0.14249257 -0.81844580 -0.20516256 0.51744628
1461161137.15654 0.10826400 0.15797380 2.19327963 -0.12619975 -0.84048961 -0.18909787 0.49182603
1461161137.25671 0.07333999 0.14546069 2.16629123 -0.11169441 -0.85732411 -0.16810764 0.47356050
1461161137.35680 0.03699496 0.13995419 2.13692946 -0.09465695 -0.87272490 -0.15128372 0.45442772
1461161137.45676 0.00207248 0.14476181 2.09864852 -0.07243393 -0.89317353 -0.15985577 0.41405375
1461161137.55665 -0.03923476 0.14986937 2.06057551 -0.06949079 -0.90664849 -0.14680655 0.38936792
1461161137.65672 -0.07958521 0.15502688 2.01819756 -0.07232740 -0.91671639 -0.13392701 0.36940948
1461161137.75666 -0.10590415 0.15840509 1.97308673 -0.07414531 -0.92940860 -0.13318349 0.33610161
1461161137.87483 -0.13851175 0.15609804 1.91766963 -0.08167233 -0.93869463 -0.13528982 0.30639629
1461161137.99479 -0.16565853 0.14718856 1.87208458 -0.08338710 -0.94815161 -0.13429931 0.27571510
1461161138.11474 -0.19760368 0.13070416 1.81962842 -0.08774523 -0.95757555 -0.12884376 0.24238221
1461161138.23487 -0.24029054 0.10786013 1.76211928 -0.08631195 -0.96529421 -0.10401538 0.22346841
1461161138.35481 -0.29427343 0.08584356 1.70097227 -0.08971825 -0.97123479 -0.07014845 0.20912391
1461161138.47475 -0.35253955 0.07288944 1.63855894 -0.09599280 -0.97546829 -0.04897145 0.19196038
1461161138.61474 -0.41458492 0.05054521 1.57100980 -0.08508103 -0.98194306 -0.03775602 0.16469219
1461161138.73475 -0.46650398 0.00641148 1.52197564 -0.07375282 -0.98712661 -0.00877321 0.14164962
1461161138.85652 -0.53252234 -0.04955846 1.47795379 -0.07643839 -0.98774320 0.03428297 0.13170125
1461161138.97482 -0.60246176 -0.09167211 1.43305495 -0.06701618 -0.98768781 0.06309624 0.12649304
1461161139.09475 -0.68764094 -0.12588408 1.38401363 -0.05006968 -0.98764070 0.09343797 0.11544792
1461161139.21480 -0.79010640 -0.15601120 1.34504742 -0.04511931 -0.98524256 0.11474429 0.11872279
1461161139.31476 -0.88367347 -0.18146574 1.31903826 -0.05879372 -0.98182740 0.12347016 0.13158027
1461161139.41501 -0.97376162 -0.22094069 1.29891295 -0.06820798 -0.97893928 0.14446545 0.12710346
1461161139.51471 -1.07169346 -0.26466504 1.28925517 -0.08362610 -0.97207671 0.17371931 0.13377275
1461161139.61468 -1.16991942 -0.29781360 1.28750203 -0.07838143 -0.96773617 0.19646597 0.13690941
1461161139.71487 -1.27343932 -0.31783589 1.29524789 -0.07644020 -0.96169605 0.22160955 0.14208028
1461161139.81475 -1.37386244 -0.32555262 1.30742272 -0.07599817 -0.96033801 0.23045687 0.13734922
1461161139.89470 -1.45350054 -0.32933360 1.31929946 -0.07350186 -0.95864744 0.24198240 0.13052613
1461161139.97474 -1.53382676 -0.32509960 1.32434962 -0.07283609 -0.96220780 0.23314769 0.12038776
1461161140.05476 -1.61587727 -0.31981236 1.32874778 -0.07511262 -0.96378098 0.22888697 0.11443373
1461161140.13471 -1.69664109 -0.31518811 1.33580777 -0.07530946 -0.96491904 0.22269853 0.11689776
1461161140.21537 -1.77537410 -0.30355393 1.33865409 -0.06922629 -0.96703822 0.21703522 0.11375636
1461161140.29474 -1.85676451 -0.28462758 1.34183361 -0.07046463 -0.96759085 0.21303211 0.11584474
1461161140.37465 -1.93494164 -0.26225327 1.34536950 -0.05884936 -0.96910953 0.21280495 0.10989779
1461161140.45457 -2.01745531 -0.23538127 1.35345744 -0.04563016 -0.96822244 0.21214570 0.12432781
1461161140.53466 -2.09983409 -0.20751567 1.35941838 -0.05165175 -0.96817645 0.20026099 0.14093262
1461161140.63462 -2.19418341 -0.17690605 1.36756849 -0.05878181 -0.96951260 0.18712575 0.14688078
1461161140.73472 -2.28974176 -0.14252005 1.37708510 -0.07653933 -0.96894271 0.17296423 0.15929573
1461161140.83469 -2.38477391 -0.11497193 1.39857561 -0.07966870 -0.96706393 0.16739180 0.17441401
1461161140.95668 -2.49290024 -0.07262575 1.42619023 -0.07722020 -0.96811707 0.16086723 0.17580702
1461161141.07459 -2.58777153 -0.03133162 1.45602611 -0.07967778 -0.96922238 0.15715090 0.17193899
1461161141.19465 -2.66789876 0.00902927 1.47287213 -0.08922261 -0.97339281 0.13643959 0.16102795
1461161141.31465 -2.73983471 0.04894101 1.48405565 -0.08692152 -0.97865162 0.11229687 0.14857679
1461161141.43456 -2.81043481 0.09565341 1.49472107 -0.08782763 -0.98120640 0.09703222 0.14179233
1461161141.57449 -2.88331942 0.15778994 1.50499253 -0.07492125 -0.98433976 0.08841422 0.13283439
1461161141.71455 -2.93758835 0.21464571 1.51140619 -0.07142264 -0.98774214 0.08201735 0.11197068
1461161141.83493 -2.96200241 0.26069005 1.52267199 -0.07012176 -0.99336410 0.04896619 0.07689610
1461161141.93465 -2.97085118 0.28905337 1.53917508 -0.07548695 -0.99604659 0.02184913 0.04141884
1461161142.05650 -2.97125894 0.31056324 1.56391557 -0.08796298 -0.99596504 0.01486378 -0.00975831
1461161142.15637 -2.96822053 0.32895169 1.59002834 -0.06766400 -0.99624220 0.00929851 -0.05325978
1461161142.25658 -2.96200083 0.35086536 1.62023756 -0.05382642 -0.99370473 -0.00134045 -0.09824369
1461161142.37454 -2.94526393 0.38045657 1.65693448 -0.03875622 -0.98762256 -0.01747440 -0.15097774
1461161142.49454 -2.91069236 0.40671892 1.69821729 -0.02226686 -0.98103302 -0.04013413 -0.18832857
1461161142.63448 -2.85978027 0.43092214 1.73648613 -0.01903460 -0.97366439 -0.05540991 -0.22032950
1461161142.85733 -2.75094991 0.44525702 1.77433658 -0.01883550 -0.97772945 -0.06039565 -0.20010675
1461161142.99468 -2.64851810 0.42691130 1.79347363 -0.01272550 -0.97796699 -0.05178969 -0.20183276
1461161143.11453 -2.55325548 0.38992366 1.80571640 -0.04439314 -0.97764006 -0.03112615 -0.20317562
1461161143.23448 -2.44440851 0.35914854 1.81512423 -0.04852871 -0.97286279 -0.03861633 -0.22291645
1461161143.35625 -2.32364375 0.33020609 1.81358479 -0.04344521 -0.96839535 -0.02851367 -0.24394656
1461161143.47449 -2.19803905 0.30228410 1.80527605 -0.05695411 -0.96412456 -0.01585006 -0.25878339
1461161143.59452 -2.07370548 0.26843738 1.79297274 -0.08041189 -0.96015072 -0.00353331 -0.26764163
1461161143.71445 -1.95208566 0.23217027 1.78132116 -0.08984034 -0.95226321 -0.01217373 -0.29150522
1461161143.83441 -1.82967076 0.19372707 1.76392720 -0.09592241 -0.95128062 -0.00210383 -0.29301817
1461161143.95632 -1.69873846 0.15831331 1.74296625 -0.09478816 -0.94723859 0.00268554 -0.30618139
1461161144.07492 -1.57312968 0.12630367 1.71506055 -0.11192500 -0.94593794 0.02247117 -0.30359390
1461161144.21472 -1.43868667 0.09347006 1.67525183 -0.10251063 -0.94895426 0.04729294 -0.29451785
1461161144.37435 -1.29180432 0.05500906 1.61585451 -0.10171655 -0.95255578 0.04138527 -0.28386350
1461161144.51462 -1.16361478 0.02662621 1.55630749 -0.10067305 -0.94897690 0.03644029 -0.29661404
1461161144.65615 -1.03373769 0.02074675 1.48600778 -0.11369811 -0.94614442 0.03283802 -0.30133891
1461161144.77446 -0.94072560 0.01029014 1.41499542 -0.13190046 -0.94940672 0.03135971 -0.28327674
1461161144.89441 -0.84991600 -0.00895241 1.34611697 -0.12208501 -0.94844925 0.02105536 -0.29171209
1461161145.01460 -0.75678185 -0.02847214 1.28281464 -0.10701438 -0.94522178 0.02291582 -0.30753631
1461161145.13445 -0.67084296 -0.03345931 1.21502262 -0.10297744 -0.93912528 0.02429675 -0.32687769
1461161145.25621 -0.59866216 -0.02597359 1.14319561 -0.08191234 -0.94409831 0.02932047 -0.31797651
1461161145.39440 -0.52847795 -0.02868248 1.07281101 -0.06880497 -0.93747975 0.03152006 -0.33971177
1461161145.49451 -0.48346242 -0.02920919 1.03474976 -0.04661959 -0.92478816 0.02139569 -0.37700888
1461161145.57442 -0.44784925 -0.02281338 1.00918404 -0.02843360 -0.90786038 0.00833314 -0.41822436
1461161145.67434 -0.41334929 -0.01035149 0.97515170 -0.02039622 -0.88891528 -0.00046795 -0.45761709
1461161145.77438 -0.38812380 0.00411120 0.94196401 -0.00718900 -0.86450107 -0.00414991 -0.50256243
1461161145.85622 -0.37439259 0.01072886 0.91666076 -0.00628351 -0.84014607 -0.00923067 -0.54224524
1461161145.95614 -0.36455363 0.01185706 0.89274837 -0.00209193 -0.80238057 -0.01650546 -0.59658076
1461161146.05603 -0.35872755 0.00627693 0.86729224 0.00335508 -0.76798072 -0.02119945 -0.64011322
1461161146.27438 -0.33913417 -0.00552530 0.79638342 0.00844938 -0.71135941 -0.04374039 -0.70141512
1461161146.37435 -0.32131735 -0.00075891 0.75692670 0.02756205 -0.68561902 -0.04460504 -0.72606975
1461161146.49454 -0.29173315 0.00079801 0.69946554 0.03333722 -0.66597120 -0.03556599 -0.74438300
1461161146.59433 -0.26695688 -0.00345797 0.64865350 0.03043591 -0.64594960 -0.01805370 -0.76255940
1461161146.69448 -0.24228120 -0.00514719 0.60106001 0.02670615 -0.62757032 -0.01858644 -0.77787969
1461161146.79435 -0.22441085 -0.00462294 0.55441568 0.05077539 -0.61411878 -0.02402260 -0.78721210
1461161147.01432 -0.18591152 -0.01328506 0.47955301 0.08524333 -0.57026228 -0.01347048 -0.81691680
1461161147.13434 -0.16688080 -0.01443842 0.44679140 0.08703443 -0.54094221 -0.01029620 -0.83648103
1461161147.25431 -0.14194451 -0.00983399 0.41876251 0.09919116 -0.50639791 -0.00964971 -0.85652155
1461161147.37437 -0.10748808 -0.00716410 0.38117206 0.11025571 -0.47992691 -0.00844710 -0.87031172
1461161147.47429 -0.07201497 -0.01202458 0.34976725 0.10055519 -0.46163728 -0.01137032 -0.88127770
1461161147.57428 -0.03765084 -0.02227315 0.31942905 0.07659130 -0.45030746 -0.01380852 -0.88947529
1461161147.67427 -0.00022009 -0.03021855 0.28640075 0.05475844 -0.45920707 -0.02692617 -0.88623099
1461161147.89438 0.06362909 -0.03285155 0.22306798 0.04422811 -0.49269639 -0.04189895 -0.86806602
1461161148.05612 0.09930889 -0.02523487 0.19122377 0.05477901 -0.50596331 -0.04302142 -0.85973807
1461161148.35615 0.14242754 -0.02504997 0.16877648 0.06164480 -0.51769366 -0.04827712 -0.85197565
1461161148.55613 0.16508871 -0.03110886 0.14122782 0.05264264 -0.53334364 -0.05097171 -0.84271893
