1463226552.00546 -0.03429341 -0.43458659 1.02893762 0.18325634 -0.05615435 0.08734566 0.97756562
1463226552.20640 -0.03324291 -0.44096266 1.07749927 0.15429548 -0.02272126 0.08600548 0.98401205
1463226552.40711 -0.02217184 -0.45185707 1.14246609 0.13591838 0.00892271 0.08209681 0.98727235
1463226552.60513 -0.01062162 -0.45991749 1.20783216 0.09895567 0.03478936 0.05643639 0.99288086
1463226552.80512 0.01479242 -0.46456035 1.26605976 0.08711666 0.07215231 0.03545963 0.99294881
1463226552.90500 0.04105886 -0.46180034 1.29455110 0.04688569 0.09419850 0.03142376 0.99395217
1463226553.00667 0.07198262 -0.46055542 1.32134082 0.00871382 0.12079955 0.02376595 0.99235413
1463226553.13891 0.11375958 -0.46846914 1.35132689 -0.01233775 0.14975416 0.05656300 0.98702690
1463226553.27156 0.15635700 -0.48564132 1.38018425 -0.03224114 0.17453368 0.07333974 0.98138667
1463226553.40482 0.19049529 -0.51488352 1.41287119 -0.04995993 0.19391097 0.05245257 0.97834108
1463226553.53802 0.21749866 -0.55048931 1.44534470 -0.06512088 0.21093204 0.03148902 0.97482070
1463226553.67299 0.23950125 -0.59328648 1.47556740 -0.06507824 0.23138034 0.02363157 0.97039657
1463226553.80453 0.24858436 -0.64087735 1.50432660 -0.04598972 0.23940543 0.01474940 0.96971771
1463226553.97114 0.24012160 -0.69347567 1.53388527 -0.01707734 0.23746430 -0.00655712 0.97122401
1463226554.17091 0.20665700 -0.73628557 1.55865158 0.00263646 0.23817233 -0.02107070 0.97099074
1463226554.37082 0.14565532 -0.74662018 1.57639614 0.01836274 0.21949087 -0.01868012 0.97526285
1463226554.53862 0.07602498 -0.73814219 1.58640169 0.02160757 0.19939002 -0.02449709 0.97937563
1463226554.67263 0.00895135 -0.72467606 1.58607894 0.02381758 0.18222177 -0.01825042 0.98279951
1463226554.80416 -0.05939274 -0.70544946 1.57785194 0.02880183 0.17850464 -0.01254567 0.98343742
1463226554.93739 -0.12624564 -0.67777532 1.56190980 0.02790983 0.18028395 -0.00007986 0.98321856
1463226555.07055 -0.19455016 -0.64476238 1.54366209 0.01959135 0.15815928 0.00738935 0.98719158
1463226555.20377 -0.25274476 -0.60578172 1.52504040 0.00256468 0.13943835 0.00663697 0.99020519
1463226555.33902 -0.29952910 -0.56680168 1.50239725 -0.00384184 0.12168636 0.00772205 0.99253113
1463226555.47029 -0.33435176 -0.52762100 1.47148865 -0.00496212 0.11294385 -0.00101172 0.99358847
1463226555.57022 -0.36023314 -0.49590972 1.44111546 -0.01222084 0.09003263 -0.00582086 0.99584682
1463226555.67220 -0.38311594 -0.46360984 1.40522275 -0.02514249 0.06841666 -0.00495384 0.99732767
1463226555.77023 -0.40207715 -0.43316945 1.36666897 -0.03207812 0.05064552 -0.01580149 0.99807632
1463226555.87019 -0.41600897 -0.40329231 1.33093449 -0.04261990 0.03488934 -0.02370650 0.99820052
1463226556.00347 -0.42598428 -0.36938729 1.28245210 -0.04311459 0.01462653 -0.02708605 0.99859579
1463226556.13714 -0.42097382 -0.33727667 1.23202067 -0.04964277 0.00458455 -0.02621793 0.99841234
1463226556.27007 -0.40014684 -0.30784614 1.17686139 -0.05552813 0.00450732 -0.02971739 0.99800460
1463226556.36995 -0.37495622 -0.28928303 1.13330153 -0.05888746 0.01215870 -0.02681049 0.99783046
1463226556.46984 -0.34424299 -0.27359796 1.08512512 -0.06015251 0.02092268 -0.03523537 0.99734768
1463226556.56987 -0.30943458 -0.26039122 1.03754586 -0.06178660 0.02953602 -0.04400156 0.99668144
1463226556.66966 -0.26904389 -0.25107694 0.99304383 -0.06281535 0.04648724 -0.04095922 0.99610015
1463226556.76968 -0.22535514 -0.24191419 0.95083745 -0.06716744 0.06788757 -0.03385222 0.99485368
1463226556.86965 -0.18157901 -0.23523938 0.91321603 -0.07047682 0.08390622 -0.02713625 0.99360776
1463226556.96965 -0.13557134 -0.23151937 0.88142854 -0.06746143 0.10073036 -0.01685706 0.99248083
1463226557.06947 -0.08659103 -0.22914668 0.85234243 -0.06555115 0.11844230 -0.01064448 0.99073769
1463226557.20287 -0.01710977 -0.22937468 0.81749290 -0.05432985 0.13150707 -0.00296125 0.98982089
1463226557.30267 0.03859324 -0.22944300 0.79329957 -0.04802121 0.13781191 -0.00556095 0.98927798
1463226557.43629 0.11374193 -0.23178913 0.75650182 -0.04646857 0.14477054 -0.01030829 0.98831974
1463226557.56922 0.18403913 -0.23873957 0.72228426 -0.04367989 0.14746700 -0.01932675 0.98791297
1463226557.70342 0.24779848 -0.25328837 0.69745100 -0.03453700 0.16234964 -0.02487354 0.98581494
1463226557.87047 0.31235606 -0.28375488 0.68989854 -0.01635342 0.18117967 -0.02559518 0.98298086
1463226558.06911 0.37543872 -0.32172826 0.71512733 -0.00335851 0.20736857 -0.02069146 0.97803827
1463226558.43546 0.44283932 -0.41735500 0.84558043 -0.00047575 0.22951992 -0.03523326 0.97266592
1463226558.60213 0.44727668 -0.47416402 0.92195251 0.01455686 0.22877794 -0.03429874 0.97276531
1463226558.76865 0.43378257 -0.52517284 0.99882605 0.02399096 0.22208588 -0.03778907 0.97399912
1463226558.90200 0.40988291 -0.55679577 1.06427145 0.02640903 0.20632178 -0.05357670 0.97665932
1463226559.03523 0.38003512 -0.58187688 1.13467375 0.02740825 0.19566544 -0.05472729 0.97875878
1463226559.30188 0.30021963 -0.62230868 1.28611539 0.03925778 0.17388534 -0.05271541 0.98257000
1463226559.43507 0.25625016 -0.63984313 1.35443893 0.03862296 0.16344827 -0.04544553 0.98474750
1463226559.56828 0.20676625 -0.65642942 1.41278706 0.04058877 0.15424121 -0.04470811 0.98618628
1463226559.70180 0.15331660 -0.66385135 1.46610358 0.04048154 0.15234110 -0.04243991 0.98658618
1463226559.83480 0.09468486 -0.66602801 1.51019725 0.04428964 0.15405577 -0.03540629 0.98643380
1463226559.96808 0.04017098 -0.66037829 1.54638226 0.03255530 0.16408323 -0.02222281 0.98565866
1463226560.13466 -0.02004976 -0.64834978 1.58557201 0.03014444 0.17264161 -0.00166190 0.98452193
1463226560.30130 -0.06299830 -0.62209774 1.62037445 0.00492455 0.18550493 0.01093527 0.98257015
1463226560.50122 -0.08926870 -0.58147550 1.65946051 -0.02914385 0.18796181 0.01014742 0.98169141
1463226560.70138 -0.08377302 -0.53958874 1.70885512 -0.05857424 0.19807130 0.02167757 0.97819574
1463226560.90111 -0.06021375 -0.52095423 1.77681061 -0.07655778 0.21349903 0.02329209 0.97366039
1463226561.06764 -0.04137659 -0.51857085 1.83500726 -0.08263824 0.21199228 0.02682981 0.97340144
1463226561.63408 0.00089046 -0.51851772 1.86024488 -0.07957119 0.22547245 0.02762957 0.97060147
1463226561.80064 0.00177715 -0.52161336 1.80367262 -0.05702545 0.22499877 0.02985691 0.97223054
1463226561.93423 -0.00068655 -0.51766043 1.74186785 -0.05144128 0.22748261 0.02918815 0.97198431
1463226562.06711 -0.00881239 -0.50757545 1.67004811 -0.04688320 0.22780442 0.02421260 0.97227612
1463226562.16708 -0.01440770 -0.49793714 1.61101082 -0.04369280 0.23180235 0.01231635 0.97170310
1463226562.30034 -0.02083829 -0.48349065 1.53536422 -0.03907261 0.22315945 0.00420460 0.97398948
1463226562.43372 -0.02280310 -0.47667798 1.46751106 -0.03189348 0.21200112 -0.00138633 0.97674787
1463226562.56689 -0.01637600 -0.47225790 1.40543730 -0.01844550 0.19513967 -0.01033958 0.98054748
1463226562.70013 -0.00062420 -0.46002187 1.34469744 -0.01188275 0.17850236 -0.01705205 0.98371995
1463226562.83629 0.01794211 -0.43918116 1.28176117 -0.01524419 0.16235784 -0.04357376 0.98565150
1463226562.96738 0.03426874 -0.41788091 1.21265660 -0.02151005 0.15169911 -0.05968125 0.98638879
1463226563.09985 0.04566080 -0.39855451 1.14000081 -0.03115405 0.14528406 -0.05869520 0.98715594
1463226563.23324 0.05206315 -0.37776101 1.06493406 -0.03549921 0.15039732 -0.04227655 0.98708315
1463226563.36642 0.05159617 -0.35421676 0.98866952 -0.03661673 0.16040426 -0.02406407 0.98607840
1463226563.50155 0.04053486 -0.32962217 0.91251900 -0.02812771 0.15712571 -0.01583328 0.98705099
1463226563.63287 0.02534430 -0.30752401 0.84124057 -0.02529624 0.15783744 -0.01064136 0.98708369
1463226564.16768 0.00209821 -0.31750223 0.73052909 -0.02255626 0.15498479 0.00458243 0.98764869
1463226564.46587 0.00437234 -0.35040404 0.81447130 -0.00712385 0.15468009 0.01975968 0.98774130
1463226564.66580 0.01591197 -0.37367139 0.91650663 -0.00626822 0.15639411 0.02291234 0.98740904
1463226564.83235 0.02418087 -0.39743825 1.01827697 -0.00976325 0.14951465 0.02243663 0.98845670
1463226564.96580 0.02684995 -0.42151989 1.09624054 -0.01013002 0.14590345 0.02425656 0.98894954
1463226565.13223 0.03454484 -0.44538793 1.18610368 -0.02468827 0.15166445 0.02435903 0.98782338
1463226565.26556 0.04261608 -0.45413948 1.26164404 -0.04016681 0.15374165 0.02748885 0.98691159
1463226565.39890 0.05196587 -0.46174778 1.34349948 -0.05059722 0.16161212 0.03294412 0.98500565
1463226565.53210 0.06377765 -0.48019186 1.43290879 -0.04833691 0.17037375 0.03375102 0.98361435
1463226565.66732 0.07500925 -0.49997135 1.51472089 -0.05105945 0.17780185 0.03614068 0.98207601
1463226565.79915 0.08884852 -0.51764429 1.58699859 -0.04682279 0.18559395 0.03884930 0.98074117
1463226565.93184 0.11005128 -0.52644816 1.65333103 -0.05316242 0.20019608 0.02990912 0.97785517
1463226566.06512 0.13963502 -0.52690772 1.71782674 -0.06739649 0.21090793 0.02835458 0.97476745
1463226566.19840 0.17708882 -0.52614440 1.78762564 -0.07865102 0.21528062 0.01901958 0.97319398
1463226566.29869 0.20644776 -0.52654891 1.83812960 -0.08415175 0.22049317 0.00061397 0.97175144
1463226566.39828 0.23165104 -0.52343141 1.87912181 -0.11125367 0.23090695 -0.01196657 0.96652025
1463226566.69830 0.27935215 -0.52659415 1.98239107 -0.13638726 0.22243474 -0.01750806 0.96520193
1463226567.16455 0.29337699 -0.51553515 2.02077207 -0.14424378 0.23155512 0.00723593 0.96204137
1463226567.33117 0.28163196 -0.52265944 1.97783473 -0.13446435 0.21311737 0.01110165 0.96766579
1463226567.46434 0.26696800 -0.52680283 1.92795053 -0.11671845 0.19743081 -0.00256500 0.97334028
1463226567.56493 0.25404797 -0.52425635 1.88203850 -0.10771316 0.19310398 0.01125116 0.97518313
1463226567.66638 0.24022853 -0.51837554 1.83122788 -0.10383746 0.18293983 0.00895801 0.97758404
1463226567.76429 0.22547899 -0.51095896 1.77395202 -0.10341294 0.17894516 0.00662692 0.97838667
1463226567.86426 0.20918815 -0.50454800 1.71870831 -0.10402274 0.16128972 0.00455937 0.98139906
1463226568.00028 0.19494547 -0.49669445 1.65425937 -0.10514703 0.13756115 -0.00621782 0.98487683
1463226568.13075 0.18454139 -0.49346571 1.60218927 -0.08799625 0.10781430 -0.02222699 0.99001954
1463226568.26411 0.17743361 -0.48105424 1.55431744 -0.08012962 0.06420215 -0.04024940 0.99390005
1463226568.36400 0.17384028 -0.46498115 1.52029263 -0.08896609 0.02628986 -0.06987089 0.99323307
1463226568.46384 0.16753416 -0.44817698 1.48598136 -0.09660362 -0.01645404 -0.09714173 0.99043450
1463226568.56385 0.16107586 -0.43410685 1.44621538 -0.11039293 -0.04374500 -0.11384084 0.98637723
1463226568.66574 0.15250121 -0.42319994 1.40007769 -0.11454995 -0.07166774 -0.14317733 0.98042965
1463226568.76365 0.13088418 -0.41745370 1.35903702 -0.11028385 -0.10053973 -0.15853273 0.97601056
1463226568.86369 0.11188519 -0.40519699 1.31727352 -0.10674309 -0.11878108 -0.17356791 0.97178760
1463226568.96380 0.08851436 -0.39242365 1.27235271 -0.10143402 -0.13456908 -0.18539801 0.96810634
1463226569.06364 0.06035158 -0.37954727 1.22228346 -0.09183497 -0.14591994 -0.19001232 0.96652420
1463226569.16536 0.03232229 -0.36128814 1.16944326 -0.09080977 -0.14740376 -0.18080856 0.96816010
1463226569.26343 0.00159639 -0.34106665 1.11439851 -0.08600566 -0.15657593 -0.17250817 0.96867329
1463226569.36372 -0.03413613 -0.32030150 1.05682879 -0.08764189 -0.17181118 -0.17764637 0.96500859
1463226569.46337 -0.07411946 -0.30189814 1.00658435 -0.08609801 -0.19070129 -0.19375989 0.95847653
1463226569.63011 -0.15843943 -0.26508122 0.94021644 -0.08074005 -0.22397297 -0.21496817 0.94715671
1463226569.69682 -0.20109979 -0.24607574 0.91497822 -0.08125367 -0.23641932 -0.21830606 0.94331660
1463226569.76342 -0.24962604 -0.22480870 0.88853599 -0.08291540 -0.24775441 -0.21917087 0.94005687
1463226569.83300 -0.30198002 -0.20569423 0.86031621 -0.07951233 -0.25688737 -0.22154954 0.93733797
1463226569.89670 -0.35757828 -0.18961744 0.82841673 -0.07695622 -0.26568643 -0.22296818 0.93475861
1463226569.96324 -0.41434536 -0.17647156 0.79469268 -0.08420489 -0.27821944 -0.22013681 0.93115158
1463226570.03001 -0.47159676 -0.16820589 0.76246410 -0.08026774 -0.29686225 -0.22420715 0.92474918
1463226570.09653 -0.52896546 -0.16054156 0.72390757 -0.07670225 -0.31424041 -0.23516023 0.91655300
1463226570.16571 -0.58388910 -0.15396783 0.68732771 -0.06801120 -0.33078068 -0.24739774 0.90815911
1463226570.22961 -0.63982540 -0.14144367 0.65158166 -0.06333441 -0.34800322 -0.25511094 0.89988939
1463226570.29661 -0.69747367 -0.12310203 0.61484427 -0.05736656 -0.36760091 -0.25856983 0.89147086
1463226570.36319 -0.75482202 -0.10142444 0.57917462 -0.05335072 -0.38302685 -0.25697400 0.88566839
1463226570.42956 -0.81421491 -0.07819247 0.53802730 -0.05493329 -0.39205337 -0.25335701 0.88265889
1463226570.49843 -0.87032651 -0.06086045 0.49666547 -0.05162162 -0.39577285 -0.25638094 0.88032259
1463226570.56305 -0.92481149 -0.05021853 0.45319313 -0.05469279 -0.40116300 -0.25297617 0.87868083
1463226570.62951 -0.97954470 -0.04359471 0.40681729 -0.05039926 -0.41552782 -0.25135416 0.87270707
1463226570.69619 -1.03236567 -0.03411737 0.36078807 -0.05339847 -0.43564382 -0.25970528 0.86018384
1463226570.76285 -1.08395114 -0.02346615 0.31950239 -0.04464404 -0.44854297 -0.27201581 0.85019028
1463226570.83510 -1.13639748 -0.00480081 0.28078566 -0.04553460 -0.45906339 -0.27344109 0.84404821
1463226570.89612 -1.18988302 0.02023449 0.24421527 -0.04854709 -0.46845785 -0.27615687 0.83781132
1463226570.96267 -1.24701701 0.04639126 0.20949277 -0.04752019 -0.47744135 -0.27557707 0.83297591
1463226571.02938 -1.30597915 0.07244648 0.17717340 -0.05941196 -0.48477215 -0.26894340 0.83014193
1463226571.09602 -1.36555158 0.09373998 0.14281095 -0.05420266 -0.48875223 -0.27130627 0.82739122
1463226571.16407 -1.42277134 0.10908649 0.10456889 -0.07508127 -0.49113553 -0.26837537 0.82530198
1463226571.26265 -1.50978652 0.11699911 0.04699567 -0.06335225 -0.50496809 -0.28281117 0.81302617
1463226571.36549 -1.59213786 0.11917377 -0.00741931 -0.04473925 -0.51781580 -0.29984518 0.79997379
1463226571.46249 -1.67009784 0.13729605 -0.05465140 -0.04129207 -0.52548211 -0.30822275 0.79193576
1463226571.56237 -1.74591113 0.16928335 -0.09807338 -0.05079574 -0.52946533 -0.30664416 0.78933872
1463226571.66428 -1.82693177 0.19681683 -0.14746802 -0.04440525 -0.53634862 -0.30413729 0.78603998
1463226571.76233 -1.90816724 0.21399818 -0.19768065 -0.04032152 -0.53551541 -0.30558337 0.78626727
1463226571.86224 -1.98593847 0.21614029 -0.25528865 -0.02990043 -0.54351221 -0.29581632 0.78497971
1463226571.96342 -2.05718128 0.22499084 -0.30905858 -0.03105755 -0.54681450 -0.30549796 0.77890970
1463226572.06208 -2.12780823 0.24866439 -0.35705716 -0.03378384 -0.55136574 -0.31382767 0.77224780
1463226572.16375 -2.20348714 0.28318616 -0.40416291 -0.03444808 -0.56388789 -0.31211284 0.76382547
1463226572.26201 -2.29014180 0.31896932 -0.45573631 -0.03130975 -0.58060377 -0.30379060 0.75473852
1463226572.36189 -2.37857367 0.34558179 -0.51168238 -0.02649128 -0.58721921 -0.30162847 0.75066109
1463226572.46201 -2.46557928 0.35889475 -0.57872184 -0.01892025 -0.60327542 -0.30499685 0.73666662
1463226572.56196 -2.54485319 0.36787097 -0.64675555 -0.01890809 -0.61549679 -0.31706349 0.72130224
1463226572.66382 -2.62058699 0.38834664 -0.71085172 -0.00658873 -0.62819647 -0.32914591 0.70497429
1463226572.79515 -2.71948360 0.43411318 -0.79357193 -0.00547193 -0.64280357 -0.31904301 0.69640877
1463226572.92838 -2.81975383 0.47071104 -0.88177847 0.00848627 -0.65158154 -0.30607205 0.69403846
1463226573.02829 -2.88811811 0.48286451 -0.94965567 0.00619368 -0.65112434 -0.29285577 0.70016728
1463226573.16371 -2.97096468 0.49525880 -1.03749468 0.00085479 -0.65466785 -0.29124783 0.69755571
1463226573.32986 -3.07215304 0.54712732 -1.13278195 0.00033825 -0.65880513 -0.29895118 0.69036504
1463226573.46149 -3.16550581 0.60118509 -1.20604767 -0.00215074 -0.66908290 -0.28282640 0.68726463
1463226573.59474 -3.27185806 0.64223564 -1.29065186 -0.00070534 -0.67718603 -0.27656692 0.68185726
1463226573.69462 -3.34833595 0.64860385 -1.36657480 0.02277440 -0.68978149 -0.27828218 0.66801336
1463226573.79483 -3.42478327 0.65443669 -1.44102029 0.02077193 -0.70482639 -0.27861046 0.65204639
1463226573.89454 -3.49340561 0.67283899 -1.51735385 0.02680968 -0.72524192 -0.27635604 0.63002598
1463226573.99619 -3.56139672 0.70593781 -1.59218794 0.01884530 -0.74302331 -0.26174249 0.61567206
1463226574.12784 -3.65528955 0.74582425 -1.69156558 0.03057591 -0.74957496 -0.24372310 0.61465563
1463226574.26126 -3.74262645 0.75961551 -1.78414203 0.04784998 -0.73332501 -0.25535207 0.62828348
1463226574.39442 -3.82298704 0.76485053 -1.86825463 0.05493427 -0.72425212 -0.26187754 0.63550078
1463226574.52752 -3.90952896 0.79770024 -1.93799403 0.05566228 -0.71339955 -0.24889349 0.65269811
1463226574.66277 -4.01511846 0.84612414 -2.01450044 0.04441108 -0.72052201 -0.21259928 0.65854175
1463226574.76217 -4.10673995 0.87269397 -2.07869682 0.06207000 -0.72627169 -0.19836893 0.65523012
1463226574.86118 -4.19387473 0.89157598 -2.14916018 0.02832662 -0.72814214 -0.20260694 0.65418427
1463226574.99603 -4.29997469 0.90532428 -2.24312655 0.04827398 -0.72571946 -0.20869048 0.65379597
1463226575.12952 -4.40097149 0.94993378 -2.33666122 0.06220486 -0.73446558 -0.20405243 0.64424644
1463226575.26055 -4.50033116 0.99999899 -2.42796548 0.06765953 -0.73088699 -0.19384676 0.65088388
1463226575.39390 -4.59017580 1.02680653 -2.52832264 0.07090517 -0.71638792 -0.19978407 0.66471583
1463226575.52703 -4.67428471 1.04117519 -2.61804643 0.06287479 -0.71112369 -0.20103743 0.67077105
1463226575.66390 -4.76288770 1.09138341 -2.70759034 0.05966483 -0.71728209 -0.21756396 0.65925142
1463226575.79370 -4.86049556 1.15857201 -2.80713850 0.06177762 -0.73770903 -0.22907916 0.63205352
1463226575.92708 -4.96169048 1.19911512 -2.92446901 0.07316449 -0.75000930 -0.23208776 0.61503519
1463226576.02698 -5.03305763 1.21054233 -3.01628224 0.08626705 -0.76143959 -0.23151727 0.59930585
1463226576.12750 -5.09241498 1.23112657 -3.10667035 0.09169213 -0.77747658 -0.26121957 0.56470086
1463226576.22673 -5.14594219 1.27716692 -3.18811927 0.08622655 -0.78655005 -0.28564976 0.54065537
1463226576.36016 -5.21148906 1.34517288 -3.29629094 0.08115277 -0.80009388 -0.29234256 0.51749381
1463226576.46009 -5.26119871 1.38359475 -3.38862206 0.09109387 -0.81058582 -0.30234230 0.49319537
1463226576.59357 -5.32173943 1.41495676 -3.50556576 0.07843338 -0.81595007 -0.31036994 0.48139815
1463226576.69323 -5.35932885 1.43822472 -3.59315892 0.07416110 -0.82320531 -0.32319418 0.46084561
1463226576.79310 -5.39976816 1.48404276 -3.68522309 0.07082450 -0.83309770 -0.32983528 0.43833868
1463226576.89348 -5.44011591 1.53690793 -3.77028191 0.06886629 -0.84191061 -0.33040961 0.42103853
1463226576.99513 -5.48400489 1.58639407 -3.86501691 0.04844041 -0.85404650 -0.33010916 0.39910656
1463226577.09318 -5.52595314 1.62038919 -3.96352494 0.02236501 -0.86142845 -0.34022073 0.37641823
1463226577.19416 -5.56707254 1.64109820 -4.06274162 0.00763776 -0.86639332 -0.34702159 0.35899902
1463226577.29297 -5.60211154 1.66517727 -4.15993720 0.01132459 -0.87294264 -0.35226858 0.33726807
1463226577.39285 -5.63021766 1.70680171 -4.25574809 0.01641073 -0.88183512 -0.35230707 0.31301317
1463226577.49541 -5.65773820 1.75204376 -4.35846317 0.02197392 -0.89507495 -0.34211460 0.28515889
1463226577.59289 -5.68919999 1.78341575 -4.47083261 0.04499438 -0.90598169 -0.32846546 0.26321686
1463226577.69269 -5.71270754 1.79791887 -4.57573367 0.04937486 -0.91247723 -0.31769477 0.25301671
1463226577.79268 -5.73561444 1.81271567 -4.68332270 0.04234643 -0.91777559 -0.31609489 0.23659832
1463226577.89257 -5.75876391 1.84369012 -4.79299949 0.04359060 -0.92336428 -0.31662151 0.21271831
1463226577.99449 -5.78142575 1.89006501 -4.90038230 0.04097186 -0.92788725 -0.31534138 0.19469558
1463226578.09257 -5.80085043 1.93519295 -5.01000864 0.03819330 -0.93602187 -0.30668902 0.16836320
1463226578.19234 -5.81869256 1.96748120 -5.12229532 0.03468019 -0.94239685 -0.29770748 0.14851167
1463226578.29244 -5.83108695 1.98246749 -5.23980427 0.05150141 -0.95005161 -0.28532889 0.11548578
1463226578.39242 -5.83616015 1.99685366 -5.35134730 0.05858888 -0.95216593 -0.28761378 0.08500413
1463226578.52561 -5.83368413 2.03920772 -5.48799061 0.06289588 -0.95469840 -0.28690629 0.04774791
1463226578.62562 -5.82784071 2.07632054 -5.58995608 0.06721338 -0.95972070 -0.27186553 0.02253142
1463226578.75879 -5.82371269 2.11709330 -5.72457825 0.06911783 -0.96339541 -0.25898903 0.00408487
1463226578.89234 -5.82129794 2.14787160 -5.84809761 0.05885265 -0.96070632 -0.27124409 -0.00252494
1463226579.05870 -5.82399948 2.18703569 -5.99643095 0.04869922 -0.96113124 -0.27162182 -0.00875818
1463226579.19200 -5.82643379 2.23553781 -6.12050860 0.04359159 -0.96480719 -0.25852937 -0.02023440
1463226579.32548 -5.83215531 2.28015695 -6.25040695 0.03943585 -0.96668180 -0.25166076 -0.02525811
1463226579.45892 -5.83126591 2.30380111 -6.37089414 0.04385777 -0.96205399 -0.26528423 -0.04639919
1463226579.62662 -5.82535122 2.32677580 -6.52052947 0.03339032 -0.96613277 -0.24984308 -0.05523581
1463226579.79162 -5.82047339 2.38244375 -6.67838129 0.03231997 -0.96960907 -0.23547137 -0.05802500
1463226579.92493 -5.82484319 2.41238142 -6.81332623 0.02720465 -0.97235316 -0.22655979 -0.04959742
1463226580.05816 -5.83753697 2.43303284 -6.94258250 0.01486523 -0.97230009 -0.23130113 -0.03018862
1463226580.22470 -5.84928133 2.47722912 -7.09131893 0.01196508 -0.97281025 -0.22870470 -0.03451391
1463226580.35806 -5.86337400 2.53008548 -7.22110328 0.02133275 -0.97596657 -0.21227008 -0.04444748
1463226580.49129 -5.87688943 2.57193524 -7.36402186 0.02003242 -0.97781299 -0.20141666 -0.05396099
1463226580.62453 -5.88781239 2.58746149 -7.50292163 0.02553234 -0.97771041 -0.19558646 -0.07194711
1463226580.75774 -5.89732159 2.61016873 -7.63043285 0.01674193 -0.97773409 -0.19393142 -0.07839878
1463226580.89115 -5.90241294 2.65435789 -7.75666698 0.01900559 -0.97975581 -0.17982972 -0.08589879
1463226581.02436 -5.91036396 2.69775568 -7.88572192 0.02478268 -0.98121219 -0.16776691 -0.09199300
1463226581.16095 -5.91965581 2.73291546 -7.99896069 0.02426408 -0.97783040 -0.18772553 -0.08954382
1463226581.25771 -5.92454439 2.76124051 -8.06821313 0.03070731 -0.97069858 -0.21401307 -0.10487961
1463226581.39113 -5.92910966 2.81234774 -8.16290562 0.03030172 -0.96588895 -0.21978422 -0.13354861
1463226581.52407 -5.93141819 2.86757005 -8.27874777 0.01563478 -0.96696813 -0.20356129 -0.15261383
1463226581.62413 -5.93623696 2.89310674 -8.37546197 0.01064762 -0.96844521 -0.17303543 -0.17905095
1463226581.72421 -5.93744581 2.91055326 -8.47158836 0.01325326 -0.96216956 -0.16919922 -0.21313308
1463226581.85737 -5.93692424 2.92737996 -8.58833031 0.01344063 -0.95505714 -0.18011053 -0.23504342
1463226581.99255 -5.92666701 2.95892430 -8.69702073 0.01129085 -0.95144375 -0.17124183 -0.25554557
1463226582.12391 -5.91672496 3.00936604 -8.80652823 0.01577802 -0.94846089 -0.16430211 -0.27051396
1463226582.22390 -5.90433808 3.03521925 -8.88809166 0.01427090 -0.94444303 -0.15184717 -0.29114625
1463226582.32560 -5.89158678 3.05186141 -8.97252660 0.01577165 -0.93961033 -0.15582553 -0.30430592
1463226582.42372 -5.87452356 3.06701001 -9.04782941 0.01078304 -0.93165194 -0.16559827 -0.32324232
1463226582.52390 -5.85201173 3.09498340 -9.11762059 0.01560214 -0.92330251 -0.18773704 -0.33469964
1463226582.62353 -5.81817644 3.12652587 -9.18301205 0.01577529 -0.91398045 -0.18614684 -0.36019470
1463226582.75707 -5.77106127 3.17525616 -9.28060790 0.02608737 -0.90653282 -0.17669562 -0.38248706
1463226582.89021 -5.72948113 3.20163609 -9.37783123 0.01290858 -0.90779629 -0.17070643 -0.38288194
1463226583.02360 -5.69175977 3.21257734 -9.47123151 0.00819221 -0.90900318 -0.16842149 -0.38115654
1463226583.15847 -5.65257334 3.23085228 -9.55386170 -0.00861725 -0.91012715 -0.18152506 -0.37234790
1463226583.28998 -5.60878006 3.26246393 -9.63003419 -0.01284276 -0.91280328 -0.18169066 -0.36553214
1463226583.42312 -5.55867234 3.29373883 -9.70961779 -0.00753668 -0.91167928 -0.18206296 -0.36828952
1463226583.55695 -5.50879559 3.30434307 -9.79807431 -0.00530550 -0.91610974 -0.16978563 -0.36316338
1463226583.65637 -5.48251312 3.30586969 -9.87213004 0.00458361 -0.92576197 -0.15409615 -0.34525085
1463226583.75635 -5.46259864 3.31476712 -9.95011262 0.01092765 -0.93147464 -0.14951646 -0.33148214
1463226583.85639 -5.44088652 3.31586713 -10.03791723 -0.00125642 -0.93498528 -0.12904385 -0.33037649
1463226583.92293 -5.42274259 3.31504804 -10.09260826 -0.00627929 -0.93238440 -0.11860178 -0.34139936
1463226583.98953 -5.39847671 3.31122452 -10.14888856 -0.02686669 -0.92195284 -0.11056422 -0.37021168
1463226584.05612 -5.36922141 3.30367602 -10.20278357 -0.02894823 -0.90308308 -0.09907093 -0.41687876
1463226584.12294 -5.33677547 3.29055005 -10.25729374 -0.03720664 -0.88471981 -0.07461838 -0.45860509
1463226584.18954 -5.30592337 3.27786363 -10.31025641 -0.02250549 -0.87157938 -0.05324216 -0.48683484
1463226584.25611 -5.27329309 3.26110660 -10.35481948 -0.01376477 -0.84892428 -0.03317221 -0.52729281
1463226584.32487 -5.24305374 3.24447596 -10.39394315 -0.00183772 -0.82813487 -0.01841728 -0.56022323
1463226584.42263 -5.20040292 3.22240983 -10.44716977 0.01409937 -0.81028082 -0.00361399 -0.58586102
1463226584.52290 -5.15628584 3.20402364 -10.49561108 0.02536160 -0.79531304 0.02033053 -0.60532688
1463226584.62253 -5.10987477 3.19040833 -10.53723673 0.02997448 -0.78041145 0.05035544 -0.62251412
1463226584.72252 -5.05731851 3.18234999 -10.57308507 0.04736808 -0.76714670 0.08776551 -0.63367139
1463226584.78925 -5.01989933 3.17675653 -10.59147013 0.05404452 -0.74802293 0.12105156 -0.65029794
1463226584.88918 -4.96861344 3.16865603 -10.61858996 0.06152237 -0.72796110 0.14992658 -0.66619041
1463226584.99160 -4.92490041 3.15721768 -10.64267102 0.05730613 -0.70437321 0.17245727 -0.68617263
1463226585.08917 -4.88898359 3.14265269 -10.65604380 0.06970750 -0.66819966 0.19348611 -0.71499175
1463226585.18894 -4.85665744 3.12631253 -10.66649880 0.05068217 -0.63308292 0.21958900 -0.74055250
1463226585.28926 -4.82010573 3.12177497 -10.67863464 0.05005285 -0.60326623 0.24020637 -0.75885800
1463226585.38943 -4.78194602 3.11772867 -10.69249899 0.04517731 -0.58162421 0.26621232 -0.76733519
1463226585.49105 -4.74634881 3.10699763 -10.70947051 0.02592192 -0.55826764 0.28666359 -0.77813192
1463226585.58947 -4.71124941 3.09187947 -10.72933574 0.00404777 -0.53058347 0.30363901 -0.79137105
1463226585.68880 -4.67571261 3.08000636 -10.74118765 0.01246765 -0.49163647 0.32027147 -0.80966927
1463226585.82200 -4.63259466 3.06629935 -10.74949661 0.00604753 -0.45914001 0.33975289 -0.82080561
1463226585.98855 -4.57987298 3.06132831 -10.74756263 -0.00207821 -0.41759545 0.36225490 -0.83329533
1463226586.18979 -4.50499271 3.05961351 -10.74689341 -0.00738695 -0.39883590 0.38981360 -0.83001248
1463226586.35519 -4.43512807 3.04798070 -10.73819198 -0.01763323 -0.37307437 0.40628687 -0.83392779
1463226586.52175 -4.37722589 3.03771991 -10.73534457 -0.02481491 -0.35740675 0.40443494 -0.84147312
1463226586.75482 -4.31712613 3.03510847 -10.72737847 -0.03246780 -0.33253677 0.41086400 -0.84826641
1463226587.02165 -4.24574900 3.03432581 -10.72392352 -0.05604647 -0.30110069 0.42869303 -0.84995262
1463226587.22135 -4.17851605 3.01229362 -10.71879963 -0.05525575 -0.26966188 0.43756618 -0.85601700
1463226587.45447 -4.12228570 2.96871961 -10.70794507 -0.06450099 -0.22562577 0.45114898 -0.86104427
1463226587.75433 -4.04732657 2.93999819 -10.67287790 -0.06875763 -0.20429904 0.43820527 -0.87264565
1463226587.99015 -3.95617108 2.92952014 -10.62097212 -0.06580191 -0.20839995 0.41880606 -0.88138587
1463226588.15604 -3.89269478 2.91340907 -10.57574744 -0.07080065 -0.21594754 0.39641894 -0.88949759
1463226588.32064 -3.83464216 2.90316643 -10.53968965 -0.06713419 -0.23472622 0.36517137 -0.89835765
1463226588.52073 -3.76721034 2.89807038 -10.50127804 -0.07414320 -0.26046538 0.31453393 -0.90979612
1463226588.68870 -3.68913459 2.90024733 -10.46553665 -0.08592065 -0.29613526 0.27895872 -0.90945235
1463226588.78713 -3.64265510 2.90268290 -10.45235841 -0.09598525 -0.33093298 0.24397356 -0.90650267
1463226588.88718 -3.58327909 2.90016015 -10.44065357 -0.11696539 -0.37111160 0.19347282 -0.90064618
1463226589.02042 -3.50734815 2.89977928 -10.42188306 -0.12159846 -0.39690281 0.14318804 -0.89843150
1463226589.12027 -3.45497810 2.90330053 -10.41424744 -0.10164005 -0.41193432 0.12065611 -0.89745280
1463226589.22054 -3.40803588 2.91225738 -10.40846702 -0.08506814 -0.41748164 0.08039582 -0.90111542
1463226589.35360 -3.35239176 2.92829637 -10.40735061 -0.05822672 -0.43125722 0.04741491 -0.89909882
1463226589.45403 -3.31309544 2.94301631 -10.40703202 -0.04233788 -0.45738695 0.03966973 -0.88737309
1463226589.55362 -3.27552123 2.96215293 -10.40433742 -0.02732451 -0.48375525 0.02829428 -0.87431897
1463226589.68665 -3.22176199 2.98526556 -10.40194489 -0.00961885 -0.52180575 0.01752251 -0.85283011
1463226589.78664 -3.19134272 2.99573099 -10.40716021 -0.00617878 -0.54632695 0.01113682 -0.83747517
1463226589.92033 -3.15746899 3.01583120 -10.41515568 0.00699179 -0.57596444 -0.00862831 -0.81739931
1463226590.05481 -3.13152795 3.04072240 -10.42661164 0.02354178 -0.60213193 -0.03106979 -0.79744442
1463226590.21976 -3.10622783 3.07658817 -10.44191586 0.04310856 -0.63531298 -0.03778570 -0.77012422
1463226590.35306 -3.08081848 3.11065815 -10.45549665 0.05545489 -0.66304707 -0.05782492 -0.74427792
1463226590.48644 -3.04889665 3.14280180 -10.46747113 0.05312169 -0.68574031 -0.09675438 -0.71942818
1463226590.61988 -3.01148335 3.16824265 -10.48279144 0.04620678 -0.71957364 -0.12546083 -0.68142372
1463226590.75300 -2.97961036 3.18462103 -10.49540926 0.03776974 -0.74953761 -0.14431452 -0.64493421
1463226590.88615 -2.95199488 3.19493959 -10.51173199 0.02058597 -0.77610850 -0.17565051 -0.60529226
1463226591.05271 -2.92973137 3.20337839 -10.53677727 0.02171535 -0.80040119 -0.19119730 -0.56774112
1463226591.21941 -2.90565322 3.22118368 -10.56678025 0.02745034 -0.81599873 -0.21858981 -0.53442591
1463226591.35258 -2.87334723 3.23468329 -10.60074298 0.02483019 -0.83520738 -0.22360177 -0.50181107
1463226591.45261 -2.83931367 3.24376748 -10.63359746 0.02620449 -0.85396758 -0.21970219 -0.47093910
1463226591.51920 -2.81213060 3.24844090 -10.66035347 0.03678676 -0.86901835 -0.21317588 -0.44498301
1463226591.58590 -2.78465370 3.24754460 -10.68744430 0.03231770 -0.88014871 -0.20806992 -0.42544179
1463226591.68574 -2.75270093 3.24112687 -10.72632395 0.03379334 -0.89371685 -0.20650110 -0.39684442
1463226591.78569 -2.72719116 3.23073377 -10.76294331 0.03206259 -0.90297112 -0.20415874 -0.37674176
1463226591.91906 -2.69933069 3.21903718 -10.80987721 0.01662263 -0.91318131 -0.21116553 -0.34818487
1463226592.05217 -2.66411775 3.21794935 -10.85830284 0.01131310 -0.92015696 -0.21046270 -0.32998279
1463226592.18554 -2.62639241 3.23154102 -10.91141650 -0.00635122 -0.92846264 -0.21175572 -0.30508410
1463226592.31894 -2.58360200 3.25122292 -10.97601100 -0.01677083 -0.93368297 -0.21309914 -0.28730402
1463226592.41881 -2.54762453 3.26302080 -11.03406389 -0.02152797 -0.93791193 -0.21371353 -0.27236793
1463226592.55245 -2.50558235 3.26571574 -11.10217715 -0.00817407 -0.93824969 -0.22452361 -0.26307765
1463226592.68520 -2.47005565 3.25493851 -11.16606556 0.01287324 -0.94123285 -0.21882055 -0.25696802
1463226592.82029 -2.44144589 3.25387208 -11.22757578 0.01102219 -0.94693754 -0.21769438 -0.23621379
1463226592.98738 -2.39286499 3.26611820 -11.30149833 0.02626079 -0.94870445 -0.21277649 -0.23237125
1463226593.11841 -2.33963339 3.27859964 -11.36390363 0.01820993 -0.95272104 -0.20628296 -0.22234738
1463226593.25157 -2.28841141 3.28602940 -11.42026906 0.01837176 -0.95711370 -0.20241823 -0.20645265
1463226593.41808 -2.24398797 3.28923676 -11.47565639 -0.02819299 -0.95680108 -0.23296187 -0.17165551
1463226593.58480 -2.20476905 3.28895481 -11.53521262 -0.05021663 -0.96104697 -0.22409835 -0.15377561
1463226593.78486 -2.15042638 3.32194080 -11.60147098 -0.08013856 -0.96004963 -0.22609570 -0.14409460
1463226593.91805 -2.11466422 3.35464670 -11.66660522 -0.11119918 -0.95870209 -0.23413389 -0.11707422
1463226594.01780 -2.09276310 3.37074345 -11.72666573 -0.10912195 -0.96410837 -0.22746231 -0.08275479
1463226594.18461 -2.04731291 3.38051653 -11.81526972 -0.13972204 -0.95949082 -0.23509059 -0.06773137
1463226594.38571 -1.99989087 3.37997692 -11.90385575 -0.16466739 -0.95414469 -0.24362714 -0.05602128
1463226594.61761 -1.95036263 3.40633543 -12.01181825 -0.17005513 -0.95712257 -0.22971640 -0.04720175
1463226594.78414 -1.91690627 3.44027860 -12.11548679 -0.17801936 -0.95940790 -0.21806073 -0.01717888
1463226594.95081 -1.89250510 3.45149252 -12.21423781 -0.19051227 -0.95715630 -0.21746131 0.01635433
1463226595.11744 -1.88833046 3.44285063 -12.29665360 -0.20020098 -0.95651587 -0.20664140 0.04791969
1463226595.35063 -1.89073520 3.45905238 -12.39729842 -0.19648126 -0.95568381 -0.20338668 0.08183783
1463226595.58383 -1.89163730 3.51323966 -12.50839346 -0.20053848 -0.95285095 -0.19741047 0.11352751
1463226595.78366 -1.89369703 3.55455295 -12.62834783 -0.20672743 -0.94952287 -0.18897605 0.14127326
1463226596.01690 -1.90178448 3.56646587 -12.73046220 -0.20804820 -0.94716725 -0.18816656 0.15551043
1463226596.21683 -1.93887065 3.57893726 -12.79004052 -0.18382322 -0.94050933 -0.20466585 0.19940693
1463226596.45002 -1.99779908 3.62275919 -12.87241145 -0.15787497 -0.93839463 -0.19420608 0.23827507
1463226596.58328 -2.04857788 3.65812627 -12.94800382 -0.14245628 -0.93128989 -0.18441756 0.27999199
1463226596.71663 -2.10653277 3.68134836 -13.02343011 -0.13981605 -0.92172895 -0.17441246 0.31693454
1463226596.84995 -2.16194983 3.68799286 -13.08256094 -0.13685873 -0.91042456 -0.16524523 0.35368182
1463226597.01634 -2.23410924 3.71266864 -13.15233652 -0.12454168 -0.89426696 -0.16609773 0.39646881
1463226597.21639 -2.32318100 3.77914350 -13.25730521 -0.12103206 -0.88406790 -0.16047182 0.42192888
1463226597.38293 -2.38912845 3.82776979 -13.37886640 -0.12589916 -0.88724856 -0.16748152 0.41096148
1463226597.51611 -2.43481309 3.84659071 -13.48040992 -0.10863661 -0.89891155 -0.18014822 0.38432113
1463226597.68468 -2.47992303 3.87496243 -13.60131050 -0.08494578 -0.91046456 -0.19638992 0.35393432
1463226597.84956 -2.53231217 3.92598694 -13.72669842 -0.06773737 -0.92397462 -0.18311156 0.32886579
1463226598.01595 -2.58758051 3.97215909 -13.85457650 -0.04044561 -0.93395526 -0.17434141 0.30934900
1463226598.18244 -2.62180052 4.00686086 -13.98356990 -0.05075811 -0.93555846 -0.19063239 0.29293903
1463226598.34921 -2.65713203 4.04838262 -14.10392722 -0.04725703 -0.94570730 -0.18935656 0.25990108
1463226598.51563 -2.70173618 4.11674931 -14.23968242 -0.06065965 -0.95492685 -0.17083390 0.23505508
1463226598.65093 -2.72783703 4.16731522 -14.36663760 -0.07561675 -0.95893962 -0.17139721 0.21293173
1463226598.78213 -2.75130628 4.19663719 -14.48828256 -0.07370861 -0.96317173 -0.18071910 0.18495369
1463226598.95055 -2.76446427 4.24417119 -14.61826428 -0.06345213 -0.96607204 -0.20135941 0.14877176
1463226599.15055 -2.79878353 4.32006275 -14.77581342 -0.06512013 -0.97150303 -0.19058408 0.12497574
1463226599.31754 -2.84333250 4.35795802 -14.90812181 -0.10427743 -0.96274011 -0.20366025 0.14415338
1463226599.51515 -2.89370742 4.38843460 -15.05154904 -0.08857808 -0.96736849 -0.20182928 0.12496825
1463226599.68184 -2.95676407 4.44021658 -15.17318317 -0.08185751 -0.97424740 -0.18221821 0.10458426
1463226599.81760 -3.01946521 4.47796404 -15.28428705 -0.10339459 -0.96639629 -0.19312916 0.13449497
1463226600.01491 -3.10351988 4.50791406 -15.42128325 -0.08972542 -0.96070162 -0.21847011 0.14585113
1463226600.24815 -3.19215828 4.56832083 -15.56725651 -0.07242640 -0.96335348 -0.21033207 0.14988296
1463226600.41494 -3.26926992 4.62376251 -15.70191752 -0.06492197 -0.96464067 -0.19034837 0.17035554
1463226600.61464 -3.34470810 4.66105462 -15.82844381 -0.10110442 -0.95102695 -0.20741083 0.20568515
1463226600.84777 -3.43282728 4.73290161 -15.97455054 -0.11383315 -0.94637298 -0.20025304 0.22653679
1463226601.04766 -3.52783505 4.80733463 -16.12975021 -0.15565682 -0.94458357 -0.19078722 0.21710152
1463226601.21443 -3.60096139 4.82343839 -16.26544737 -0.14441256 -0.95182109 -0.17932075 0.20254798
1463226601.41441 -3.69127964 4.87164189 -16.39760031 -0.16553400 -0.95360603 -0.15534615 0.19774126
1463226601.58081 -3.78075936 4.93495275 -16.50988467 -0.22523298 -0.93989565 -0.14404531 0.21240814
1463226601.68129 -3.84700842 4.94621163 -16.57741089 -0.21419174 -0.93319474 -0.14543337 0.24923605
1463226601.78071 -3.91730915 4.94662717 -16.63547841 -0.19985750 -0.92731196 -0.13501598 0.28621705
1463226601.94731 -4.02519308 4.97588791 -16.72199232 -0.20783534 -0.91906986 -0.10810755 0.31690348
1463226602.11390 -4.14776597 5.03029257 -16.81011840 -0.25209754 -0.90631325 -0.06231377 0.33340682
1463226602.28046 -4.28319956 5.05122287 -16.91145142 -0.25432954 -0.90716326 -0.04291435 0.33246001
1463226602.48220 -4.43054089 5.07257367 -17.00529775 -0.24248530 -0.90123548 -0.06062887 0.35397689
1463226602.64864 -4.56260109 5.12782959 -17.07453710 -0.27959539 -0.88533356 -0.02908427 0.37035796
1463226602.78030 -4.68037007 5.15926165 -17.13099662 -0.33705937 -0.85576005 -0.00383634 0.39249332
1463226602.88026 -4.76808422 5.14907163 -17.16809858 -0.32503543 -0.84870524 0.04663875 0.41457957
1463226603.01338 -4.87458141 5.15579612 -17.20042047 -0.31105726 -0.82857938 0.05272106 0.46251495
1463226603.18001 -5.00761169 5.20729335 -17.24199757 -0.32865545 -0.80504390 0.06637531 0.48937127
1463226603.37983 -5.18380862 5.24541184 -17.30292930 -0.35040320 -0.79172359 0.08311976 0.49343942
1463226603.58018 -5.34551033 5.24533846 -17.37201549 -0.32777092 -0.80033585 0.08088202 0.49546629
1463226603.77970 -5.50742453 5.29463954 -17.41929759 -0.31994410 -0.79188771 0.09258075 0.51183829
1463226603.94635 -5.65814460 5.31246060 -17.46897608 -0.31585548 -0.78606020 0.10988729 0.51987446
1463226604.07956 -5.77331517 5.29617836 -17.50381279 -0.29906154 -0.78016731 0.14823634 0.52908142
1463226604.21298 -5.87890148 5.30376460 -17.51984476 -0.28727424 -0.76699304 0.15288712 0.55301059
1463226604.37950 -6.02319302 5.35683779 -17.52406119 -0.29944337 -0.73989524 0.15138034 0.58307178
1463226604.54606 -6.18522496 5.38569578 -17.53008285 -0.30259884 -0.72882167 0.15320063 0.59479617
1463226604.64805 -6.27828071 5.37743227 -17.53038016 -0.28956506 -0.72116955 0.17517198 0.60446781
1463226604.74589 -6.35812359 5.38004958 -17.52521281 -0.30334252 -0.69980814 0.16751228 0.62465312
1463226604.84595 -6.43844097 5.39516849 -17.51022103 -0.29738987 -0.67386055 0.14739031 0.66011160
1463226605.01258 -6.58023195 5.43148553 -17.48378308 -0.28806932 -0.65287116 0.15094139 0.68409942
1463226605.14714 -6.70264656 5.42976314 -17.46949057 -0.27052401 -0.64969012 0.15835469 0.69256285
1463226605.27930 -6.81300989 5.40832017 -17.44899989 -0.24277318 -0.63988209 0.17392639 0.70806900
1463226605.44564 -6.94011230 5.41815538 -17.41118218 -0.24470157 -0.61599126 0.19266175 0.72357263
1463226605.61215 -7.07825673 5.43289482 -17.35386311 -0.22097383 -0.61195523 0.20837055 0.73024864
1463226605.74729 -7.19797457 5.42074117 -17.31403665 -0.20430899 -0.61308140 0.21241643 0.73298588
1463226605.84553 -7.27555729 5.40519919 -17.28181827 -0.19720833 -0.59559972 0.20528365 0.75115143
1463226606.01241 -7.38733421 5.39381457 -17.23551006 -0.19707330 -0.58071089 0.18520162 0.76787846
1463226606.17859 -7.50344757 5.42000965 -17.16669364 -0.17475019 -0.55293072 0.17410959 0.79587426
1463226606.34522 -7.63794641 5.43259385 -17.10438436 -0.15400397 -0.53954442 0.17350929 0.80936341
1463226606.51162 -7.76103621 5.41607100 -17.05082987 -0.15831806 -0.52201271 0.18272041 0.81795561
1463226606.74502 -7.92077655 5.42043404 -16.95195546 -0.15230852 -0.51330738 0.17352322 0.82656357
1463226606.87813 -8.02362782 5.42220409 -16.87763061 -0.12139462 -0.53806062 0.16610880 0.81741176
1463226607.01138 -8.12412695 5.39730836 -16.80081898 -0.09871876 -0.54558042 0.17491441 0.81363479
1463226607.14633 -8.20641733 5.37622721 -16.72698654 -0.11586383 -0.52103760 0.16348360 0.82967976
1463226607.31140 -8.30060633 5.37338808 -16.62741768 -0.10932747 -0.49470391 0.16647008 0.84593336
1463226607.51124 -8.43252115 5.37598403 -16.49673038 -0.09554382 -0.47462188 0.17102554 0.85811172
1463226607.68174 -8.54045615 5.33469021 -16.39439558 -0.07587665 -0.45751048 0.18410932 0.86662025
1463226607.94433 -8.69978265 5.32444745 -16.22707748 -0.07598362 -0.43791624 0.19970144 0.87325551
1463226608.14436 -8.83730266 5.31234530 -16.07764394 -0.06509671 -0.44893218 0.20626654 0.86699275
1463226608.34406 -8.96123468 5.26347327 -15.94797084 -0.06353284 -0.44837457 0.21533317 0.86519099
1463226608.57810 -9.09724424 5.26231610 -15.77096836 -0.04932457 -0.43947853 0.20306590 0.87360743
1463226608.74428 -9.21101691 5.23601354 -15.65207961 -0.03774927 -0.44057078 0.19689398 0.87504579
1463226608.91066 -9.30430909 5.19965665 -15.54252544 -0.04634030 -0.41704603 0.20157044 0.88503929
1463226609.14548 -9.43782231 5.20287273 -15.37610108 -0.06076695 -0.41583116 0.20995653 0.88278541
1463226609.34374 -9.55565167 5.17031650 -15.22928845 -0.05859125 -0.42839438 0.20850147 0.87725279
1463226609.57733 -9.68199596 5.12287578 -15.07770656 -0.06605542 -0.42428503 0.20051409 0.88057538
1463226609.77668 -9.79964547 5.12323883 -14.93820383 -0.05267233 -0.41819323 0.20665614 0.88296845
1463226609.94331 -9.90565506 5.08929257 -14.82988060 -0.05057766 -0.40768198 0.20845608 0.88757161
1463226610.10989 -9.99079992 5.05455901 -14.72432024 -0.05427464 -0.38440758 0.21823606 0.89535362
1463226610.31185 -10.09449613 5.04768365 -14.56826318 -0.04056287 -0.39531487 0.23078763 0.88815420
1463226610.44314 -10.16433583 5.01953459 -14.45675548 -0.03418878 -0.41601107 0.24139041 0.87606883
1463226610.54306 -10.20952418 4.97844063 -14.37092226 -0.00624562 -0.40944003 0.24507243 0.87878288
1463226610.67668 -10.25507321 4.94250898 -14.26964461 -0.02116059 -0.38739818 0.24573076 0.88830810
1463226610.87622 -10.31677155 4.93089630 -14.09567670 -0.01078633 -0.35850304 0.24144601 0.90170009
1463226611.04277 -10.37702908 4.88734170 -13.94391968 0.01196884 -0.34305031 0.23828062 0.90851284
1463226611.17598 -10.41108559 4.83227291 -13.83440799 0.04100364 -0.31666424 0.24255748 0.91608314
1463226611.40931 -10.46192208 4.79712067 -13.63536478 0.04201255 -0.28245850 0.26393307 0.92129880
1463226611.61028 -10.50487649 4.75803188 -13.43809394 0.05051178 -0.29451769 0.25054895 0.92083284
1463226611.74263 -10.52468648 4.70326272 -13.31835480 0.06887789 -0.27790437 0.25050522 0.92480924
1463226611.90924 -10.54831095 4.66207707 -13.17779889 0.06263849 -0.27044889 0.25726349 0.92560754
1463226612.07570 -10.56278321 4.64994445 -13.01512944 0.06646717 -0.24515300 0.24495600 0.93567018
1463226612.20887 -10.57678104 4.61001552 -12.89546466 0.06738904 -0.22855807 0.25003186 0.93845831
1463226612.34210 -10.57661091 4.55547029 -12.79257585 0.06911444 -0.19687680 0.27049891 0.93983672
1463226612.50874 -10.56367717 4.51466167 -12.65463155 0.08470020 -0.16524175 0.28180528 0.94133247
1463226612.67524 -10.53821637 4.48380250 -12.49814507 0.11562589 -0.16491269 0.28083143 0.93838594
1463226612.81038 -10.51331584 4.43185035 -12.37482069 0.11860934 -0.16190642 0.27757565 0.93950513
1463226612.94180 -10.48431161 4.37920787 -12.27062815 0.11082016 -0.13382066 0.28046280 0.94400823
1463226613.07514 -10.44987298 4.34984017 -12.16462063 0.11061257 -0.10419720 0.27636590 0.94896243
1463226613.24225 -10.39993079 4.33190544 -12.01409827 0.12103603 -0.06996156 0.27553934 0.95106978
1463226613.37500 -10.36042702 4.28386548 -11.90416066 0.14334371 -0.04522132 0.27096841 0.95078059
1463226613.47542 -10.32385911 4.24547983 -11.83304439 0.15177961 -0.00172154 0.28481841 0.94648743
1463226613.57501 -10.28392342 4.21941237 -11.76783973 0.14611492 0.03988269 0.30023053 0.94176506
1463226613.70809 -10.22466542 4.21035504 -11.66897783 0.14662598 0.08237382 0.31115162 0.93536092
1463226613.87477 -10.14409303 4.18473364 -11.53335070 0.16792193 0.08550498 0.30349439 0.93401407
1463226614.00800 -10.07699459 4.13352647 -11.44389940 0.17078638 0.10578547 0.30736434 0.93014440
1463226614.17463 -9.99749526 4.07711119 -11.34271768 0.17208601 0.12645929 0.31860102 0.92351927
1463226614.37442 -9.89087757 4.05686780 -11.19675232 0.17278420 0.15135118 0.30281577 0.92495462
1463226614.50770 -9.82120706 4.01757012 -11.09872269 0.17980907 0.15472498 0.29529385 0.92548929
1463226614.60772 -9.76724561 3.97526919 -11.03729693 0.19432045 0.17396869 0.30068083 0.91736879
1463226614.70763 -9.70927338 3.94718911 -10.98367159 0.18175109 0.20991639 0.30183106 0.91203052
1463226614.81034 -9.64287916 3.93309030 -10.93029925 0.17763225 0.27075731 0.27450282 0.90542005
1463226614.87435 -9.59257190 3.93459377 -10.89396150 0.15958037 0.31840547 0.23069008 0.90550215
1463226614.97682 -9.50510278 3.93347297 -10.84215193 0.16105043 0.36044566 0.22935677 0.88968374
1463226615.07420 -9.41754634 3.91593776 -10.79412571 0.16719506 0.39469209 0.21931066 0.87645125
1463226615.17400 -9.33913986 3.88377293 -10.75463506 0.17146563 0.42468266 0.21389053 0.86284125
1463226615.30728 -9.24528743 3.84692917 -10.70821562 0.16440168 0.46776251 0.20602827 0.84363658
1463226615.47386 -9.13311719 3.82692769 -10.63001142 0.16008188 0.49521220 0.18007207 0.83469319
1463226615.64042 -9.02970541 3.79627313 -10.53502022 0.15815322 0.50361634 0.14989272 0.83599660
1463226615.80772 -8.94621746 3.74519050 -10.45326373 0.14711050 0.51372816 0.14768357 0.83224482
1463226615.94034 -8.87742026 3.71089827 -10.36856491 0.13531343 0.50384619 0.11388779 0.84549327
1463226616.07365 -8.80223427 3.70653308 -10.27451967 0.12298023 0.48774722 0.11676664 0.85635510
1463226616.20696 -8.70621706 3.69762640 -10.18291324 0.11220757 0.50947300 0.10240758 0.84697073
1463226616.30994 -8.63655002 3.67110616 -10.11398870 0.10122665 0.53515266 0.12491773 0.82931318
1463226616.40690 -8.57752110 3.62806264 -10.04467690 0.11093865 0.56103475 0.13093683 0.80980749
1463226616.54017 -8.51159897 3.57775551 -9.94201384 0.12738068 0.57675534 0.12326379 0.79745437
1463226616.67327 -8.43775526 3.55366624 -9.82393254 0.11478114 0.57561600 0.15176152 0.79527351
1463226616.77322 -8.38842868 3.52320095 -9.73084356 0.12202106 0.53902959 0.12383914 0.82414916
1463226616.90654 -8.32460165 3.46799788 -9.62681466 0.12477363 0.50801313 0.09643613 0.84679057
1463226617.03989 -8.26914868 3.40705381 -9.53497972 0.13526616 0.47110582 0.09638609 0.86629793
1463226617.20640 -8.18172287 3.38029173 -9.40858197 0.12210860 0.44673227 0.07726482 0.88292124
1463226617.37300 -8.08749936 3.35520352 -9.27923475 0.11556353 0.42098258 0.08241331 0.89589441
1463226617.53963 -7.98957424 3.27719492 -9.14602896 0.11952590 0.39902478 0.07731622 0.90582282
1463226617.70621 -7.90700180 3.23096390 -9.02274098 0.12278861 0.37054678 0.07846506 0.91731198
1463226617.87284 -7.81774603 3.20770180 -8.89139086 0.14897029 0.36859105 0.08376316 0.91374626
1463226618.00615 -7.72966805 3.14111329 -8.78014692 0.17261787 0.38429924 0.07139368 0.90411288
1463226618.14141 -7.65637893 3.08286721 -8.68855806 0.16516199 0.37966936 0.10164035 0.90456726
1463226618.23921 -7.60159004 3.05254375 -8.62118487 0.17136930 0.38935756 0.10938028 0.89837031
1463226618.40573 -7.50319671 3.04045171 -8.50234679 0.15528915 0.37943182 0.12733930 0.90316193
1463226618.53906 -7.40286091 3.00231786 -8.39112067 0.12845186 0.35707065 0.11571181 0.91793869
1463226618.63908 -7.31276208 2.96105643 -8.32102382 0.10443653 0.35864825 0.07813671 0.92431547
1463226618.73900 -7.21584616 2.91765889 -8.24928952 0.06708121 0.37902098 0.06921260 0.92035473
1463226618.87233 -7.11895514 2.85072000 -8.16515048 0.07491757 0.38884025 0.05871602 0.91637495
1463226619.00544 -7.03284508 2.75393362 -8.02743813 0.12269894 0.36572193 0.03319749 0.92200345
1463226619.10550 -7.00208411 2.67441949 -7.95126628 0.15735525 0.33194328 -0.02139340 0.92983617
1463226619.20551 -6.97605616 2.60180025 -7.88223608 0.17041783 0.29660420 -0.06898932 0.93713616
1463226619.33874 -6.94161772 2.53556115 -7.79161486 0.17906612 0.26445682 -0.13775988 0.93756074
1463226619.47447 -6.89402038 2.52421110 -7.68197344 0.17695871 0.22177168 -0.16854146 0.94397919
1463226619.60528 -6.81828386 2.54009920 -7.55897647 0.15956025 0.17735270 -0.16327085 0.95730307
1463226619.73848 -6.73562473 2.55341956 -7.44559438 0.11853145 0.16681286 -0.11940822 0.97152738
1463226619.87174 -6.66265478 2.55446575 -7.35103674 0.09041614 0.19197922 -0.09880834 0.97221696
1463226619.97358 -6.60774544 2.56600209 -7.28359027 0.06880173 0.22026108 -0.05526417 0.97144081
1463226620.07163 -6.54856061 2.58340585 -7.21399637 0.04573009 0.25691831 -0.03959984 0.96453802
1463226620.17150 -6.49015109 2.58625208 -7.14543610 0.03950864 0.29236402 -0.01058942 0.95543195
1463226620.27156 -6.44175589 2.57107700 -7.08171193 0.04532265 0.32641767 0.00868337 0.94409849
1463226620.37138 -6.39880043 2.54240647 -7.02431692 0.06364210 0.36016164 0.03840285 0.92992392
1463226620.57166 -6.31766352 2.49544439 -6.89661204 0.06365066 0.37230192 0.03392909 0.92530465
1463226620.73800 -6.22466095 2.46356912 -6.77270406 0.08434145 0.38058273 0.03544935 0.92021011
1463226620.90474 -6.12991868 2.40497851 -6.65000086 0.08850932 0.38645830 0.03763748 0.91727831
1463226621.07113 -6.04763412 2.34108513 -6.53527120 0.07689326 0.38225947 0.03322994 0.92025045
1463226621.27104 -5.94557050 2.31036380 -6.37835998 0.07208971 0.38886820 0.03862155 0.91765624
1463226621.43759 -5.86726052 2.26576481 -6.25773282 0.08692307 0.39766993 0.02588165 0.91303513
1463226621.63758 -5.78232745 2.20731298 -6.12334552 0.07692596 0.38792025 0.01776921 0.91830525
1463226621.80612 -5.70388443 2.18223019 -5.99391072 0.09622643 0.37263540 0.00581872 0.92295692
1463226621.90478 -5.65203944 2.15682350 -5.90641628 0.11820266 0.34979432 -0.01797961 0.92916565
1463226622.00395 -5.59958824 2.12032350 -5.81747164 0.12281900 0.31247478 -0.03122823 0.94143497
1463226622.10398 -5.55245906 2.07679751 -5.72670158 0.10373409 0.27570039 -0.04410325 0.95461167
1463226622.20431 -5.51093638 2.03573247 -5.63646952 0.09519370 0.26013792 -0.06301012 0.95879933
1463226622.30408 -5.46927749 2.01389987 -5.53846911 0.08728094 0.23570006 -0.07276024 0.96515981
1463226622.40392 -5.42459590 1.99760529 -5.43329295 0.08767035 0.20721730 -0.09254353 0.96995391
1463226622.50382 -5.38280400 1.97052032 -5.33787760 0.09997052 0.18719894 -0.11062661 0.97093986
1463226622.63902 -5.33138935 1.93160643 -5.22805072 0.08530335 0.16932878 -0.11132592 0.97552942
1463226622.77023 -5.28393980 1.88724294 -5.12935794 0.07879527 0.15842524 -0.09833055 0.97929763
1463226622.90352 -5.23053430 1.86150790 -5.01705866 0.07140016 0.14191871 -0.10341389 0.98186897
1463226623.00348 -5.18334761 1.84067448 -4.92397657 0.07907315 0.12316269 -0.10813478 0.98330324
1463226623.07019 -5.14843117 1.82198697 -4.86088189 0.07603888 0.11053848 -0.10202166 0.98569311
1463226623.17010 -5.10420639 1.78960354 -4.77989760 0.06451947 0.10623554 -0.09524578 0.98766365
1463226623.27011 -5.05163316 1.74048778 -4.69405330 0.06342660 0.12119632 -0.08587887 0.98687048
1463226623.36995 -5.00300956 1.70688384 -4.62057100 0.04857946 0.13839638 -0.08505442 0.98552130
1463226623.47168 -4.94651722 1.69027422 -4.54542484 0.01930925 0.16987381 -0.06806047 0.98292310
1463226623.56999 -4.88583296 1.68000469 -4.47113660 0.00893750 0.19881540 -0.05263327 0.97858178
1463226623.67054 -4.82798368 1.66881955 -4.41174699 -0.00636986 0.23417833 -0.04240704 0.97124743
1463226623.76977 -4.76058845 1.64835933 -4.35359958 -0.03243054 0.27588273 -0.01129196 0.96057768
1463226623.90323 -4.69152021 1.62376105 -4.29817770 -0.05714409 0.31130845 0.00926102 0.94854406
1463226624.03636 -4.62521764 1.61219197 -4.23164777 -0.07044373 0.33574530 0.01852060 0.93913245
1463226624.16958 -4.55577786 1.60487868 -4.14518574 -0.06986253 0.34350199 0.03602215 0.93585683
1463226624.30492 -4.48946119 1.57696783 -4.06359022 -0.06402273 0.35151135 0.04562875 0.93287667
1463226624.40280 -4.43789175 1.53453516 -3.99420669 -0.06417043 0.35316608 0.02736775 0.93295599
1463226624.53601 -4.37817875 1.49037949 -3.91622233 -0.07721676 0.35853819 0.02735698 0.92991372
1463226624.66926 -4.31583169 1.46789068 -3.82454974 -0.07745854 0.35985579 0.02452662 0.92946352
1463226624.80260 -4.24784751 1.44090255 -3.72406646 -0.06851500 0.36136394 0.02217384 0.92963978
1463226624.93591 -4.18403149 1.39386709 -3.63527587 -0.06373754 0.38281521 0.02579206 0.92126262
1463226625.06922 -4.12798533 1.34001522 -3.55874606 -0.05462932 0.40149564 0.04295996 0.91322031
1463226625.20249 -4.06371789 1.30469105 -3.47378187 -0.02374346 0.41270760 0.04336290 0.90952094
1463226625.33581 -3.98805111 1.28139230 -3.37165492 0.00774958 0.40216857 0.03937451 0.91468576
1463226625.47159 -3.90827201 1.23506678 -3.27451761 0.03950756 0.39222190 0.03751018 0.91825602
1463226625.60229 -3.83706946 1.16642218 -3.18586306 0.06748077 0.37671953 0.01465773 0.92374991
1463226625.76930 -3.74875200 1.10899556 -3.06683294 0.07912255 0.36406490 -0.02595328 0.92764368
1463226625.97073 -3.62542311 1.08319790 -2.89832684 0.07675447 0.35524012 -0.01890343 0.93142679
1463226626.13727 -3.52573088 1.02221736 -2.78467399 0.09432104 0.38069822 -0.01975619 0.91966412
1463226626.33517 -3.39696136 0.96318992 -2.65725942 0.10292314 0.39862126 0.00257769 0.91131843
1463226626.53502 -3.26163238 0.93038421 -2.51111468 0.11168674 0.39398654 0.00451025 0.91229400
1463226626.70176 -3.15664421 0.86888063 -2.40282753 0.11196999 0.38576583 0.01291888 0.91568584
1463226626.86835 -3.06583072 0.80670418 -2.29874958 0.10782836 0.36820951 0.00911599 0.92342390
1463226627.06819 -2.94392656 0.78493399 -2.15512706 0.10958200 0.36154345 -0.01279482 0.92580474
1463226627.20152 -2.86372018 0.76461853 -2.06459526 0.10148405 0.37732611 -0.01053321 0.92044285
1463226627.36795 -2.76428161 0.72160619 -1.96654027 0.09662214 0.39355046 0.01687070 0.91405557
1463226627.56925 -2.62616469 0.70050318 -1.83782011 0.09994172 0.40534692 0.02659461 0.90829414
1463226627.70125 -2.52964990 0.68291081 -1.73985324 0.10447614 0.39496047 0.03165090 0.91218922
1463226627.83436 -2.44120939 0.63584295 -1.65647234 0.09549339 0.38740471 0.02293112 0.91666393
1463226627.93431 -2.37653320 0.59547838 -1.60137662 0.08849242 0.38349683 0.02774849 0.91887393
1463226628.06841 -2.28931734 0.56177648 -1.52307256 0.09512692 0.37670110 0.02028484 0.92121424
1463226628.20105 -2.19491565 0.54545231 -1.43392788 0.09814357 0.37903119 0.00770906 0.92013247
1463226628.33435 -2.10260084 0.51731015 -1.35114452 0.08561472 0.38984526 0.00477311 0.91687949
1463226628.50097 -2.00126307 0.46834395 -1.26721547 0.07834805 0.40487611 0.02704725 0.91060714
1463226628.66770 -1.89328225 0.44210767 -1.17760227 0.09456195 0.40471710 0.03420703 0.90889602
1463226628.80061 -1.79654603 0.42775276 -1.09090048 0.10387686 0.39648817 0.03982811 0.91127408
1463226628.93396 -1.70009973 0.39225911 -1.00201067 0.08954442 0.38122749 0.03077890 0.91961952
1463226629.03383 -1.63652305 0.34891592 -0.93785229 0.08565592 0.36643968 0.01370165 0.92638938
1463226629.13585 -1.57160358 0.31539585 -0.86907496 0.07336767 0.35521370 -0.00496626 0.93188827
1463226629.23372 -1.51038253 0.29691447 -0.79302558 0.06085768 0.34021513 -0.01814125 0.93820089
1463226629.33373 -1.44829607 0.28306106 -0.70941909 0.04000775 0.32515927 -0.03940032 0.94399070
1463226629.43369 -1.39071062 0.25498037 -0.62605123 0.03361989 0.30795780 -0.06119054 0.94883477
1463226629.53362 -1.34208803 0.22496285 -0.54835396 0.01864746 0.29264637 -0.07230060 0.95330110
1463226629.66689 -1.28202869 0.17941624 -0.45796779 0.01269879 0.27926349 -0.07268761 0.95737514
1463226629.80197 -1.22112804 0.14520300 -0.36755096 0.01435069 0.26118298 -0.07237754 0.96246507
1463226629.90051 -1.17747290 0.13240930 -0.29454005 0.01823768 0.23476544 -0.08225003 0.96839429
1463226630.00010 -1.12693156 0.11526852 -0.22297381 0.01927616 0.20995462 -0.08600717 0.97373007
1463226630.06671 -1.09440868 0.09763008 -0.17774936 0.02397782 0.18972839 -0.08569627 0.97779566
1463226630.16654 -1.04700826 0.06175569 -0.11730128 0.02305608 0.15748941 -0.09357301 0.98280700
1463226630.26655 -0.99774440 0.02194965 -0.06963033 0.02803702 0.13948945 -0.09894134 0.98486914
1463226630.39992 -0.93050934 -0.01975497 -0.01337908 0.02992259 0.12246713 -0.10250141 0.98671166
1463226630.53313 -0.85364306 -0.04951226 0.04115309 0.04360342 0.11240352 -0.10471269 0.98716738
1463226630.66632 -0.76175767 -0.07323046 0.09191659 0.04287976 0.11196134 -0.11709859 0.98585694
1463226630.76639 -0.69020104 -0.08912186 0.12294686 0.03764410 0.11310166 -0.10141816 0.98767671
1463226630.86627 -0.61822374 -0.10828902 0.14652704 0.03408513 0.12347468 -0.10974712 0.98567123
1463226630.99959 -0.52091463 -0.13355086 0.17212382 0.03700657 0.13547678 -0.10145044 0.98487784
1463226631.10005 -0.44533955 -0.15108064 0.19027951 0.04857811 0.13806854 -0.10830581 0.98328383
1463226631.19949 -0.36582530 -0.16657986 0.20897110 0.06273880 0.14150666 -0.11533443 0.98119197
1463226631.33294 -0.26492074 -0.18603525 0.22865922 0.07607022 0.13982596 -0.10895332 0.98121924
1463226631.43278 -0.19424663 -0.19970371 0.24328304 0.06674654 0.14051959 -0.11677864 0.98089851
1463226631.53313 -0.12713680 -0.21444496 0.25714776 0.06134454 0.15027253 -0.11178884 0.98038680
1463226631.66595 -0.04673074 -0.21890623 0.28226070 0.06131208 0.15154681 -0.10732654 0.98069129
1463226631.80269 0.03118659 -0.20903746 0.31305209 0.06106163 0.16284661 -0.10459441 0.97918970
1463226631.93242 0.09787468 -0.19427506 0.34288349 0.05819730 0.17229433 -0.10467250 0.97773790
1463226632.06573 0.14706376 -0.16830353 0.36669979 0.03297752 0.17378386 -0.09298900 0.97982891
1463226632.23223 0.18338538 -0.13061468 0.38439552 0.02205386 0.17568709 -0.05445792 0.98269121
1463226632.39895 0.19120492 -0.08730427 0.39116632 0.00333042 0.16932177 -0.04951444 0.98431061
1463226632.56545 0.17845863 -0.04554910 0.39297346 -0.01886159 0.15881060 -0.03137019 0.98663030
1463226632.69879 0.15714404 -0.01521342 0.39109140 -0.03901349 0.16882200 -0.01461916 0.98476564
1463226632.83198 0.12222115 0.01016126 0.38992429 -0.06297007 0.18104588 -0.00660487 0.98143443
1463226632.96720 0.07218255 0.03018840 0.39166005 -0.08212509 0.19015054 -0.00772622 0.97828347
1463226633.06517 0.02219609 0.04210020 0.39757476 -0.08681792 0.18698186 -0.01061947 0.97846188
1463226633.16692 -0.03657131 0.05081915 0.40563820 -0.08537021 0.18647424 -0.00158229 0.97874245
1463226633.26519 -0.10007634 0.05558892 0.41275056 -0.08899494 0.18552248 0.01058008 0.97854452
1463226633.36506 -0.16302347 0.05359001 0.42282329 -0.08448960 0.17378582 0.02269687 0.98088982
1463226633.46506 -0.22005543 0.04746906 0.43374115 -0.07907389 0.15664360 0.03746425 0.98377158
1463226633.56494 -0.26590659 0.03934788 0.44379476 -0.08476779 0.14912741 0.05132797 0.98383986
1463226633.69823 -0.30831081 0.02442031 0.45645319 -0.09825763 0.13524718 0.05552066 0.98436329
1463226633.93141 -0.31236495 -0.01644046 0.47902911 -0.08330946 0.14757021 0.05512359 0.98399388
1463226634.09802 -0.27576192 -0.04525861 0.50231479 -0.06160865 0.16449925 0.05610058 0.98285151
1463226634.23209 -0.22883348 -0.06369267 0.53092590 -0.04771568 0.18227185 0.05043203 0.98079396
1463226634.36469 -0.17598624 -0.07582490 0.57456851 -0.05190649 0.18012682 0.05212163 0.98088908
1463226634.46468 -0.13841189 -0.08297243 0.61647991 -0.06185628 0.16393990 0.03960790 0.98373204
1463226634.56530 -0.10174724 -0.08701480 0.66313259 -0.07425627 0.15929314 0.02660983 0.98407501
1463226634.66435 -0.06652599 -0.09115165 0.70774571 -0.09151332 0.16574293 0.01949900 0.98172011
1463226634.76437 -0.03858888 -0.09998181 0.75069606 -0.08826291 0.15528388 0.00315391 0.98391393
1463226634.86461 -0.01459886 -0.10825838 0.78906471 -0.09244342 0.15478448 0.00675262 0.98359056
1463226635.39739 0.00227802 -0.10126421 0.82657547 -0.11277920 0.13319803 0.01501168 0.98453735
1463226635.53066 -0.01079443 -0.10387915 0.77704423 -0.09270024 0.13126836 0.00315451 0.98699814
1463226635.63146 -0.02448984 -0.10274928 0.72883427 -0.08079363 0.13011046 -0.00392949 0.98819442
1463226635.73057 -0.04190022 -0.09908248 0.67185124 -0.07366250 0.13296691 -0.00825399 0.98834483
1463226635.83077 -0.06242473 -0.09424998 0.60751118 -0.06594332 0.13530298 -0.00315595 0.98860236
1463226635.93058 -0.08657032 -0.08547003 0.54384672 -0.07154385 0.12622244 -0.01169533 0.98934958
1463226636.03056 -0.11004439 -0.07671835 0.48698436 -0.07218092 0.11342522 -0.02339482 0.99064490
1463226636.13378 -0.12906323 -0.06843224 0.43399571 -0.07031476 0.10556407 -0.03366950 0.99135182
1463226636.26374 -0.14520816 -0.05795820 0.36350511 -0.06588304 0.09885693 -0.04152025 0.99204980
1463226636.36351 -0.15128043 -0.04780138 0.30529629 -0.06054230 0.09684808 -0.04798623 0.99229653
1463226636.46605 -0.15656001 -0.03327981 0.24353187 -0.06216504 0.09362817 -0.05757819 0.99199497
1463226636.56350 -0.15920303 -0.01890082 0.18055847 -0.06836816 0.09756431 -0.05820402 0.99117067
1463226636.66431 -0.16438249 -0.00675982 0.11964526 -0.06527945 0.09299018 -0.05742581 0.99186375
1463226636.76342 -0.16961331 0.00404915 0.06156148 -0.05602911 0.09845190 -0.04937130 0.99233585
1463226636.89720 -0.18520054 0.01980615 -0.01231040 -0.04753100 0.10486585 -0.04351721 0.99239620
1463226637.02998 -0.20804985 0.03769115 -0.07983641 -0.03530533 0.11376895 -0.04264316 0.99196357
1463226637.16310 -0.22885587 0.05666864 -0.14036014 -0.03086696 0.12851679 -0.02739373 0.99084825
1463226637.32992 -0.25661437 0.07688714 -0.19443112 -0.03781305 0.12043493 -0.02605431 0.99165860
1463226637.63176 -0.31212912 0.09445221 -0.21637630 -0.03639882 0.10140791 -0.02785272 0.99378860
1463226637.89610 -0.37311778 0.10009323 -0.18007008 -0.02911295 0.08767048 -0.00904654 0.99568292
1463226638.06268 -0.41548593 0.09778529 -0.13764136 -0.03507068 0.05945413 -0.01416796 0.99751417
1463226638.23018 -0.45510633 0.09072335 -0.07657220 -0.04525814 0.05023694 -0.01155445 0.99764445
1463226638.36262 -0.48825104 0.08156528 -0.01571648 -0.05290789 0.04844414 -0.00203134 0.99742157
1463226638.49623 -0.52220701 0.06473475 0.04664084 -0.05352906 0.04479802 0.00886118 0.99752156
1463226638.63398 -0.54923268 0.04652479 0.10591353 -0.05921526 0.03741674 0.01375893 0.99744886
1463226638.79581 -0.56338130 0.01977165 0.17577179 -0.06553425 0.03962139 0.01154799 0.99699652
1463226638.92909 -0.55702442 -0.00316072 0.23669622 -0.06829514 0.04826822 0.00866533 0.99645916
1463226639.06351 -0.53709096 -0.02998138 0.30655594 -0.06409117 0.06247312 0.01426342 0.99588452
1463226639.16273 -0.51424525 -0.05379785 0.35784986 -0.05350816 0.08216526 0.01367480 0.99508731
1463226639.29551 -0.48440506 -0.08135464 0.41759851 -0.05585423 0.09297592 -0.00187894 0.99409871
1463226639.42875 -0.44684386 -0.10495116 0.47051313 -0.06038701 0.10538804 -0.00818468 0.99256223
1463226639.56193 -0.40051938 -0.12736872 0.52164182 -0.05361789 0.11800548 -0.01318878 0.99147662
1463226639.69533 -0.34816925 -0.13986857 0.57469149 -0.05890330 0.11633637 -0.02613582 0.99111713
1463226639.82861 -0.29038631 -0.14961059 0.62919341 -0.06088640 0.11227511 -0.04721073 0.99068577
1463226639.92863 -0.24520928 -0.15527270 0.66422189 -0.06748839 0.10931327 -0.06114182 0.98982706
1463226640.02844 -0.19947944 -0.16231478 0.69074438 -0.07101047 0.10830206 -0.07251982 0.98892318
1463226640.16165 -0.13982451 -0.17274009 0.71399236 -0.06817885 0.11153625 -0.07394506 0.98865739
1463226640.29724 -0.08727817 -0.17726019 0.72683076 -0.06631546 0.10654594 -0.06036177 0.99025587
1463226640.42825 -0.03917118 -0.17249380 0.72357588 -0.06973186 0.10265938 -0.06765982 0.98995993
1463226640.56151 0.00799852 -0.16303998 0.70639179 -0.07943608 0.10702059 -0.07326442 0.98836675
1463226640.69470 0.05763035 -0.15764509 0.68343628 -0.08334356 0.11636512 -0.08181105 0.98631636
1463226640.82923 0.10549005 -0.15070365 0.65327189 -0.08559658 0.12943825 -0.07920395 0.98470590
1463226640.92850 0.13764595 -0.14335593 0.62612701 -0.09025609 0.13850559 -0.07976883 0.98300914
1463226641.02792 0.16634845 -0.13384241 0.59547806 -0.10009581 0.14279275 -0.07975582 0.98144285
1463226641.12795 0.18944112 -0.12443201 0.56160700 -0.11014763 0.13717464 -0.08051764 0.98110526
1463226641.22784 0.20842839 -0.11472814 0.52216033 -0.11971151 0.13368885 -0.08332853 0.98023099
1463226641.32786 0.22170583 -0.10596085 0.47904116 -0.12148465 0.12303259 -0.09847463 0.98000368
1463226641.42772 0.22930970 -0.09621956 0.43561478 -0.11178451 0.11244004 -0.10334659 0.98192716
1463226641.52764 0.23038586 -0.08509746 0.38894412 -0.10472847 0.10839871 -0.09488997 0.98401096
1463226641.62757 0.22023362 -0.07207934 0.33985722 -0.09685291 0.10553271 -0.08144339 0.98633125
1463226641.72777 0.20263590 -0.06051556 0.29011545 -0.08827188 0.10779331 -0.06974384 0.98778767
1463226641.82766 0.17810447 -0.05248053 0.23965635 -0.07650568 0.10867443 -0.05830784 0.98941242
1463226641.92752 0.14833521 -0.04580612 0.19234802 -0.06253702 0.10409666 -0.03995862 0.99179449
1463226642.02758 0.11498483 -0.03991696 0.14760512 -0.04555081 0.08552024 -0.02078163 0.99507765
1463226642.16066 0.07236765 -0.02856399 0.09261298 -0.02450089 0.05956521 -0.00971676 0.99787638
1463226642.39391 -0.00001205 0.00000094 0.00000585 -0.00000253 0.00000822 0.00000304 1.00000000
