1464885046.21454 -0.03867377 -0.08157244 0.34325181 0.08062740 -0.23892829 -0.01266635 -0.96760119
1464885046.59064 -0.02971459 -0.07513754 0.38026556 0.10630030 -0.23606463 -0.04487413 -0.96486271
1464885046.82330 -0.01009062 -0.09849086 0.39732496 0.08816078 -0.21892275 -0.01730552 -0.97159715
1464885046.95761 -0.00155444 -0.12508745 0.40490320 0.07860151 -0.20561282 0.00742632 -0.97544350
1464885047.14342 -0.00016659 -0.15874063 0.41123845 0.06348491 -0.18927425 0.00465664 -0.97985879
1464885047.60796 -0.01459010 -0.16487024 0.42654958 0.02539068 -0.17118569 0.00688870 -0.98488747
1464885047.98247 -0.04649508 -0.11161861 0.44298760 0.07642557 -0.15987179 -0.01817976 -0.98400693
1464885048.07265 -0.05406155 -0.09890272 0.44426796 0.10725293 -0.18656387 0.01037240 -0.97651582
1464885048.25830 -0.08000639 -0.07620513 0.45078961 0.10595727 -0.16424985 0.03063307 -0.98023296
1464885048.39758 -0.09990679 -0.05653433 0.45554864 0.08212992 -0.15795612 0.04343751 -0.98306547
1464885048.53691 -0.11786594 -0.03368056 0.45993280 0.07993520 -0.13973381 0.04307442 -0.98601695
1464885048.86206 -0.13430297 0.02387164 0.45979232 0.07823647 -0.10411274 0.02438807 -0.99118354
1464885049.04787 -0.12141779 0.05239907 0.45227995 0.08351854 -0.09711627 0.03720269 -0.99106460
1464885049.18726 -0.10289855 0.06931241 0.43953041 0.10022603 -0.08236875 0.04224010 -0.99064923
1464885049.32655 -0.07346042 0.07651531 0.42404481 0.10891526 -0.08468485 0.04226334 -0.98953512
1464885049.46595 -0.04048282 0.07553601 0.41020971 0.12353516 -0.07531177 0.04932391 -0.98824812
1464885049.74549 0.02598263 0.05995955 0.39331127 0.12734194 -0.06309915 0.05672585 -0.98822300
1464885049.88391 0.05508449 0.04422831 0.38954255 0.13331196 -0.07997094 0.05694632 -0.98619962
1464885049.97694 0.07194181 0.02653550 0.38782919 0.12927375 -0.11332615 0.05563789 -0.98353948
1464885050.20912 0.09104304 -0.02977274 0.38886233 0.09224292 -0.16191044 0.01174006 -0.98241459
1464885050.34850 0.08927566 -0.06230792 0.38520811 0.07321393 -0.19986903 0.00299564 -0.97707887
1464885050.48797 0.07128685 -0.08934702 0.38044939 0.05761442 -0.21828561 -0.01560640 -0.97405770
1464885050.62722 0.03962752 -0.11226598 0.37673242 0.04860613 -0.22408151 -0.03012382 -0.97289130
1464885050.77013 0.00264801 -0.13265675 0.36911352 0.03864910 -0.24124205 -0.04778816 -0.96851681
1464885050.90591 -0.03948598 -0.15259730 0.35904071 0.03394736 -0.25490187 -0.05494085 -0.96480781
1464885051.09158 -0.09699351 -0.17707029 0.33899114 0.02895589 -0.26091477 -0.07298130 -0.96216359
1464885051.32382 -0.15395353 -0.18856292 0.29668583 0.00979552 -0.24998997 -0.08260627 -0.96466847
1464885051.46566 -0.18661409 -0.18524205 0.26577199 0.00187504 -0.21698663 -0.07304676 -0.97343590
1464885051.60264 -0.21675181 -0.17692038 0.23241903 -0.00256315 -0.17465598 -0.06316898 -0.98259778
1464885051.78845 -0.24960481 -0.16504503 0.18264907 -0.00129386 -0.12710420 -0.05575175 -0.99032045
1464885052.02152 -0.27682263 -0.15444619 0.12117464 0.01910846 -0.09647854 -0.05464058 -0.99365042
1464885052.48510 -0.28410153 -0.12490587 0.05579700 0.01998550 -0.08248307 -0.05246336 -0.99500991
1464885052.76416 -0.24644321 -0.11154093 0.02762445 0.01499587 -0.10062948 -0.05345710 -0.99337363
1464885052.99610 -0.18599262 -0.10089820 -0.00089766 0.01795215 -0.09939161 -0.04077327 -0.99405059
1464885053.23160 -0.11168740 -0.09770289 -0.03357032 0.02021406 -0.09819293 -0.04525541 -0.99393234
1464885053.46045 -0.03732523 -0.10258419 -0.04208817 0.01926437 -0.09520253 -0.03453921 -0.99467201
1464885053.64640 0.03444436 -0.10532004 -0.02888224 0.00892905 -0.11181569 -0.02956203 -0.99324902
1464885053.83323 0.10684562 -0.11094908 0.00054238 0.01553102 -0.12383596 -0.01825213 -0.99201326
1464885054.02070 0.17102540 -0.13298188 0.03560855 0.00834557 -0.13426433 -0.01155225 -0.99084307
1464885054.15817 0.21222435 -0.15430817 0.06098298 0.00514723 -0.15635719 -0.02571999 -0.98735223
1464885054.29672 0.24350711 -0.18207041 0.09027686 -0.01339510 -0.17407367 -0.03879953 -0.98387678
1464885054.48522 0.27424319 -0.21329329 0.13446513 -0.03380707 -0.19007395 -0.04527515 -0.98014241
1464885054.76256 0.28487950 -0.24080813 0.19856753 -0.02938005 -0.17975629 -0.03719003 -0.98256877
1464885055.03982 0.25683079 -0.25769395 0.26364273 -0.03413163 -0.18378814 -0.04624328 -0.98128411
1464885055.22568 0.21794100 -0.26782540 0.31553929 -0.04291954 -0.19760323 -0.04385702 -0.97835956
1464885055.36498 0.18260547 -0.27606397 0.35218780 -0.04075067 -0.20851628 -0.05473602 -0.97563534
1464885055.55084 0.13262335 -0.28260457 0.38930304 -0.04318229 -0.21262131 -0.06402241 -0.97407833
1464885055.73667 0.08214663 -0.27884260 0.40800969 -0.04356806 -0.22333511 -0.06072096 -0.97187253
1464885055.87595 0.03961217 -0.27427876 0.41659540 -0.04686953 -0.22892082 -0.05730078 -0.97062615
1464885056.01533 -0.00833013 -0.27074545 0.42215440 -0.04181600 -0.22201905 -0.05549021 -0.97256352
1464885056.15460 -0.05455946 -0.27197040 0.42330054 -0.04357636 -0.21953414 -0.05740254 -0.97293926
1464885056.34312 -0.11188561 -0.26838366 0.41660462 -0.05438707 -0.22358155 -0.06856595 -0.97074819
1464885056.48246 -0.15868096 -0.26055809 0.41282826 -0.05381902 -0.21598490 -0.06419534 -0.97279648
1464885056.61911 -0.20947905 -0.24796191 0.41185028 -0.04141454 -0.19898574 -0.05823131 -0.97739379
1464885056.75901 -0.25857158 -0.23344861 0.40733782 -0.02637085 -0.19070656 -0.05295045 -0.97986317
1464885056.94432 -0.32162822 -0.21885956 0.39055676 -0.01730848 -0.17532618 -0.05956155 -0.98255461
1464885057.13017 -0.37153182 -0.19727170 0.36676750 -0.01473139 -0.15064031 -0.05936030 -0.98669491
1464885057.31677 -0.40079752 -0.16136255 0.33367698 -0.00252614 -0.13104320 -0.05011521 -0.99010593
1464885057.50451 -0.40822553 -0.11263552 0.29065188 0.02452278 -0.11867377 -0.03520772 -0.99200584
1464885057.68755 -0.39420788 -0.07033676 0.24099516 0.03912357 -0.13852095 -0.02618992 -0.98923980
1464885057.91978 -0.36196262 -0.04160148 0.19519975 0.02057546 -0.15609849 -0.03481040 -0.98691344
1464885058.15207 -0.30222539 -0.02079632 0.17482131 0.02685222 -0.16350033 -0.03931262 -0.98539389
1464885058.33784 -0.23612549 -0.01334295 0.17617319 0.03405228 -0.19361932 -0.03626832 -0.97981458
1464885058.52360 -0.17173733 -0.01767020 0.18668715 0.03814204 -0.21214650 -0.02630779 -0.97613879
1464885058.75584 -0.11772119 -0.04077528 0.21164825 0.03039758 -0.21842830 -0.04484505 -0.97434798
1464885058.98808 -0.06934399 -0.08238360 0.25185978 0.03032355 -0.21182356 -0.05112787 -0.97549844
1464885059.17388 -0.02380023 -0.12234258 0.29212497 0.01036577 -0.20428985 -0.05827408 -0.97711941
1464885059.31321 0.00786853 -0.15574143 0.32121077 -0.00338403 -0.18930718 -0.04965738 -0.98065564
1464885059.45462 0.03795457 -0.18527709 0.34962164 0.00311539 -0.17741755 -0.04355527 -0.98316644
1464885059.63843 0.07357134 -0.21455729 0.38763061 0.00149548 -0.16847579 -0.03930625 -0.98492065
1464885059.82662 0.10813815 -0.22909294 0.43453673 0.00617376 -0.16246138 -0.04532607 -0.98565396
1464885059.96351 0.13411353 -0.23332195 0.47646605 0.02046698 -0.16685277 -0.04417602 -0.98477903
1464885060.10286 0.15562145 -0.23929632 0.52108741 0.02782455 -0.16779395 -0.04702080 -0.98430688
1464885060.24229 0.17419800 -0.24420233 0.55509657 0.03746561 -0.16999231 -0.04474852 -0.98371567
1464885060.61379 0.18735104 -0.24914451 0.57521787 0.01602773 -0.18468082 -0.05545062 -0.98110210
1464885060.84602 0.16594282 -0.24192628 0.54687179 0.00273127 -0.19039702 -0.05607142 -0.98010077
1464885061.03183 0.13796905 -0.23265982 0.50944472 -0.01145766 -0.18656598 -0.05029517 -0.98108728
1464885061.21766 0.10796327 -0.21674551 0.46061325 -0.00591938 -0.17926814 -0.04584284 -0.98271376
1464885061.40343 0.08329993 -0.19975390 0.41290563 -0.01545589 -0.18874117 -0.04926235 -0.98066870
1464885061.63574 0.05165230 -0.17260036 0.36524639 -0.01737389 -0.19436485 -0.04328613 -0.97981976
1464885061.82137 0.01878140 -0.14559258 0.32882016 -0.00315909 -0.22052292 -0.03691981 -0.97467769
1464885062.00729 -0.01808453 -0.12474549 0.29452718 0.00259592 -0.24643117 -0.03624699 -0.96847875
1464885062.23955 -0.06098430 -0.10897531 0.24672826 0.00838696 -0.27189810 -0.04721519 -0.96113048
1464885062.51822 -0.12286990 -0.08638878 0.17796024 -0.00237252 -0.27979573 -0.02776972 -0.95965492
1464885062.70404 -0.17013050 -0.07737279 0.12406046 -0.02178250 -0.25198210 -0.03264813 -0.96693570
1464885062.93632 -0.21517979 -0.07762049 0.04250401 -0.04985514 -0.21913558 -0.02823134 -0.97401081
1464885063.12224 -0.23143592 -0.07079202 -0.02930038 -0.07842908 -0.24545044 -0.00920380 -0.96618748
1464885063.31042 -0.24947281 -0.05840497 -0.10462656 -0.07737446 -0.28256449 0.03290198 -0.95555636
1464885063.63340 -0.31009316 -0.02609525 -0.23126273 -0.08676090 -0.26909098 -0.00171814 -0.95919739
1464885063.81876 -0.33951786 -0.00655396 -0.29171437 -0.05900777 -0.24002401 0.04393926 -0.96797515
1464885064.00718 -0.37260853 0.01229477 -0.35351306 -0.05477819 -0.20924099 0.09071299 -0.97210530
1464885064.23988 -0.41336978 0.02856540 -0.43712729 -0.07165393 -0.18668940 0.15286305 -0.96780456
1464885064.60848 -0.47515653 0.07916030 -0.56654876 -0.06564548 -0.16340824 0.16484622 -0.97047109
1464885064.93711 -0.51123894 0.12737199 -0.68758322 -0.01908573 -0.16862533 0.15587015 -0.97309081
1464885065.30524 -0.50176353 0.16523531 -0.85781545 0.00554570 -0.17903698 0.14639103 -0.97287444
1464885065.49103 -0.47743899 0.18603597 -0.96752515 0.00733919 -0.23349013 0.13448880 -0.96298560
1464885065.72323 -0.44006564 0.21011855 -1.08407370 -0.00956527 -0.26104896 0.10324353 -0.95974096
1464885066.00330 -0.39435136 0.25108079 -1.21999805 -0.03694965 -0.27099867 0.07695616 -0.95878683
1464885066.28072 -0.35918032 0.27607483 -1.36785484 -0.02549816 -0.30264762 0.06899251 -0.95026012
1464885066.60589 -0.35014975 0.32535456 -1.54060967 -0.02254360 -0.31527819 0.07640028 -0.94565028
1464885066.88492 -0.37088985 0.35303911 -1.68353423 -0.00859475 -0.29121815 0.07341021 -0.95379718
1464885067.16326 -0.35526958 0.39155386 -1.81162722 -0.01792963 -0.26903928 0.09265975 -0.95849390
1464885067.39541 -0.34067320 0.42528859 -1.91554880 0.00102423 -0.24516146 0.10526232 -0.96375031
1464885067.58122 -0.34358182 0.43868583 -1.99305751 -0.00532545 -0.20419277 0.10194734 -0.97359319
1464885067.76708 -0.35155943 0.45537891 -2.07267355 -0.03860851 -0.17627270 0.10819392 -0.97761516
1464885067.99933 -0.36896753 0.47991961 -2.19108677 -0.05236401 -0.13401244 0.10570886 -0.98393308
1464885068.27799 -0.40777313 0.50018097 -2.29717062 -0.05546744 -0.10263990 0.12599606 -0.98514639
1464885068.60316 -0.46316035 0.54291786 -2.42531791 -0.06079930 -0.09153438 0.13807952 -0.98430633
1464885068.83528 -0.51282122 0.57357167 -2.51026675 -0.04289764 -0.05527511 0.12248301 -0.99000120
1464885069.07020 -0.54472804 0.60085856 -2.59611179 -0.05568951 -0.02166430 0.12491104 -0.99036689
1464885069.25337 -0.56132454 0.62948051 -2.67939571 -0.04811732 0.01494548 0.13280686 -0.98986044
1464885069.48564 -0.55727736 0.65092955 -2.78463101 -0.02882578 0.02074159 0.13702951 -0.98993019
1464885069.71802 -0.54848128 0.65652067 -2.86088546 -0.02144822 -0.01056030 0.15684559 -0.98733374
1464885069.99690 -0.53888709 0.67045232 -2.94649357 -0.00476007 -0.02346773 0.16050813 -0.98674401
1464885070.36964 -0.49817879 0.67856850 -3.02443267 -0.00101253 -0.01861624 0.16581986 -0.98597981
1464885070.74312 -0.46893574 0.68100445 -3.05571727 0.00667499 -0.04446886 0.16831844 -0.98470649
1464885071.94747 -0.46280942 0.68610714 -3.07063031 -0.03076487 -0.02485234 0.13340359 -0.99027237
1464885072.73724 -0.46490532 0.70185967 -3.09787032 -0.08934590 -0.02119557 0.12424344 -0.98799374
1464885073.52937 -0.51481250 0.71030685 -3.09894152 -0.10682887 0.02375780 0.12193528 -0.98648616
1464885074.36615 -0.54012145 0.72906945 -3.12056419 -0.09311763 0.06016541 0.13118570 -0.98513935
1464885074.54871 -0.55658980 0.73602209 -3.14723352 -0.10781978 0.09858845 0.13430531 -0.98011086
1464885074.69024 -0.57016616 0.75261127 -3.18415482 -0.11657709 0.14788751 0.14753089 -0.97096535
1464885074.78098 -0.58124329 0.76523950 -3.21873393 -0.11558056 0.19591375 0.15715404 -0.96102110
1464885074.87574 -0.59331608 0.77471234 -3.25824783 -0.13416255 0.24811156 0.15469249 -0.94684281
1464885075.10610 -0.58078612 0.80349928 -3.34961641 -0.10794580 0.26627445 0.16391354 -0.94370439
1464885075.29192 -0.57986121 0.81069277 -3.36854651 -0.09535595 0.19881179 0.16645502 -0.96107952
1464885075.47773 -0.57051244 0.81793468 -3.41114422 -0.11003839 0.21485745 0.16259293 -0.95670861
1464885075.66349 -0.54758153 0.82423310 -3.46738172 -0.13015028 0.21948255 0.17504466 -0.95091939
1464885075.80308 -0.53595367 0.82959037 -3.49713187 -0.13181908 0.22552955 0.17178609 -0.94986825
1464885076.03515 -0.49670195 0.83579095 -3.54790967 -0.15069767 0.22551878 0.16394309 -0.94844829
1464885076.22281 -0.45441710 0.84574694 -3.59180422 -0.16076622 0.22621463 0.16850142 -0.94582685
1464885076.40899 -0.41065061 0.85856088 -3.63402508 -0.14921605 0.23319958 0.16565281 -0.94652611
1464885076.59251 -0.37045043 0.86859320 -3.67725229 -0.14645479 0.22250778 0.16930905 -0.94888130
1464885076.78107 -0.34237325 0.87670127 -3.71817717 -0.15550334 0.19377960 0.16443419 -0.95458346
1464885076.91748 -0.31376506 0.88931000 -3.76162159 -0.14784648 0.15879243 0.16355591 -0.96238030
1464885077.10508 -0.29922714 0.89707977 -3.79906192 -0.13919868 0.12281332 0.15429231 -0.97043006
1464885077.28957 -0.27211659 0.90648391 -3.84759917 -0.14270475 0.09449803 0.15083675 -0.97362917
1464885077.47947 -0.24834269 0.92313674 -3.89529746 -0.13791685 0.08464671 0.15364324 -0.97478594
1464885077.61445 -0.22280455 0.93485085 -3.93324111 -0.13283506 0.07264412 0.15470716 -0.97629062
1464885077.80037 -0.18379394 0.94545838 -3.98736209 -0.13503778 0.04167512 0.15930844 -0.97706131
1464885077.94231 -0.17364530 0.95372913 -4.01700056 -0.13264146 0.01612882 0.16116893 -0.97783980
1464885078.08157 -0.16047167 0.96077501 -4.04988082 -0.13473958 -0.01447237 0.15801920 -0.97809290
1464885078.26475 -0.14912897 0.97461008 -4.09943216 -0.13143074 -0.04977633 0.15292979 -0.97819260
1464885078.45356 -0.14408309 0.99007186 -4.14669753 -0.12053798 -0.07561212 0.14469620 -0.97919171
1464885078.63919 -0.13277940 1.00200513 -4.18809657 -0.10733249 -0.10135172 0.14061569 -0.97899683
1464885078.77567 -0.12886608 1.01086633 -4.21599073 -0.11188628 -0.11122404 0.13750697 -0.97785608
1464885078.91817 -0.12580980 1.01934673 -4.24702843 -0.12066894 -0.10460518 0.14507390 -0.97644781
1464885079.05432 -0.12159282 1.03312802 -4.28601944 -0.11788459 -0.08766043 0.15846068 -0.97637548
1464885079.19379 -0.11654516 1.04805475 -4.33446505 -0.12216355 -0.06349337 0.17357559 -0.97514931
1464885079.33935 -0.10126087 1.06517455 -4.38512758 -0.11425964 -0.04788548 0.16408212 -0.97863618
1464885079.51879 -0.10074563 1.08122802 -4.45214630 -0.10876627 -0.06017694 0.15910019 -0.97940582
1464885079.65817 -0.08595368 1.08946277 -4.49828230 -0.12284822 -0.06392376 0.15036055 -0.97888394
1464885079.80045 -0.08274821 1.10301253 -4.54636587 -0.12900990 -0.07629836 0.15444315 -0.97656660
1464885079.98406 -0.09564047 1.12123082 -4.61378647 -0.12606571 -0.08139535 0.16310444 -0.97513034
1464885080.12269 -0.08642660 1.13070691 -4.66220482 -0.11101639 -0.08191242 0.15973114 -0.97747209
1464885080.30853 -0.08545325 1.14669926 -4.72930983 -0.11734908 -0.08830882 0.16364380 -0.97552624
1464885080.44784 -0.08717981 1.16732485 -4.78133962 -0.11176980 -0.06753279 0.17414256 -0.97602316
1464885080.59015 -0.09515155 1.18786557 -4.83832268 -0.11119618 -0.04054371 0.18697824 -0.97520806
1464885080.73289 -0.09487974 1.20499022 -4.89155678 -0.09694453 -0.02774893 0.18994473 -0.97660266
1464885080.91255 -0.11250362 1.22589523 -4.95930800 -0.09818338 -0.04154134 0.18154004 -0.97758762
1464885081.05169 -0.11892708 1.24001998 -5.00598710 -0.10359517 -0.06749278 0.17248879 -0.97722074
1464885081.19395 -0.13626984 1.25498805 -5.05337926 -0.10352464 -0.10223040 0.17110241 -0.97445142
1464885081.33101 -0.15884625 1.26912125 -5.10144262 -0.09326932 -0.11350183 0.16288693 -0.97564646
1464885081.51623 -0.18539173 1.29103931 -5.16416848 -0.08773952 -0.14126952 0.16367899 -0.97239595
1464885081.66238 -0.21324547 1.30946044 -5.21170429 -0.08079323 -0.15853852 0.16596492 -0.96994517
1464885081.79579 -0.24462793 1.32266000 -5.26280066 -0.08600762 -0.17263325 0.15440615 -0.96899907
1464885081.93445 -0.27299598 1.33059858 -5.31194839 -0.07811087 -0.20417473 0.15385069 -0.96360850
1464885082.07354 -0.30574148 1.33854601 -5.35129096 -0.07133745 -0.23959674 0.16121039 -0.95473325
1464885082.21318 -0.34111411 1.34806043 -5.38774621 -0.07413085 -0.27317210 0.16216166 -0.94529637
1464885082.35543 -0.38823554 1.36232840 -5.41524892 -0.06861150 -0.30657575 0.15080931 -0.93731549
1464885082.49358 -0.43630885 1.36934271 -5.44243972 -0.07327477 -0.33589508 0.14366038 -0.92799084
1464885082.63096 -0.48562800 1.37479508 -5.46508423 -0.06361701 -0.35056108 0.14250908 -0.92344516
1464885082.77040 -0.53613064 1.38495577 -5.48397491 -0.06004057 -0.36285937 0.14762948 -0.91811423
1464885082.91155 -0.58811659 1.40182704 -5.50658173 -0.04426163 -0.38181949 0.14156236 -0.91225812
1464885083.00440 -0.62416461 1.41127912 -5.52216624 -0.03724966 -0.39301698 0.12900140 -0.90967508
1464885083.14193 -0.67663106 1.41674355 -5.54866506 -0.02725516 -0.41838532 0.11394531 -0.90068160
1464885083.28513 -0.72613379 1.42113644 -5.56892399 -0.02642965 -0.43907176 0.11171392 -0.89108780
1464885083.42054 -0.77863506 1.43257784 -5.58190154 -0.01382337 -0.46112392 0.11037751 -0.88033542
1464885083.55987 -0.83642997 1.44091985 -5.59346188 -0.00617872 -0.48002275 0.10395903 -0.87105253
1464885083.69933 -0.89625815 1.44350411 -5.60341377 -0.00580179 -0.48756739 0.08457631 -0.86895985
1464885083.83868 -0.95282517 1.44713158 -5.61744898 -0.01116051 -0.49041970 0.07647161 -0.86805303
1464885084.02501 -1.02500433 1.46401807 -5.64163585 -0.00911985 -0.48875557 0.08427154 -0.86829323
1464885084.16371 -1.08268674 1.47691731 -5.66294169 -0.00441090 -0.48116618 0.08802598 -0.87218753
1464885084.30421 -1.13444059 1.48287095 -5.68727416 0.01102581 -0.49141439 0.08435655 -0.86676081
1464885084.44616 -1.18166083 1.48428822 -5.71027327 0.01357357 -0.51631613 0.08024070 -0.85252263
1464885084.58178 -1.22907591 1.48877603 -5.73057766 0.01530780 -0.54907398 0.08246820 -0.83155423
1464885084.76802 -1.30818830 1.49821202 -5.74985159 0.01650887 -0.56264540 0.08125904 -0.82252938
1464885084.91316 -1.37733094 1.50172007 -5.75654476 0.01712231 -0.56359004 0.07792135 -0.82219302
1464885085.04630 -1.44051276 1.50478519 -5.76422395 0.02875952 -0.57163192 0.06989269 -0.81702194
1464885085.18554 -1.50166917 1.50663833 -5.77471478 0.00619080 -0.58315596 0.08353334 -0.80803031
1464885085.32494 -1.56731792 1.52024544 -5.78004970 0.01862949 -0.58354316 0.06431769 -0.80931672
1464885085.46526 -1.63290185 1.53192166 -5.79740327 0.02665098 -0.60947976 0.05094625 -0.79071400
1464885085.60574 -1.69516964 1.54180279 -5.82040918 0.04453394 -0.63633849 0.03318294 -0.76940818
1464885085.69663 -1.73476055 1.54230379 -5.84062724 0.04508122 -0.67462709 0.03302572 -0.73604027
1464885085.78952 -1.77561883 1.54465946 -5.85827646 0.05026167 -0.70480832 0.02874739 -0.70703082
1464885085.92910 -1.83660983 1.55096621 -5.87418987 0.05188643 -0.73864426 0.01970244 -0.67180672
1464885086.07087 -1.90377955 1.56148251 -5.86938748 0.05953772 -0.75622742 -0.00852928 -0.65153864
1464885086.20757 -1.95596924 1.56657638 -5.86139064 0.05125012 -0.76736499 -0.04098701 -0.63784361
1464885086.39342 -2.00846834 1.56518653 -5.84103764 0.03120819 -0.76380301 -0.03239449 -0.64388012
1464885086.57914 -2.07063316 1.57564928 -5.82720454 0.03511661 -0.77595313 -0.05150785 -0.62770256
1464885086.71902 -2.12231951 1.58656565 -5.82321579 0.05010252 -0.78319403 -0.07195241 -0.61556453
1464885086.85790 -2.17681524 1.59307921 -5.81437527 0.06284104 -0.79283001 -0.08928602 -0.59958285
1464885087.04358 -2.23438947 1.60375136 -5.80844810 0.08603685 -0.81018033 -0.09928322 -0.57126906
1464885087.23475 -2.29016805 1.61420077 -5.79625374 0.08632037 -0.81807552 -0.11854441 -0.55610112
1464885087.41531 -2.34027575 1.61917994 -5.78537016 0.05777594 -0.83074799 -0.14880142 -0.53327090
1464885087.60106 -2.39344482 1.62922425 -5.78910344 0.04243147 -0.83518220 -0.16640258 -0.52247531
1464885087.78690 -2.46047047 1.64334313 -5.80783178 0.02523274 -0.83837863 -0.17203739 -0.51661176
1464885087.93338 -2.53216226 1.65337246 -5.81153814 0.01210265 -0.83798887 -0.17477287 -0.51680038
1464885088.06653 -2.60005237 1.66467741 -5.82188608 0.01070582 -0.84259738 -0.18262303 -0.50652134
1464885088.20512 -2.66381368 1.67839049 -5.83041596 -0.00990370 -0.84281803 -0.20129889 -0.49903752
1464885088.34432 -2.72566050 1.69008648 -5.84630351 -0.03161700 -0.84869728 -0.18810310 -0.49328544
1464885088.48364 -2.79252023 1.70853135 -5.86282700 -0.04447485 -0.84679918 -0.17212663 -0.50132380
1464885088.63025 -2.86717691 1.72689421 -5.87842630 -0.04745717 -0.84346246 -0.18143106 -0.50339017
1464885088.76240 -2.94008999 1.73584300 -5.89092886 -0.04674709 -0.83809610 -0.19623436 -0.50685473
1464885088.90167 -3.00383369 1.73794418 -5.89411372 -0.07338870 -0.82701354 -0.20344260 -0.51891600
1464885089.04105 -3.07468880 1.74542181 -5.89586790 -0.08987509 -0.83560432 -0.18581708 -0.50907750
1464885089.13399 -3.12854905 1.75282552 -5.89107261 -0.09005184 -0.83788705 -0.17304821 -0.50979434
1464885089.27328 -3.20420237 1.75707043 -5.88291987 -0.09026282 -0.82946311 -0.16664535 -0.52542640
1464885089.36805 -3.26037665 1.75278554 -5.85546488 -0.08931987 -0.81665532 -0.17750988 -0.54183603
1464885089.50552 -3.32957805 1.74481441 -5.83843691 -0.10861438 -0.81690843 -0.18117468 -0.53669289
1464885089.64564 -3.40379817 1.74946453 -5.82337571 -0.12778479 -0.82760353 -0.17977988 -0.51616145
1464885089.78705 -3.48766075 1.76621820 -5.80692028 -0.12016540 -0.83871026 -0.16078286 -0.50623536
1464885089.87700 -3.54689714 1.77554816 -5.79101193 -0.11564939 -0.83391916 -0.17513623 -0.51042272
1464885090.02385 -3.63021550 1.77594121 -5.77920443 -0.10365455 -0.83506800 -0.17847689 -0.50996390
1464885090.15618 -3.71846146 1.76000033 -5.75024888 -0.11106665 -0.84489015 -0.16824641 -0.49549770
1464885090.29524 -3.79442496 1.75907203 -5.72280467 -0.11859387 -0.85045875 -0.14411058 -0.49182064
1464885090.43464 -3.87671316 1.76469961 -5.67975182 -0.10426226 -0.85396055 -0.13895934 -0.49048043
1464885090.52747 -3.92945188 1.76089036 -5.64252151 -0.09482741 -0.84613561 -0.14693145 -0.50346146
1464885090.66879 -3.99323793 1.75005397 -5.60495786 -0.09854667 -0.84303617 -0.16349936 -0.50283846
1464885090.80918 -4.07117667 1.73502221 -5.54663553 -0.11019627 -0.84861611 -0.16245421 -0.49123937
1464885090.95242 -4.14612593 1.74177181 -5.50556633 -0.12567002 -0.85472862 -0.15398655 -0.47951452
1464885091.03920 -4.20391495 1.75062800 -5.47965568 -0.10486878 -0.86236511 -0.15268631 -0.47118557
1464885091.18172 -4.28407842 1.74470170 -5.44501400 -0.11025383 -0.86746368 -0.15572551 -0.45945667
1464885091.31710 -4.37112106 1.72323946 -5.40202400 -0.10705163 -0.88322569 -0.15446692 -0.42964206
1464885091.45641 -4.44460088 1.71016819 -5.36205590 -0.12197338 -0.89117231 -0.14026243 -0.41383675
1464885091.59570 -4.51962069 1.70974997 -5.31567013 -0.11884238 -0.90517769 -0.12345166 -0.38895953
1464885091.78203 -4.61574959 1.68569451 -5.22929017 -0.13502181 -0.90629662 -0.11647954 -0.38318151
1464885091.96761 -4.69019272 1.66349584 -5.17348700 -0.14603948 -0.90703702 -0.13158674 -0.37234559
1464885092.10940 -4.76827467 1.65709917 -5.11185322 -0.15507756 -0.91565536 -0.11280042 -0.35327367
1464885092.24602 -4.84868561 1.66812211 -5.06306931 -0.13560121 -0.92011268 -0.11466474 -0.34908016
1464885092.38527 -4.92818130 1.66442731 -5.01229610 -0.14062076 -0.91515531 -0.12093575 -0.35789818
1464885092.57402 -5.02336642 1.63819761 -4.94736666 -0.13729819 -0.91590129 -0.11498912 -0.35923745
1464885092.71048 -5.09206222 1.62808211 -4.90196786 -0.14898179 -0.92565262 -0.07745751 -0.33907519
1464885092.85030 -5.16438926 1.62484585 -4.84398978 -0.11836526 -0.92545893 -0.07152644 -0.35270300
1464885092.94280 -5.21140080 1.61292564 -4.79943346 -0.10145508 -0.92596206 -0.06705640 -0.35749766
1464885093.08242 -5.27537284 1.59601604 -4.73040277 -0.09682029 -0.92407332 -0.09623652 -0.35700540
1464885093.27069 -5.35208815 1.57726868 -4.64830743 -0.11750152 -0.92544001 -0.09847914 -0.34649105
1464885093.40734 -5.41866488 1.58380822 -4.58680736 -0.11703246 -0.93173706 -0.09206525 -0.33120000
1464885093.54702 -5.48958764 1.58409482 -4.51851087 -0.11540246 -0.93051863 -0.10516329 -0.33129750
1464885093.68598 -5.56039038 1.56469056 -4.45289919 -0.10621407 -0.93273481 -0.12343067 -0.32169741
1464885093.82531 -5.62170812 1.54282503 -4.40519952 -0.10845402 -0.94145538 -0.11591458 -0.29742781
1464885093.96742 -5.69597755 1.53536715 -4.33194481 -0.08663482 -0.95204847 -0.09846652 -0.27640997
1464885094.15042 -5.77944914 1.51652321 -4.22893854 -0.07538247 -0.95368857 -0.08796906 -0.27759151
1464885094.33624 -5.85199979 1.48387776 -4.12190796 -0.08322821 -0.95256613 -0.10896299 -0.27169451
1464885094.52204 -5.92323151 1.46748072 -4.02630276 -0.09825206 -0.95709385 -0.09830468 -0.25427166
1464885094.66456 -5.99108132 1.47229012 -3.94685972 -0.08351048 -0.96244318 -0.10977219 -0.23383580
1464885094.85032 -6.08109375 1.44719911 -3.84186280 -0.07630280 -0.96589850 -0.12881956 -0.21124272
1464885094.98849 -6.13852949 1.41540621 -3.77252405 -0.07790840 -0.97461810 -0.11471571 -0.17575590
1464885095.12875 -6.19531444 1.40155115 -3.70096122 -0.07039855 -0.98180717 -0.10320266 -0.14299627
1464885095.31171 -6.26654349 1.37608486 -3.59033417 -0.03988950 -0.98804108 -0.09139150 -0.11760629
1464885095.54397 -6.32505138 1.33126516 -3.46030355 -0.05008046 -0.98516336 -0.11602324 -0.11611941
1464885095.77627 -6.39003135 1.32530770 -3.34790422 -0.05388660 -0.98810833 -0.10349627 -0.10013335
1464885095.96200 -6.45931650 1.31371734 -3.22276434 -0.05862676 -0.98446577 -0.12397076 -0.10964170
1464885096.19611 -6.53423182 1.26958837 -3.09885694 -0.06205188 -0.98298517 -0.13256441 -0.11097927
1464885096.42653 -6.60328252 1.25830318 -2.96445517 -0.04361225 -0.98584942 -0.12534113 -0.10241330
1464885096.61225 -6.64029650 1.22248826 -2.84872700 -0.05202268 -0.98218447 -0.13465448 -0.12031413
1464885096.84448 -6.68316028 1.18215213 -2.72317503 -0.06010760 -0.98134965 -0.13340458 -0.12467222
1464885097.03032 -6.72349196 1.18421405 -2.62059008 -0.05902239 -0.98057178 -0.13995999 -0.12412311
1464885097.21883 -6.77810046 1.15593370 -2.50093572 -0.06956676 -0.97740377 -0.15345337 -0.12764955
1464885097.40190 -6.82942427 1.11387309 -2.40419108 -0.06164880 -0.98246214 -0.14490208 -0.09985473
1464885097.58766 -6.88048628 1.09943633 -2.30127804 -0.03818352 -0.98868185 -0.12418356 -0.07502443
1464885097.81982 -6.92532014 1.05574763 -2.14691925 -0.03273771 -0.98763917 -0.13051530 -0.08039200
1464885098.00580 -6.95237035 1.01941916 -2.04268366 -0.04195011 -0.98872499 -0.13279025 -0.05504383
1464885098.19173 -6.99096753 1.01215392 -1.92432082 -0.03609682 -0.99049591 -0.12718894 -0.03791895
1464885098.33338 -7.02334883 0.99986849 -1.82435930 -0.03330632 -0.98872589 -0.14322851 -0.02823831
1464885098.47139 -7.05149567 0.96894793 -1.72984313 -0.03337701 -0.98650431 -0.15972072 -0.01358345
1464885098.65612 -7.08567968 0.93028396 -1.61269427 -0.02948438 -0.98895081 -0.14354559 0.02239692
1464885098.84461 -7.10747624 0.91080112 -1.48227190 0.00110224 -0.98828440 -0.14977508 0.02932853
1464885099.07418 -7.10593980 0.85283588 -1.34172815 0.00272906 -0.98705966 -0.15767466 0.02906004
1464885099.25996 -7.11409723 0.81747659 -1.22272527 -0.00187315 -0.98967385 -0.13083580 0.05851626
1464885099.44600 -7.12566508 0.81267944 -1.08926765 0.01416512 -0.98575656 -0.15760541 0.05695511
1464885099.63153 -7.13470632 0.77234473 -0.96148241 -0.00016228 -0.98255652 -0.16899523 0.07760967
1464885099.86381 -7.14148390 0.71973901 -0.81132136 0.00157388 -0.98125566 -0.14873729 0.12252372
1464885100.09866 -7.12660705 0.68488352 -0.64321860 0.02845462 -0.97874582 -0.14564258 0.14154575
1464885100.32824 -7.08924678 0.63320566 -0.49637552 -0.00201762 -0.97497144 -0.16251391 0.15170973
1464885100.51608 -7.07366830 0.61597530 -0.37714428 -0.00766394 -0.97191005 -0.14858417 0.18235916
1464885100.65542 -7.06578672 0.61156304 -0.27272387 -0.00627079 -0.96644186 -0.17136708 0.19126980
1464885100.83931 -7.05726355 0.56728995 -0.16025124 -0.01591285 -0.96130861 -0.17233746 0.21431830
1464885101.02502 -7.04652508 0.52460099 -0.03871019 -0.00319151 -0.95458110 -0.16329862 0.24919529
1464885101.21090 -7.02528957 0.50983748 0.08430708 0.01977460 -0.95248354 -0.17172560 0.25078755
1464885101.39662 -6.97682050 0.47490272 0.19564696 0.00183029 -0.95431837 -0.18250092 0.23657242
1464885101.58246 -6.94441495 0.43334915 0.28961819 -0.01274780 -0.95359764 -0.16437434 0.25193275
1464885101.81456 -6.92259377 0.41512398 0.42937853 0.00446760 -0.95036855 -0.16111830 0.26612132
1464885102.00042 -6.89943181 0.38475232 0.55252334 0.00368171 -0.94587620 -0.17665376 0.27220967
1464885102.23293 -6.87257738 0.33018359 0.68294402 0.00423124 -0.93989317 -0.15739911 0.30299910
1464885102.46495 -6.83659483 0.30297123 0.83088829 0.03852346 -0.93663270 -0.14038429 0.31863361
1464885102.70023 -6.78030644 0.24948636 0.96418854 0.04239865 -0.93017804 -0.11466792 0.34615377
1464885102.88585 -6.74249734 0.21736243 1.07003719 0.04366994 -0.91864594 -0.05824337 0.38831725
1464885103.25739 -6.65415859 0.17682140 1.29808367 0.03626342 -0.91156817 -0.06334861 0.40461758
1464885103.62621 -6.56045896 0.12091881 1.49859922 0.03844265 -0.90368588 -0.05710600 0.42262619
1464885103.81186 -6.48722236 0.08861114 1.59730328 -0.03680451 -0.90308243 -0.06834158 0.42239433
1464885103.99782 -6.42154296 0.06098032 1.68337385 -0.08671118 -0.89721859 -0.11323731 0.41792018
1464885104.13720 -6.37910746 0.05189930 1.75751484 -0.08447265 -0.89411673 -0.13115438 0.41978349
1464885104.23005 -6.35232825 0.05210048 1.81322786 -0.08880257 -0.88861408 -0.15793053 0.42135148
1464885104.32286 -6.32095311 0.04569971 1.86927005 -0.09586058 -0.88293445 -0.18908037 0.41891064
1464885104.42102 -6.28778927 0.02867214 1.92129632 -0.10212831 -0.87992847 -0.20946889 0.41402716
1464885104.50876 -6.25826085 0.00692273 1.96938641 -0.10036321 -0.87307744 -0.22507445 0.42071903
1464885104.55618 -6.24275856 -0.00498547 1.99233238 -0.10090170 -0.87335975 -0.21596284 0.42476070
1464885104.65386 -6.21690008 -0.02192293 2.03803483 -0.10131643 -0.86904274 -0.20172838 0.44023330
1464885104.74152 -6.18717121 -0.03177098 2.09169454 -0.08621229 -0.86230907 -0.20855724 0.45331489
1464885104.78737 -6.17071060 -0.03550233 2.11677218 -0.07978419 -0.86299692 -0.20860749 0.45315970
1464885104.88305 -6.12983494 -0.04816751 2.17224965 -0.07125652 -0.85681645 -0.23495301 0.45341500
1464885105.01987 -6.06629706 -0.08092086 2.23903375 -0.06658387 -0.85241700 -0.23786691 0.46083747
1464885105.16183 -6.00911084 -0.11109551 2.29660921 -0.06425833 -0.84688517 -0.23325375 0.47354943
1464885105.29914 -5.95729800 -0.12508377 2.36152982 -0.06273165 -0.84319432 -0.22817214 0.48272720
1464885105.39128 -5.92132264 -0.12540434 2.41178672 -0.05692417 -0.83918290 -0.23026939 0.48939524
1464885105.48419 -5.88134083 -0.12580719 2.46406844 -0.06646807 -0.83762288 -0.25059685 0.48080258
1464885105.57956 -5.83930355 -0.13991598 2.51247257 -0.07751655 -0.83609529 -0.24851713 0.48288205
1464885105.67000 -5.80081705 -0.15892708 2.55786706 -0.08023768 -0.82936768 -0.25762433 0.48922477
1464885105.80921 -5.74617971 -0.19147820 2.61663978 -0.08415068 -0.82500105 -0.24722080 0.50117243
1464885105.90209 -5.71472828 -0.20382388 2.65830654 -0.07453496 -0.82209942 -0.22847546 0.51613570
1464885105.99503 -5.67951781 -0.21022955 2.70360911 -0.06590425 -0.81876018 -0.22257049 0.52511977
1464885106.08797 -5.63395874 -0.22069525 2.74786862 -0.06253339 -0.81679053 -0.24500110 0.51857234
1464885106.18175 -5.58625182 -0.24312598 2.78535803 -0.05425704 -0.81528129 -0.22759734 0.52969052
1464885106.27383 -5.53868027 -0.25912199 2.82218021 -0.06626541 -0.81067104 -0.24216495 0.52893998
1464885106.36672 -5.49184126 -0.27708341 2.85726831 -0.07114784 -0.80229487 -0.24048455 0.54169004
1464885106.45961 -5.44668970 -0.28750117 2.89139317 -0.08417461 -0.80030369 -0.23324611 0.54591657
1464885106.55257 -5.40543836 -0.29049025 2.93015641 -0.08564495 -0.79833627 -0.22504266 0.55197821
1464885106.64544 -5.36333651 -0.29049484 2.97271570 -0.08999029 -0.79546313 -0.22070942 0.55716021
1464885106.74137 -5.31859908 -0.29543839 3.01682716 -0.09473636 -0.79064417 -0.23043987 0.55928910
1464885106.83189 -5.27091992 -0.31059522 3.05751491 -0.10188826 -0.78923135 -0.23717389 0.55720840
1464885106.92413 -5.22583411 -0.33257136 3.09746865 -0.09512248 -0.77499834 -0.25039771 0.57238996
1464885107.01696 -5.18554956 -0.35356414 3.13055137 -0.09025075 -0.77106027 -0.24263144 0.58176529
1464885107.10997 -5.14673572 -0.36569329 3.16510361 -0.07755631 -0.76606361 -0.22858560 0.59571822
1464885107.20531 -5.10362769 -0.37213909 3.19979285 -0.06586191 -0.76397774 -0.22491798 0.60117561
1464885107.29572 -5.05250650 -0.37912500 3.23194802 -0.06093300 -0.76674824 -0.23599171 0.59387896
1464885107.43799 -4.97077968 -0.40329963 3.26856645 -0.05963548 -0.76623674 -0.23461814 0.59521357
1464885107.57448 -4.89831612 -0.42606295 3.29760518 -0.06713301 -0.76668127 -0.24288940 0.59050633
1464885107.71368 -4.83492570 -0.44157726 3.33109288 -0.07750827 -0.76248957 -0.23369447 0.59832184
1464885107.80853 -4.79005458 -0.44292993 3.36031145 -0.08249364 -0.76427118 -0.23395423 0.59527286
1464885107.89950 -4.74281258 -0.44344058 3.39573489 -0.08092218 -0.76134091 -0.22898899 0.60114529
1464885107.99267 -4.69212593 -0.44854600 3.43249313 -0.08608178 -0.75497074 -0.23208713 0.60724351
1464885108.08531 -4.64098768 -0.46173551 3.46399456 -0.09369247 -0.75367602 -0.23468108 0.60672808
1464885108.17827 -4.59296658 -0.48025713 3.49416037 -0.09379483 -0.74438854 -0.23428852 0.61822094
1464885108.27198 -4.54901676 -0.49903887 3.52038851 -0.09202752 -0.74350218 -0.22281186 0.62377104
1464885108.36402 -4.50649832 -0.51014622 3.55082024 -0.08659652 -0.73521161 -0.20722600 0.63954853
1464885108.45989 -4.45860364 -0.51541481 3.58405323 -0.07310584 -0.72735656 -0.21399473 0.64793072
1464885108.55035 -4.40424228 -0.52106320 3.61572622 -0.06609363 -0.72355733 -0.22894556 0.64782741
1464885108.64306 -4.34820549 -0.53725075 3.63978111 -0.05191084 -0.71866000 -0.21906169 0.65790960
1464885108.73617 -4.29283044 -0.54960229 3.65838316 -0.06716749 -0.72142592 -0.22293747 0.65217486
1464885108.83153 -4.24037553 -0.56423956 3.67725020 -0.07675768 -0.71681729 -0.22542633 0.65533518
1464885108.92150 -4.19120300 -0.57892234 3.69964591 -0.07035695 -0.70620055 -0.21515045 0.67085092
1464885109.01462 -4.14288703 -0.58437690 3.72542824 -0.06656531 -0.70081781 -0.20425416 0.68022327
1464885109.10733 -4.08960729 -0.58297006 3.75712089 -0.06133430 -0.69141131 -0.20763642 0.68925729
1464885109.20027 -4.03036861 -0.58159482 3.78932136 -0.06590091 -0.68278050 -0.22474592 0.69206729
1464885109.29694 -3.97120979 -0.58972390 3.81417539 -0.07629872 -0.67884809 -0.22497861 0.69478659
1464885109.38603 -3.91382153 -0.60422457 3.83833537 -0.08078363 -0.66602709 -0.22651829 0.70609587
1464885109.47886 -3.85797901 -0.62382566 3.86017842 -0.07889799 -0.65324154 -0.21841652 0.72065583
1464885109.57174 -3.80356867 -0.63675949 3.88629635 -0.07011725 -0.63135324 -0.21161504 0.74276223
1464885109.66460 -3.74853956 -0.64357153 3.91142890 -0.05700468 -0.61590910 -0.21218643 0.75656022
1464885109.75807 -3.69109860 -0.64979427 3.93415157 -0.04028510 -0.59993416 -0.21345332 0.76999597
1464885109.85044 -3.63095590 -0.65934743 3.94934000 -0.03155444 -0.59521834 -0.23506936 0.76776419
1464885109.94415 -3.57266989 -0.67180679 3.95834042 -0.02995195 -0.59153184 -0.23717962 0.77002519
1464885110.03625 -3.51507182 -0.68353705 3.96727199 -0.03345100 -0.57958144 -0.25022409 0.77482533
1464885110.12914 -3.46218320 -0.69531149 3.97479672 -0.03136052 -0.57538539 -0.24229923 0.78053780
1464885110.22460 -3.40646644 -0.69987535 3.98610847 -0.03048622 -0.56259054 -0.23427458 0.79226125
1464885110.31492 -3.35189886 -0.69780659 4.00055855 -0.02731238 -0.55558639 -0.22617029 0.79964042
1464885110.36138 -3.32241386 -0.69566022 4.00944311 -0.02729830 -0.54897075 -0.22173298 0.80543181
1464885110.45695 -3.26055316 -0.69187132 4.02528564 -0.03698507 -0.54084244 -0.22221708 0.81039566
1464885110.54728 -3.19701711 -0.69575248 4.03523237 -0.04801187 -0.53478634 -0.21808027 0.81494750
1464885110.59365 -3.16571025 -0.69867470 4.04105339 -0.05406728 -0.52604204 -0.22043867 0.81961167
1464885110.69226 -3.10446605 -0.71021798 4.04816292 -0.05904882 -0.50947881 -0.21366346 0.83144002
1464885110.78260 -3.04586061 -0.72272656 4.05401979 -0.05480776 -0.49280782 -0.20997562 0.84264275
1464885110.87235 -2.98919804 -0.72899577 4.06115473 -0.04512094 -0.47404725 -0.20503580 0.85510445
1464885110.96575 -2.93181589 -0.73011478 4.06711653 -0.02896337 -0.45221414 -0.20371960 0.86784896
1464885111.05818 -2.87303098 -0.72862927 4.06535068 -0.02758690 -0.44521303 -0.21183441 0.86956915
1464885111.15398 -2.81518484 -0.73238297 4.05622681 -0.02270138 -0.44187403 -0.22240361 0.86877421
1464885111.24584 -2.75781898 -0.73451114 4.04522148 -0.02731590 -0.43039555 -0.22058121 0.87484709
1464885111.33685 -2.70248274 -0.73858182 4.03193602 -0.03998979 -0.41966684 -0.22426145 0.87862811
1464885111.42974 -2.64924406 -0.74399607 4.01930144 -0.04495308 -0.40583062 -0.21247183 0.88777049
1464885111.52271 -2.59536261 -0.74533154 4.01032868 -0.03988561 -0.38257860 -0.19604123 0.90200365
1464885111.61858 -2.53909349 -0.73951672 4.00314116 -0.03450744 -0.36182046 -0.17966325 0.91412051
1464885111.70856 -2.47943490 -0.72813050 3.99253657 -0.04349737 -0.34689062 -0.18039211 0.91936585
1464885111.80130 -2.42099595 -0.72035266 3.97595902 -0.05308206 -0.32971646 -0.17355044 0.92647159
1464885111.89440 -2.36495144 -0.71755139 3.95316285 -0.06901723 -0.31492669 -0.17111831 0.93100823
1464885111.98717 -2.31435559 -0.72112684 3.92789759 -0.07254368 -0.29406128 -0.16228296 0.93911108
1464885112.08296 -2.26883747 -0.72676988 3.90308229 -0.05857358 -0.27169321 -0.14376748 0.94978042
1464885112.17297 -2.22395775 -0.72527189 3.87770923 -0.04960985 -0.24622015 -0.13420991 0.95859387
1464885112.26600 -2.17790165 -0.71886556 3.84858767 -0.03546340 -0.22093447 -0.13405101 0.96538108
1464885112.35880 -2.13525838 -0.70812629 3.81189950 -0.04145868 -0.21155694 -0.14067795 0.96629941
1464885112.45457 -2.09713976 -0.70241914 3.77040614 -0.04023022 -0.20094506 -0.14376676 0.96815997
1464885112.54804 -2.06318272 -0.69732884 3.72771545 -0.04435297 -0.19013304 -0.13637312 0.97122840
1464885112.63746 -2.03031385 -0.69116996 3.68677041 -0.05997532 -0.17180847 -0.12942174 0.97474860
1464885112.73037 -2.00060712 -0.68496771 3.64785789 -0.06645184 -0.15345140 -0.11156638 0.97958653
1464885112.82516 -1.96991287 -0.67543689 3.61133986 -0.07122469 -0.12840213 -0.08876764 0.98517016
1464885112.91610 -1.93676519 -0.66470865 3.57625066 -0.07229263 -0.09893380 -0.07768769 0.98941927
1464885113.01211 -1.90311264 -0.65148124 3.54093034 -0.07111874 -0.06861761 -0.06450317 0.99301213
1464885113.10185 -1.86857220 -0.63647055 3.50239563 -0.07737707 -0.03673808 -0.05809309 0.99462973
1464885113.19478 -1.83939828 -0.62342491 3.45991298 -0.08973430 -0.01976050 -0.04733102 0.99464418
1464885113.28775 -1.81046901 -0.61378588 3.41877643 -0.09819626 0.01141570 -0.04083929 0.99426321
1464885113.38058 -1.78665201 -0.60613447 3.37861466 -0.10892535 0.03517183 -0.03709103 0.99273484
1464885113.47685 -1.76729976 -0.60032504 3.34093533 -0.11315154 0.05788057 -0.02680219 0.99152822
1464885113.56767 -1.74941667 -0.59371354 3.30588816 -0.11256919 0.08485114 -0.01872165 0.98983734
1464885113.65931 -1.73302079 -0.58494760 3.26980696 -0.11312583 0.11038175 -0.01642771 0.98729355
1464885113.75220 -1.71920649 -0.57399713 3.23152387 -0.10984236 0.13063347 -0.01267465 0.98524561
1464885113.84673 -1.70817851 -0.56171874 3.18902144 -0.11802972 0.14885977 -0.01414692 0.98168713
1464885113.94075 -1.70263989 -0.55229063 3.14707259 -0.12366596 0.15648902 -0.01069588 0.97984872
1464885114.03091 -1.69998437 -0.54458534 3.10952987 -0.13393477 0.15849422 -0.00072917 0.97823337
1464885114.12383 -1.69470794 -0.53840733 3.07597777 -0.13471500 0.18008278 0.00863058 0.97434469
1464885114.21675 -1.69172924 -0.53020646 3.04597718 -0.14004292 0.18640553 0.02379557 0.97214954
1464885114.30960 -1.68675396 -0.52003566 3.01608843 -0.14755259 0.20012005 0.04051949 0.96774913
1464885114.40503 -1.67851765 -0.51009860 2.98752466 -0.15694810 0.21672896 0.05263152 0.96209447
1464885114.49545 -1.66567246 -0.50144837 2.96211135 -0.15941733 0.24170208 0.05981726 0.95529478
1464885114.58833 -1.65244409 -0.49260953 2.93774412 -0.16457525 0.26139756 0.06515370 0.94886316
1464885114.68118 -1.63803230 -0.48609743 2.91538575 -0.16540286 0.28075360 0.07137129 0.94272236
1464885114.77418 -1.62517153 -0.47851914 2.89406944 -0.16749298 0.29182695 0.08614255 0.93774335
1464885114.86970 -1.61018933 -0.47088992 2.87170957 -0.16957374 0.30660333 0.09781285 0.93148902
1464885114.95982 -1.59563801 -0.46425260 2.84862949 -0.17760040 0.32620760 0.10841193 0.92211363
1464885115.00643 -1.58818176 -0.46046212 2.83683339 -0.18032083 0.33741150 0.11257558 0.91704123
1464885115.10218 -1.57348866 -0.45480523 2.81420582 -0.18441936 0.36585372 0.11944803 0.90436316
1464885115.19207 -1.56042627 -0.45222084 2.79178392 -0.18516499 0.38740265 0.12676033 0.89418395
1464885115.23865 -1.55419455 -0.44956638 2.78035482 -0.18488537 0.40198556 0.12896069 0.88746502
1464885115.33432 -1.54075230 -0.44451837 2.75720787 -0.18716501 0.42703339 0.13199693 0.87475057
1464885115.42442 -1.52625444 -0.43897367 2.73304088 -0.19388381 0.44831969 0.13684204 0.86179625
1464885115.47090 -1.51978293 -0.43583794 2.72190399 -0.19163492 0.45866112 0.13810489 0.85664058
1464885115.56665 -1.50688022 -0.42813636 2.69972692 -0.19570260 0.46914487 0.14987016 0.84802271
1464885115.65670 -1.49314077 -0.41966014 2.67626743 -0.20568530 0.47658004 0.16412733 0.83882492
1464885115.70315 -1.48550701 -0.41650721 2.66371540 -0.20147489 0.48766925 0.16733798 0.83281725
1464885115.79972 -1.46860331 -0.41250036 2.63816710 -0.19451931 0.50855910 0.18041347 0.81913421
1464885115.88914 -1.45340881 -0.41085476 2.61316105 -0.19434715 0.52356764 0.19129259 0.80716372
1464885115.93533 -1.44628551 -0.40987494 2.60070764 -0.19356635 0.53260645 0.19507238 0.80050559
1464885116.03311 -1.43288185 -0.40758179 2.57654252 -0.19511649 0.55395703 0.19703951 0.78500738
1464885116.12160 -1.42261172 -0.40462180 2.55677906 -0.19697397 0.56708387 0.20546945 0.77291620
1464885116.21409 -1.41320952 -0.40137957 2.53958443 -0.19791502 0.58049401 0.21573767 0.75981156
1464885116.35645 -1.40013079 -0.39311814 2.51636768 -0.20396443 0.60169498 0.23756926 0.73479420
1464885116.44638 -1.39053688 -0.38807750 2.50197113 -0.20833430 0.61707784 0.25464421 0.71482032
1464885116.53910 -1.37822493 -0.38319292 2.48657103 -0.20928333 0.63977791 0.26599529 0.69002263
1464885116.63210 -1.36433742 -0.37994638 2.47127137 -0.21331301 0.66150376 0.28227342 0.66123525
1464885116.73109 -1.34636366 -0.37910435 2.45535307 -0.20588243 0.68417309 0.29517952 0.63434112
1464885116.81772 -1.32941985 -0.37878368 2.43988974 -0.20163566 0.70825555 0.30561116 0.60358840
1464885116.91299 -1.31181449 -0.38027346 2.42650997 -0.19531325 0.72947800 0.31516006 0.57479451
1464885117.00390 -1.29372490 -0.38099693 2.41380308 -0.18321984 0.74735439 0.32331181 0.55078252
1464885117.09660 -1.27864416 -0.38232487 2.39929936 -0.17682927 0.76898467 0.32280737 0.52267522
1464885117.23594 -1.26127692 -0.38124968 2.37821062 -0.17444056 0.78806398 0.32864845 0.49042416
1464885117.32885 -1.25226746 -0.38043087 2.36119837 -0.17422642 0.80298574 0.33122667 0.46384043
1464885117.42852 -1.24471154 -0.37940447 2.34281192 -0.17815598 0.82103241 0.33313988 0.42800005
1464885117.51650 -1.23618723 -0.37771172 2.32446161 -0.16986061 0.83603522 0.33356058 0.40116060
1464885117.60753 -1.22623556 -0.37629429 2.30472254 -0.16240938 0.84967959 0.32953797 0.37824928
1464885117.70304 -1.21803693 -0.37405974 2.28338383 -0.16327017 0.85987391 0.33218121 0.35158975
1464885117.79338 -1.20926548 -0.37318498 2.26467999 -0.15413938 0.86904142 0.33605433 0.32874847
1464885117.97910 -1.19282801 -0.37078092 2.23019353 -0.14667246 0.87343376 0.34628524 0.30933345
1464885118.16489 -1.17529568 -0.37278481 2.19278430 -0.15185960 0.87796193 0.33272212 0.30889722
1464885118.35352 -1.15592964 -0.37510355 2.15450737 -0.15598236 0.88229987 0.31311607 0.31492025
1464885118.58972 -1.13548493 -0.37430445 2.10375669 -0.14916199 0.89265945 0.29350134 0.30784211
1464885118.81736 -1.11691906 -0.38186072 2.04157710 -0.14243702 0.90390677 0.26137273 0.30716207
1464885119.00092 -1.10872728 -0.39184297 1.99110187 -0.13088080 0.92146221 0.23345117 0.28156379
1464885119.23329 -1.11041612 -0.39754683 1.92854134 -0.11635019 0.93698738 0.19910294 0.26244105
1464885119.41913 -1.12435593 -0.38784143 1.86977026 -0.11293992 0.94204243 0.18505128 0.25604033
1464885119.55846 -1.14063891 -0.38521268 1.81863926 -0.11711799 0.94460490 0.16897346 0.25583772
1464885119.74739 -1.14913054 -0.38720106 1.75462726 -0.12463035 0.93735083 0.13705906 0.29505172
1464885119.97648 -1.15734240 -0.38184173 1.67805620 -0.11286995 0.94011717 0.11710339 0.29954444
1464885120.16229 -1.15724757 -0.36159392 1.61286561 -0.10760697 0.93731688 0.10493055 0.31440005
1464885120.35122 -1.15086192 -0.34677482 1.54599247 -0.11436739 0.93112339 0.09575611 0.33280640
1464885120.53524 -1.14248711 -0.34089132 1.48287765 -0.10889504 0.92513056 0.08369285 0.35393618
1464885120.72507 -1.13737214 -0.32876226 1.42171036 -0.09639503 0.92007012 0.06785079 0.37359771
1464885120.90791 -1.13259038 -0.30471137 1.35670373 -0.09019582 0.90937831 0.06174391 0.40135207
1464885121.04482 -1.12808989 -0.29132555 1.31100444 -0.08715236 0.89212265 0.05846131 0.43943592
1464885121.18466 -1.11967528 -0.28454305 1.27239626 -0.08501964 0.86853013 0.05482742 0.48520206
1464885121.37568 -1.10554379 -0.26861467 1.22181026 -0.07876470 0.84515328 0.05472888 0.52584866
1464885121.50941 -1.08888272 -0.24692081 1.17873350 -0.08118801 0.82956006 0.04913236 0.55029503
1464885121.64856 -1.06964024 -0.22840285 1.12794962 -0.08093477 0.82376369 0.03987599 0.55970783
1464885121.78795 -1.04960859 -0.22067601 1.08036296 -0.08044859 0.80998633 0.03672830 0.57974235
1464885121.92722 -1.03222099 -0.21645882 1.03474276 -0.07339357 0.79801523 0.03805851 0.59693938
1464885122.06999 -1.01258960 -0.20271145 0.98722093 -0.06454973 0.77946237 0.03381260 0.62219647
1464885122.15959 -0.99793336 -0.19049126 0.95411829 -0.06124604 0.77280193 0.02732491 0.63109385
1464885122.25330 -0.98360225 -0.18184741 0.92138471 -0.05154975 0.76141797 0.02359362 0.64577754
1464885122.34724 -0.97031753 -0.17915485 0.89353733 -0.04378569 0.73614420 0.02720052 0.67485899
1464885122.48471 -0.94934994 -0.18027798 0.85248210 -0.03569398 0.70548218 0.01741514 0.70761398
1464885122.62397 -0.92547978 -0.17260245 0.81330381 -0.03220195 0.67272092 0.01899052 0.73895126
1464885122.76595 -0.89153169 -0.15328839 0.76882537 -0.03203153 0.65060921 0.00722742 0.75870244
1464885122.85656 -0.86273614 -0.13770529 0.73748060 -0.04178371 0.63606736 -0.00318712 0.77049482
1464885122.94928 -0.83499026 -0.12749647 0.70383668 -0.04643033 0.62876368 0.00023561 0.77620900
1464885123.08882 -0.79328377 -0.12587862 0.65734144 -0.03758160 0.61235753 -0.00633390 0.78966180
1464885123.23084 -0.75415426 -0.12454659 0.61179507 -0.03513230 0.59425896 -0.00702894 0.80347533
1464885123.32086 -0.72629530 -0.11673270 0.58204052 -0.03006652 0.58016889 -0.01258840 0.81384372
1464885123.41372 -0.69634652 -0.10612080 0.55129647 -0.02499739 0.56674767 -0.02240957 0.82320716
1464885123.55327 -0.65414637 -0.09782082 0.50320440 -0.01575811 0.54348442 -0.02428208 0.83891999
1464885123.64638 -0.63027302 -0.10199548 0.47612793 -0.00559387 0.51621783 -0.03076454 0.85588633
1464885123.78554 -0.59442055 -0.10223760 0.43771236 -0.00944036 0.48357928 -0.03633009 0.87449533
1464885123.92468 -0.55390555 -0.09374976 0.40249444 -0.00078644 0.45275227 -0.04555581 0.89047146
1464885124.06398 -0.50490106 -0.07555713 0.36963987 -0.00734416 0.42102233 -0.05899501 0.90509991
1464885124.20331 -0.45551914 -0.07136793 0.33717422 -0.02674873 0.39640009 -0.05743127 0.91588925
1464885124.34272 -0.40647613 -0.09119645 0.30819016 -0.01094725 0.39142197 -0.06486706 0.91785689
1464885124.48220 -0.36197502 -0.11527354 0.28206075 0.01201162 0.37551735 -0.05953550 0.92482321
1464885124.62146 -0.30978580 -0.13425322 0.25470963 0.03747135 0.38052663 -0.06525865 0.92170315
1464885124.76381 -0.25950570 -0.15017559 0.22696591 0.04593888 0.36736865 -0.05174680 0.92749780
1464885124.90011 -0.21713048 -0.17101952 0.19899980 0.03625379 0.34752743 -0.03748622 0.93621853
1464885125.08619 -0.15916421 -0.20139841 0.16426000 0.04862508 0.33956167 -0.02284758 0.93904817
1464885125.22529 -0.10858512 -0.21839669 0.14427560 0.07804422 0.33698655 -0.03026988 0.93778084
1464885125.36467 -0.05068535 -0.22356061 0.12782446 0.10940490 0.32562746 -0.03815283 0.93837183
1464885125.50395 0.01029221 -0.22330306 0.11573529 0.12362163 0.30546960 -0.03374484 0.94353977
1464885125.64355 0.07066209 -0.22471734 0.10989316 0.11748261 0.28386809 -0.03666113 0.95093255
1464885125.78269 0.13257102 -0.22746413 0.10577877 0.11666616 0.26655384 -0.04007843 0.95589318
1464885125.92198 0.19346209 -0.22683826 0.10661064 0.12125634 0.23018939 -0.04998192 0.96426737
1464885126.06136 0.25124449 -0.22388888 0.10778888 0.11186835 0.20716327 -0.04167955 0.97099519
1464885126.20065 0.29237449 -0.22785959 0.11786163 0.10600395 0.17516312 -0.04807650 0.97763475
1464885126.38632 0.32853355 -0.23352942 0.14373089 0.09374454 0.15253052 -0.07243803 0.98117233
1464885126.66523 0.34169779 -0.25972172 0.20419152 0.10784405 0.14727690 -0.09898792 0.97820272
1464885126.85096 0.32237100 -0.28793659 0.25826305 0.13773808 0.14814745 -0.10703490 0.97345985
1464885127.03677 0.29428152 -0.31153802 0.31258731 0.16557328 0.14669443 -0.08256221 0.97172512
1464885127.26906 0.24886443 -0.30724695 0.35453297 0.17356788 0.14192019 -0.06957047 0.97205596
1464885127.40833 0.21141699 -0.28794611 0.37280686 0.15345092 0.12578227 -0.06827577 0.97773721
1464885127.54771 0.17475319 -0.26248990 0.38568187 0.14102062 0.11210153 -0.06183527 0.98169386
1464885127.68709 0.14071461 -0.23531304 0.39367363 0.13077447 0.10595827 -0.06647886 0.98348942
1464885127.82928 0.11195829 -0.20395603 0.39735953 0.10920976 0.10557555 -0.07354252 0.98565639
1464885127.96586 0.08937530 -0.17255239 0.39708683 0.09248005 0.10989590 -0.05713782 0.98798057
1464885128.15161 0.06836082 -0.13379386 0.39398677 0.09097081 0.10320251 -0.06276866 0.98850071
1464885128.34053 0.06423964 -0.09622430 0.38393009 0.08406871 0.10431471 -0.06756909 0.98867857
1464885128.52398 0.06647619 -0.06153987 0.36863107 0.05269160 0.10425319 -0.06969991 0.99070520
1464885128.75547 0.07437327 -0.03672149 0.33977746 0.01926694 0.12646997 -0.08185913 0.98839932
1464885128.94147 0.08148714 -0.03892554 0.31109091 0.00842432 0.18325656 -0.06895083 0.98060790
1464885129.12693 0.08503930 -0.05505373 0.28187450 0.02022283 0.22361262 -0.05222807 0.97306766
1464885129.35921 0.09179419 -0.08975030 0.25341102 0.01357831 0.26278240 -0.03681006 0.96405708
1464885129.54511 0.09880026 -0.13121019 0.24006328 0.04381726 0.26814484 -0.01621228 0.96224506
1464885129.77734 0.10862951 -0.18099274 0.22870347 0.07226023 0.26670054 -0.04066089 0.96020621
1464885130.05604 0.10341930 -0.23275194 0.22137293 0.08474980 0.24893987 -0.07347453 0.96200203
1464885130.28830 0.09147675 -0.27878638 0.21618321 0.10930031 0.25423390 -0.08939849 0.95677922
1464885130.47401 0.07469219 -0.31222092 0.20928627 0.14527074 0.24876733 -0.10471248 0.95186476
1464885130.66501 0.05234920 -0.32724071 0.20606602 0.18930301 0.23458074 -0.08662774 0.94954299
1464885130.89463 0.02196248 -0.30366412 0.22585264 0.19790231 0.21746592 -0.03964386 0.95497205
1464885131.07865 -0.00190296 -0.26755202 0.24889331 0.19327875 0.19596950 -0.01653317 0.96123147
1464885131.26418 -0.02050469 -0.22439794 0.27411482 0.17834470 0.17009461 -0.02793857 0.96875199
1464885131.40303 -0.02894782 -0.18951657 0.29021253 0.15111888 0.16382222 -0.03307551 0.97428506
1464885131.58907 -0.03235116 -0.14611691 0.30496677 0.12384273 0.15644683 -0.03105664 0.97939923
1464885131.77493 -0.02248814 -0.11085196 0.31445138 0.09145824 0.16029601 -0.03142314 0.98232030
1464885131.96047 0.01036190 -0.09615429 0.32419374 0.07038469 0.19206422 -0.02816523 0.97844982
1464885132.14622 0.05681988 -0.10220214 0.34130838 0.03262125 0.20896355 -0.03234314 0.97684390
1464885132.33206 0.10446782 -0.12405926 0.37437195 0.04001441 0.21766120 -0.02618870 0.97485209
1464885132.47175 0.13828750 -0.14572976 0.40664786 0.05164096 0.21874852 -0.02265807 0.97415035
1464885132.61080 0.16941830 -0.16995948 0.44290303 0.06031683 0.21166359 -0.02318574 0.97520399
1464885132.75660 0.19650335 -0.19447106 0.48021805 0.08296515 0.20639710 -0.02394224 0.97465060
1464885133.12171 0.21118182 -0.21815789 0.51120877 0.08490018 0.21011749 -0.03023269 0.97351353
1464885133.30748 0.18027545 -0.20887032 0.47962241 0.08805793 0.22474082 -0.02429202 0.97012745
1464885133.44819 0.14627827 -0.19798654 0.44306563 0.07682002 0.23126622 -0.01193104 0.96977950
1464885133.58627 0.10929815 -0.18515577 0.40107094 0.07422495 0.23238550 -0.00575871 0.96977032
1464885133.72633 0.07352448 -0.16924188 0.35805241 0.06381542 0.22630429 0.00103683 0.97196342
1464885133.86479 0.04007830 -0.15325588 0.31381246 0.05547635 0.21076804 -0.00157750 0.97595938
1464885134.05380 0.00519475 -0.13137747 0.24947432 0.05065291 0.19694427 -0.00661010 0.97908301
1464885134.23645 -0.02529818 -0.11013981 0.18026316 0.05147243 0.17540384 -0.02056777 0.98293492
1464885134.51514 -0.06661149 -0.07910032 0.07596927 0.03806565 0.14728385 -0.01182951 0.98829071
1464885134.93322 -0.11322536 -0.04225952 -0.05126384 0.03878282 0.15812580 -0.03242513 0.98612410
1464885135.39782 -0.19309750 -0.01340661 -0.17018542 0.03732906 0.16051989 -0.03448142 0.98572356
1464885135.90870 -0.26487961 -0.02442270 -0.22070156 0.05120269 0.13864645 -0.01742358 0.98886393
1464885136.28027 -0.32459583 -0.03780960 -0.15646434 0.04319526 0.15057129 -0.00180171 0.98765339
1464885136.55901 -0.35917132 -0.07044532 -0.06891402 0.06551263 0.17028418 0.01173401 0.98314480
1464885136.88409 -0.35819524 -0.09905503 0.04840378 0.06377326 0.17552005 0.00670231 0.98238524
1464885137.16458 -0.33014683 -0.12886135 0.16197781 0.05756667 0.16888221 0.01370169 0.98385829
1464885137.34880 -0.30717070 -0.15207319 0.23407542 0.05383622 0.14901353 -0.00923258 0.98732537
1464885137.58087 -0.25941859 -0.16837241 0.31460520 0.05129977 0.14631089 -0.01980631 0.98770905
1464885137.76879 -0.20692546 -0.17335574 0.38180921 0.05780097 0.15343731 -0.02424276 0.98616851
1464885137.90639 -0.16114757 -0.17616487 0.42569781 0.04149085 0.15919627 -0.03911067 0.98559901
1464885138.04553 -0.11694593 -0.18005113 0.45796925 0.03521534 0.15321936 -0.03091949 0.98708039
1464885138.18489 -0.07003707 -0.18317200 0.48413038 0.04141512 0.14363073 -0.02052812 0.98855126
1464885138.27784 -0.03511975 -0.18302579 0.49654048 0.04261461 0.14928794 -0.01729261 0.98772368
1464885138.37054 0.00115709 -0.18089670 0.50689585 0.03952380 0.14882237 -0.01797738 0.98791021
1464885138.46648 0.03821246 -0.17879086 0.51375357 0.03372118 0.13607939 -0.01927915 0.98993616
1464885138.55855 0.07440538 -0.17780290 0.51786424 0.02959114 0.11218311 -0.02243336 0.99299348
1464885138.64924 0.11036859 -0.17874090 0.51956648 0.03344714 0.10249180 -0.02315206 0.99390176
1464885138.74205 0.14146388 -0.17889418 0.52005865 0.02413482 0.08185314 -0.03050494 0.99588505
1464885138.88127 0.18632618 -0.18148090 0.52176532 0.01356251 0.06503684 -0.04407790 0.99681664
1464885138.97442 0.21479218 -0.18397405 0.52295526 0.01328238 0.05637584 -0.03926821 0.99754867
1464885139.06721 0.24335610 -0.18426181 0.52694414 0.01381243 0.05163953 -0.03507777 0.99795397
1464885139.16013 0.27380001 -0.18300832 0.53414586 0.01986131 0.05587744 -0.03220880 0.99772032
1464885139.25589 0.30509921 -0.17824483 0.54121733 0.01692966 0.05726801 -0.03986991 0.99741874
1464885139.34586 0.33518300 -0.17189053 0.54683874 0.00793663 0.06132355 -0.04258800 0.99717736
1464885139.43883 0.36157058 -0.16819814 0.55095497 0.00758664 0.06817645 -0.04357106 0.99669252
1464885139.57825 0.39287159 -0.16354113 0.55131830 0.00926770 0.07354331 -0.04945022 0.99602217
1464885139.81037 0.42305536 -0.15304987 0.53143893 0.02170482 0.07635111 -0.04971050 0.99560448
1464885139.99627 0.42784123 -0.13598945 0.49503649 0.02032970 0.06763454 -0.06784646 0.99519301
1464885140.08913 0.42223946 -0.12614321 0.47023433 0.01406731 0.05209445 -0.06745183 0.99626228
1464885140.18459 0.41128290 -0.11696020 0.44242223 0.01153042 0.02669222 -0.06697959 0.99733059
1464885140.32138 0.39161193 -0.10535458 0.39483940 0.00353229 -0.00251394 -0.06427543 0.99792278
1464885140.50715 0.35883831 -0.09512961 0.33490205 0.01292799 -0.02493350 -0.05617309 0.99802594
1464885140.69289 0.31892576 -0.07930190 0.28571426 0.01462803 -0.04212508 -0.06822085 0.99667317
1464885140.88094 0.27493368 -0.06229052 0.24054349 0.01429486 -0.03584498 -0.06792549 0.99694379
1464885141.01824 0.23369208 -0.05164665 0.20552657 0.00805794 -0.02714093 -0.04988670 0.99835352
1464885141.15748 0.19086868 -0.03996754 0.17149372 -0.00611583 -0.02486998 -0.03835249 0.99893602
1464885141.34644 0.13753621 -0.02660580 0.12644863 -0.00803325 -0.03187881 -0.03597992 0.99881162
1464885141.52898 0.09252967 -0.00982260 0.08072365 -0.00473771 -0.02554497 -0.04251418 0.99875801
1464885141.90065 0.00000201 -0.00001489 -0.00000268 -0.00000416 -0.00000048 0.00000122 1.00000000
