1464105885.34451 0.21909837 0.08707187 0.26976585 -0.02877729 0.10330844 -0.03413080 -0.99364698
1464105885.50457 0.21187360 0.04965658 0.27307601 -0.05322833 0.09673388 -0.03909672 -0.99311668
1464105885.66569 0.20329621 0.00738872 0.26609911 -0.07867372 0.11186707 -0.03510151 -0.98998186
1464105885.86461 0.19863281 -0.04093129 0.25291838 -0.08875850 0.11899994 -0.05104983 -0.98760056
1464105886.02444 0.19626741 -0.07689299 0.24015835 -0.10726292 0.14059212 -0.02993206 -0.98378483
1464105886.19060 0.20082877 -0.11498613 0.22268865 -0.12193531 0.15678902 -0.02672453 -0.97971158
1464105886.38745 0.21837800 -0.15675966 0.20149036 -0.13591834 0.16660282 -0.04383856 -0.97562692
1464105886.66465 0.25461787 -0.17834514 0.19266205 -0.12524856 0.16190262 -0.05648502 -0.97719485
1464105886.82774 0.28041787 -0.17575709 0.19631407 -0.12143591 0.12579643 -0.07812243 -0.98149145
1464105886.98485 0.30103509 -0.16511531 0.19522652 -0.11036022 0.08653693 -0.10007608 -0.98504658
1464105887.26473 0.31226516 -0.13912837 0.18483610 -0.11252178 0.05043911 -0.10873859 -0.98639275
1464105887.46478 0.31695954 -0.10569568 0.17845400 -0.08623814 0.02494037 -0.12337439 -0.98829131
1464105887.62669 0.32131613 -0.07053353 0.17202643 -0.06158668 0.00090211 -0.13333626 -0.98915505
1464105887.82471 0.32217960 -0.02910550 0.15939437 -0.05645737 -0.03685945 -0.12977400 -0.98924853
1464105888.06504 0.30913491 0.01872716 0.14262627 -0.04991934 -0.04963184 -0.13196814 -0.98875131
1464105888.26477 0.29130221 0.06211350 0.12282134 -0.03725918 -0.07075007 -0.12382047 -0.98907769
1464105888.46668 0.25882265 0.10413462 0.10057004 -0.00613294 -0.06546156 -0.10454573 -0.99234438
1464105888.66611 0.21775468 0.13341842 0.08207457 0.03063578 -0.04979546 -0.07476631 -0.99548574
1464105888.86496 0.16835780 0.15044761 0.07387722 0.05681225 -0.04773018 -0.04958631 -0.99600974
1464105889.02480 0.11786809 0.15581844 0.07698691 0.08016428 -0.03895282 -0.03499381 -0.99540534
1464105889.22490 0.05493027 0.14588606 0.08347662 0.09276257 -0.03706755 -0.04300851 -0.99406809
1464105889.39056 0.01220867 0.12364018 0.09319098 0.06858019 -0.02990281 -0.05148529 -0.99586738
1464105889.54487 -0.02422856 0.10016636 0.11161802 0.03818236 -0.01318945 -0.05031224 -0.99791624
1464105889.70478 -0.05623769 0.07203912 0.14038051 0.00390375 0.00612823 -0.05261890 -0.99858823
1464105889.86532 -0.07894536 0.03585841 0.17843643 -0.02160900 0.01264947 -0.07192063 -0.99709602
1464105890.02497 -0.09670551 -0.00037376 0.22020046 -0.03750049 0.02898941 -0.08135153 -0.99555776
1464105890.22507 -0.10413257 -0.03219471 0.27407884 -0.04667887 0.04501346 -0.08706751 -0.99408959
1464105890.50509 -0.08830789 -0.05563026 0.35861525 -0.05936442 0.04224029 -0.08050976 -0.99408742
1464105890.74506 -0.06390632 -0.05682906 0.43856449 -0.06122091 0.04282323 -0.07088251 -0.99468278
1464105890.94509 -0.04107130 -0.05875882 0.50071886 -0.05263699 0.04211549 -0.06749670 -0.99543951
1464105891.14509 -0.00950268 -0.06201002 0.55028824 -0.05157190 0.04431786 -0.07325240 -0.99499264
1464105891.30510 0.02069710 -0.05940004 0.57771345 -0.05705290 0.04963903 -0.06773504 -0.99483310
1464105891.46678 0.05528431 -0.05017274 0.59091429 -0.05780275 0.05085394 -0.06805569 -0.99470656
1464105891.62514 0.08689898 -0.04039573 0.59796104 -0.05496351 0.06427550 -0.06586158 -0.99423836
1464105891.82513 0.12503505 -0.02609541 0.59986754 -0.05052716 0.06454804 -0.06979427 -0.99418777
1464105891.98803 0.15443540 -0.01329282 0.59343707 -0.04821655 0.05489822 -0.08153388 -0.99398872
1464105892.14526 0.18129254 0.00011609 0.57609920 -0.05067114 0.04832533 -0.08100953 -0.99425075
1464105892.30524 0.20778308 0.01522498 0.54550427 -0.05155503 0.04220386 -0.06560805 -0.99561865
1464105892.46522 0.23077567 0.02962950 0.50974618 -0.04505278 0.02603717 -0.07852739 -0.99555299
1464105892.62526 0.24645909 0.04263612 0.47431593 -0.03767205 0.01422080 -0.08435651 -0.99562170
1464105892.82531 0.25982185 0.05918728 0.42665776 -0.03440932 0.00555217 -0.08564777 -0.99571564
1464105893.22526 0.26948239 0.10425107 0.30598338 -0.01601355 0.01403947 -0.09588235 -0.99516483
1464105893.38780 0.25990849 0.12117638 0.26009096 0.00356559 0.02930472 -0.08537216 -0.99591170
1464105893.58766 0.23325790 0.13604285 0.21014806 0.00876526 0.04735815 -0.06651190 -0.99662257
1464105894.06548 0.13697874 0.13875045 0.10596750 0.00604380 0.04393910 -0.06762526 -0.99672446
1464105894.34674 0.08422055 0.12868866 0.07344386 0.00012195 0.04608383 -0.07131794 -0.99638849
1464105894.58720 0.03045447 0.10751704 0.07893626 -0.01614659 0.06466140 -0.07458203 -0.99498528
1464105894.82550 -0.02523171 0.07363367 0.10830351 -0.02812203 0.06625445 -0.08606976 -0.99368581
1464105895.02550 -0.06670429 0.03918656 0.13619425 -0.03751470 0.08149812 -0.10878950 -0.99000785
1464105895.22547 -0.09496783 0.00071795 0.16929048 -0.06166351 0.09659184 -0.11470968 -0.98676710
1464105895.42550 -0.10863840 -0.03833336 0.21136071 -0.08434234 0.09584231 -0.12039690 -0.98448220
1464105895.62561 -0.11145002 -0.07992416 0.26186311 -0.09424961 0.08367627 -0.10895335 -0.98602457
1464105895.82559 -0.10607363 -0.12083225 0.31444840 -0.10572627 0.08175164 -0.10952044 -0.98495883
1464105896.02635 -0.08000565 -0.15371867 0.36152182 -0.10753579 0.06413194 -0.12913334 -0.98369087
1464105896.22678 -0.04179906 -0.17538997 0.40096697 -0.11166179 0.04887423 -0.14376950 -0.98207601
1464105896.38552 -0.00527792 -0.17458478 0.43134575 -0.11746004 0.03299559 -0.14591550 -0.98174492
1464105896.54561 0.02711518 -0.15803020 0.46285823 -0.11370676 0.02880606 -0.14425873 -0.98256318
1464105896.66569 0.04628455 -0.13735044 0.48726926 -0.09761724 0.03179425 -0.14059076 -0.98473054
1464105896.78858 0.06184068 -0.11357575 0.51167036 -0.08734566 0.03293736 -0.13246916 -0.98678153
1464105896.94582 0.07949714 -0.08498355 0.53586242 -0.09068287 0.02780321 -0.13067785 -0.98687735
1464105897.10875 0.08985579 -0.05744270 0.54759684 -0.07516579 0.03036976 -0.13410544 -0.98764544
1464105897.30574 0.09343015 -0.02512813 0.53582405 -0.06417054 0.03556038 -0.11396894 -0.99077176
1464105897.46883 0.09459936 0.00081956 0.50603008 -0.05499155 0.04278305 -0.10090014 -0.99245388
1464105897.62573 0.09353556 0.02596946 0.46321312 -0.04054313 0.04907241 -0.09111844 -0.99380359
1464105897.74582 0.09007109 0.04291280 0.42306836 -0.02627777 0.06293222 -0.08553712 -0.99399820
1464105897.90809 0.08314045 0.05746725 0.36308545 -0.02611833 0.08588021 -0.07810604 -0.99289570
1464105898.06589 0.07724247 0.06700793 0.30027303 -0.03162256 0.10476346 -0.07034704 -0.99150185
1464105898.22589 0.08071218 0.07648807 0.23690248 -0.04601600 0.11515779 -0.06005828 -0.99046162
1464105898.38622 0.09086128 0.08822558 0.17174165 -0.06085164 0.13113525 -0.04646161 -0.98840373
1464105898.54587 0.10114806 0.10070739 0.10536082 -0.05872758 0.16012759 -0.04434680 -0.98434932
1464105898.74591 0.11338104 0.11367634 0.02960672 -0.05107355 0.18276431 -0.04053695 -0.98099208
1464105898.98865 0.12832551 0.12660959 -0.05178714 -0.06472878 0.19222946 -0.03379984 -0.97862945
1464105899.18604 0.14911367 0.14127139 -0.11573669 -0.06518175 0.16337455 -0.04316234 -0.98346180
1464105899.42600 0.17350069 0.15637541 -0.18998223 -0.05377503 0.14404768 -0.05378177 -0.98664382
1464105899.90915 0.21343896 0.17773074 -0.26835396 -0.04958781 0.14969688 -0.04086855 -0.98664160
1464105900.50619 0.25635234 0.18874346 -0.21643990 -0.03475692 0.12732260 -0.04771502 -0.99010312
1464105900.78860 0.26110448 0.17926423 -0.11551864 -0.03532983 0.10436233 -0.04157517 -0.99304170
1464105901.02944 0.26313619 0.15550956 -0.02540935 -0.04364469 0.08356103 -0.04001244 -0.99474203
1464105901.26744 0.26046755 0.13544929 0.06757288 -0.06003272 0.07086937 -0.05406720 -0.99420840
1464105901.46618 0.25139744 0.11952338 0.15633550 -0.06712414 0.07716870 -0.05848230 -0.99303533
1464105901.66615 0.25835140 0.10659056 0.22817846 -0.06169787 0.08386813 -0.05293567 -0.99315524
1464105901.86628 0.22731644 0.08589597 0.30567095 -0.06258223 0.09289702 -0.04714725 -0.99258790
1464105902.02626 0.21244776 0.07567960 0.36447525 -0.07104265 0.08427321 -0.04381409 -0.99294073
1464105902.18919 0.20419000 0.06217763 0.41953388 -0.08466871 0.06188851 -0.04187658 -0.99360323
1464105902.34659 0.20232146 0.04834905 0.46102486 -0.09181639 0.04542426 -0.05261489 -0.99334690
1464105902.66637 0.20378948 0.04660620 0.49736870 -0.06991480 0.06005388 -0.05117538 -0.99442774
1464105902.98919 0.22442842 0.05288791 0.46693152 -0.08944364 0.07869285 -0.06542005 -0.99072069
1464105903.26641 0.24007395 0.06646633 0.43278919 -0.11431517 0.09406725 -0.04693348 -0.98786671
1464105903.50643 0.26335462 0.06715172 0.39706586 -0.08948546 0.09500101 -0.06890799 -0.98904947
1464105903.70646 0.28205236 0.06540986 0.36484977 -0.09360134 0.06188108 -0.06393131 -0.99162609
1464105903.94630 0.29963185 0.07825720 0.30722936 -0.07967570 0.05559099 -0.06327654 -0.99325601
1464105904.14721 0.30531113 0.09456341 0.24453787 -0.06695118 0.05405695 -0.04241865 -0.99538738
1464105904.35005 0.30533661 0.10759972 0.17788692 -0.05400312 0.07025039 -0.02375074 -0.99578333
1464105904.54651 0.31714903 0.12133821 0.11836827 -0.06120044 0.09737902 -0.01361259 -0.99327062
1464105904.70646 0.32106254 0.13118729 0.07339583 -0.09048715 0.11680635 -0.00841919 -0.98898810
1464105904.94643 0.34972352 0.14894461 -0.00759230 -0.09935816 0.12710240 -0.01175400 -0.98683067
1464105905.26937 0.38391360 0.16501008 -0.10258525 -0.10939275 0.11868049 -0.02001520 -0.98668514
1464105905.54665 0.40618715 0.19097188 -0.19396120 -0.10456660 0.12778890 -0.00836108 -0.98623826
1464105905.78670 0.41942547 0.20964065 -0.26693019 -0.08320604 0.15218462 -0.00843603 -0.98480731
1464105906.06760 0.43073022 0.22104336 -0.32625210 -0.09289885 0.18926557 -0.00159633 -0.97752023
1464105906.30671 0.43568807 0.23447399 -0.36502102 -0.08047702 0.22824521 0.01251592 -0.97019118
1464105906.78689 0.37712620 0.22347511 -0.37297364 -0.10676185 0.24855598 0.02504408 -0.96239006
1464105907.46681 0.20580665 0.18191660 -0.28266818 -0.12378084 0.24638680 0.02408057 -0.96093287
1464105907.70687 0.13623367 0.15049603 -0.21790919 -0.14407407 0.24901542 0.03203235 -0.95718750
1464105907.94671 0.10144950 0.12561619 -0.18363947 -0.15288654 0.26750396 0.02460796 -0.95103196
1464105908.22692 -0.01067790 0.10675094 -0.10411202 -0.15093054 0.26152561 0.03152323 -0.95280145
1464105908.46701 -0.08901287 0.08469209 -0.04921401 -0.14441421 0.25129288 0.04740792 -0.95590215
1464105908.66714 -0.14625621 0.06841855 -0.01680178 -0.10907415 0.24959862 0.04641391 -0.96106665
1464105909.02709 -0.26337999 0.06239952 0.03718339 -0.06917764 0.30635279 0.07441093 -0.94648055
1464105909.18700 -0.31914744 0.05567838 0.06797013 -0.05575549 0.33333565 0.08472059 -0.93733723
1464105909.38703 -0.37697404 0.04561861 0.09723173 -0.04340829 0.35798863 0.10453166 -0.92684033
1464105909.62706 -0.42827709 0.04131972 0.12458745 -0.01938984 0.37473668 0.11898192 -0.91926044
1464105909.86708 -0.49442097 0.03735840 0.16780628 -0.00467829 0.37139684 0.13066172 -0.91922250
1464105910.06698 -0.54598402 0.03234733 0.20134354 0.01055494 0.36007797 0.12859719 -0.92395628
1464105910.26722 -0.58529984 0.02460047 0.23164733 0.02363780 0.34879419 0.12762050 -0.92816856
1464105910.50748 -0.61707176 0.01939249 0.26026715 0.03633010 0.34760061 0.12726915 -0.92825454
1464105910.70725 -0.65089585 0.01194150 0.29603162 0.03109952 0.34588556 0.12831210 -0.92894133
1464105910.86725 -0.67389211 0.00404497 0.31907854 0.02976843 0.36012138 0.13154599 -0.92310459
1464105911.02729 -0.69347777 -0.00578615 0.33656863 0.02409762 0.36692138 0.13201392 -0.92052177
1464105911.19099 -0.71061180 -0.01238642 0.35030769 0.02167397 0.37425170 0.13606559 -0.91703438
1464105911.34729 -0.71125882 -0.01573128 0.35091599 0.02393210 0.37619930 0.13292226 -0.91664225
1464105911.46730 -0.73938068 -0.02471201 0.37134017 0.01870092 0.37725507 0.12936464 -0.91683896
1464105911.58988 -0.75329802 -0.02979007 0.38157317 0.01356239 0.37224190 0.13135878 -0.91869304
1464105911.70732 -0.76666420 -0.03185658 0.39145540 0.01814211 0.36467334 0.13471052 -0.92116084
1464105911.82734 -0.77993405 -0.03132448 0.40071436 0.02509025 0.35856474 0.14121796 -0.92242035
1464105911.94802 -0.79093745 -0.03023619 0.40879428 0.03201862 0.35188663 0.14387110 -0.92436558
1464105912.10827 -0.80371879 -0.02896054 0.41647061 0.03937562 0.34722880 0.14454694 -0.92573641
1464105912.46915 -0.82470890 -0.03190301 0.42879123 0.03071047 0.34896794 0.14415244 -0.92547194
1464105912.90744 -0.84139075 -0.03479111 0.44862521 0.03238178 0.35384034 0.13655512 -0.92471678
1464105913.42745 -0.86298053 -0.04694963 0.46224050 0.02278566 0.36983456 0.10524903 -0.92283577
1464105913.82752 -0.88334121 -0.06225028 0.48027919 0.01324149 0.36577457 0.08334012 -0.92687003
1464105914.23034 -0.89863785 -0.07646384 0.49847168 0.00710610 0.35103101 0.06120490 -0.93433436
1464105914.62768 -0.91168418 -0.09565495 0.51799491 -0.00865156 0.33639052 0.04474774 -0.94061905
1464105915.02816 -0.92597205 -0.10556791 0.52778207 -0.02017317 0.35114597 0.06426428 -0.93389488
1464105915.38985 -0.93602661 -0.11483845 0.52982470 -0.04146100 0.38302747 0.06918516 -0.92020887
1464105915.86774 -0.94405834 -0.12031941 0.53180824 -0.05546530 0.41505351 0.09484545 -0.90313815
1464105916.26773 -0.95464652 -0.12696506 0.53892141 -0.07375812 0.45122475 0.11474384 -0.88192393
1464105916.90779 -0.96517239 -0.13551416 0.54036463 -0.08889153 0.49352765 0.09262186 -0.86020343
1464105917.22962 -0.95756292 -0.13404509 0.54950389 -0.06175976 0.45245311 0.10385378 -0.88356455
1464105917.94843 -0.95809080 -0.13291770 0.57319330 -0.03266975 0.42390067 0.09378864 -0.90024697
1464105918.51104 -0.97430918 -0.13637088 0.56941415 -0.05899390 0.46897725 0.08351180 -0.87727182
1464105918.70803 -0.99182458 -0.14289255 0.56763280 -0.09833738 0.50680489 0.09772090 -0.85084028
1464105918.86804 -1.01646114 -0.14195786 0.56581442 -0.11343118 0.55488867 0.12361962 -0.81483135
1464105918.99378 -1.03931904 -0.14225927 0.56270423 -0.12243060 0.60298148 0.11304443 -0.78015706
1464105919.14893 -1.06687957 -0.14464743 0.55598388 -0.12522426 0.64919793 0.11073505 -0.74202337
1464105919.42798 -1.09422735 -0.17000321 0.54358930 -0.14498145 0.67684974 0.07923808 -0.71733963
1464105919.70825 -1.17059987 -0.18891333 0.54701563 -0.15755036 0.68512574 0.08042985 -0.70661987
1464105919.91076 -1.24148091 -0.20163925 0.54602784 -0.17438032 0.68005721 0.07507590 -0.70815062
1464105920.10823 -1.31824558 -0.22148985 0.54827370 -0.17141604 0.67254233 0.05597998 -0.71775316
1464105920.30817 -1.39897500 -0.23037889 0.54682674 -0.15545857 0.67970552 0.05970329 -0.71433085
1464105920.46822 -1.47064000 -0.23696617 0.54863272 -0.15446968 0.67769584 0.04057655 -0.71778898
1464105920.62878 -1.54705850 -0.25761916 0.55154354 -0.16662039 0.66868171 0.01777618 -0.72442145
1464105920.79081 -1.62434647 -0.27458308 0.54748826 -0.17371140 0.67733634 0.01167625 -0.71477513
1464105920.90831 -1.68164880 -0.28247353 0.54882115 -0.16033060 0.67891791 0.01094985 -0.71641097
1464105921.02824 -1.74498639 -0.29110908 0.55400232 -0.16878768 0.65798562 0.00841767 -0.73382204
1464105921.10829 -1.79305828 -0.29724662 0.55546576 -0.17495426 0.63745187 0.00994055 -0.75029815
1464105921.19087 -1.84048316 -0.30448115 0.55239338 -0.17570530 0.62917001 0.01595763 -0.75697959
1464105921.26838 -1.88496400 -0.31425753 0.54993969 -0.16523187 0.61299841 0.01450011 -0.77247726
1464105921.38835 -1.94724742 -0.33271024 0.54314363 -0.15294198 0.60896755 0.02720493 -0.77783493
1464105921.55128 -2.03447977 -0.35575478 0.53634251 -0.15829062 0.59819183 0.03197549 -0.78491285
1464105921.70823 -2.13575484 -0.36334253 0.52898476 -0.16098201 0.63311761 0.04915822 -0.75553316
1464105921.91145 -2.26029463 -0.39349889 0.51841452 -0.16564026 0.65993700 0.05569935 -0.73071474
1464105922.10839 -2.38038857 -0.42471527 0.50115738 -0.17429157 0.69100452 0.06332975 -0.69865910
1464105922.30912 -2.50898537 -0.43432084 0.48879868 -0.20159681 0.68928089 0.07214071 -0.69213170
1464105922.50846 -2.63619493 -0.46156017 0.47237509 -0.19935411 0.70412988 0.04877519 -0.67976468
1464105922.66851 -2.73373892 -0.47788609 0.46464049 -0.18502753 0.72338905 0.03302974 -0.66436596
1464105922.82846 -2.83707539 -0.48526583 0.46114866 -0.18447654 0.73453299 0.02017919 -0.65270399
1464105922.99131 -2.93843833 -0.50223631 0.45615410 -0.19840263 0.73245188 0.02521730 -0.65078009
1464105923.10858 -3.00921842 -0.52170553 0.44551487 -0.20439844 0.74905306 0.01514228 -0.63000913
1464105923.27148 -3.10183676 -0.53556000 0.43332160 -0.19976240 0.75342180 0.00841678 -0.62640222
1464105923.42854 -3.20148731 -0.54377251 0.42329612 -0.21026954 0.74660185 0.00080033 -0.63116698
1464105923.58929 -3.30404970 -0.56159302 0.41128889 -0.21817652 0.74261176 0.00760130 -0.63314216
1464105923.74890 -3.39952939 -0.58284762 0.40105727 -0.21091639 0.74659680 0.00749919 -0.63091303
1464105923.94926 -3.52742153 -0.59271911 0.39501649 -0.20342134 0.74576440 0.00406223 -0.63438057
1464105924.22859 -3.70720748 -0.63307888 0.37912566 -0.21644187 0.76126569 -0.00655511 -0.61121560
1464105924.55051 -3.91373887 -0.65503678 0.35606135 -0.22501122 0.76395323 0.00137410 -0.60476733
1464105924.78874 -4.06777389 -0.68657536 0.34167531 -0.22310600 0.75436437 0.00374595 -0.61736867
1464105924.98875 -4.19654023 -0.70441012 0.33408169 -0.21044686 0.75381285 0.00080429 -0.62247704
1464105925.18873 -4.33153779 -0.72547595 0.32808317 -0.21569200 0.74670701 -0.01027202 -0.62912645
1464105925.34864 -4.43413277 -0.75062511 0.31775566 -0.21455848 0.75484518 -0.00005876 -0.61981723
1464105925.50874 -4.53501399 -0.76387613 0.30680631 -0.21315616 0.75792301 0.01014565 -0.61645295
1464105925.66949 -4.64236285 -0.77117390 0.29782265 -0.21851125 0.75209301 0.00519736 -0.62175713
1464105925.82876 -4.74737873 -0.78887343 0.28931837 -0.21822339 0.73681923 0.01354748 -0.63975967
1464105925.98871 -4.84522157 -0.80817939 0.28036960 -0.19890298 0.74660734 0.01830128 -0.63457084
1464105926.18957 -4.97456310 -0.82000109 0.27229107 -0.18819805 0.74423280 0.01392470 -0.64070675
1464105926.38874 -5.10194864 -0.84772758 0.25749534 -0.19328468 0.74482406 0.01649874 -0.63844024
1464105926.54920 -5.19820821 -0.86626179 0.24017627 -0.18701737 0.76199987 0.02453551 -0.61949876
1464105926.74889 -5.32628360 -0.87268901 0.22392687 -0.18872008 0.76601767 0.02362789 -0.61403859
1464105926.99008 -5.48412469 -0.89554247 0.21161331 -0.16864645 0.76472580 0.03430302 -0.62094776
1464105927.22887 -5.63727211 -0.91141402 0.20824628 -0.14540933 0.76505983 0.04114372 -0.62597666
1464105927.50898 -5.81458254 -0.95427463 0.20717006 -0.15684550 0.75547549 0.03755514 -0.63501645
1464105927.74889 -5.96216594 -0.98103087 0.19878978 -0.16476055 0.75913107 0.04692633 -0.62799036
1464105927.94894 -6.09347182 -0.99875250 0.19121361 -0.17779687 0.74973130 0.04275324 -0.63597438
1464105928.14898 -6.21993545 -1.02637717 0.18476568 -0.15855507 0.74749001 0.05072830 -0.64307512
1464105928.34908 -6.34959824 -1.04200771 0.18163351 -0.14617000 0.74716226 0.04165639 -0.64702985
1464105928.58963 -6.52327959 -1.06948585 0.15570047 -0.14895207 0.75370906 0.04239413 -0.63870077
1464105928.79101 -6.62220296 -1.09720903 0.16153872 -0.14502540 0.76372370 0.04308255 -0.62756484
1464105928.94913 -6.72135362 -1.10597599 0.15182668 -0.15826628 0.76329366 0.03437374 -0.62542227
1464105929.14909 -6.84689489 -1.12996612 0.13856266 -0.16689116 0.75195179 0.04377589 -0.63623857
1464105929.34920 -6.96731199 -1.14995725 0.12608419 -0.14927652 0.75579773 0.04291987 -0.63611650
1464105929.54904 -7.09468277 -1.16413933 0.11767168 -0.16150749 0.75076067 0.03487731 -0.63957590
1464105929.74922 -7.21638945 -1.19440872 0.10126370 -0.16668013 0.76205582 0.03172100 -0.62488594
1464105929.98923 -7.36206520 -1.21274704 0.07996718 -0.17632336 0.75684763 0.04030522 -0.62806626
1464105930.18913 -7.49076066 -1.23221483 0.06331103 -0.18415909 0.74209140 0.03542628 -0.64352993
1464105930.46920 -7.66171093 -1.26682658 0.05323741 -0.16822875 0.71571948 0.03396698 -0.67697190
1464105930.74932 -7.84414499 -1.29363546 0.04894885 -0.17731940 0.70793812 0.02394700 -0.68323349
1464105930.94917 -7.96627428 -1.32155840 0.04115040 -0.17184395 0.70518595 0.03408920 -0.68703738
1464105931.10934 -8.06864407 -1.33103847 0.03859111 -0.17498141 0.69112707 0.02902712 -0.70062993
1464105931.26936 -8.17345404 -1.34408128 0.03759405 -0.16777319 0.67505524 0.02978158 -0.71782006
1464105931.43028 -8.27283361 -1.36581336 0.03883083 -0.14997096 0.65465529 0.03363077 -0.74013792
1464105931.59025 -8.37345262 -1.37669336 0.04233219 -0.13389185 0.64149922 0.03909098 -0.75433654
1464105931.74937 -8.47957791 -1.38545740 0.04720018 -0.14085284 0.62944043 0.03273035 -0.76347491
1464105931.86940 -8.55646478 -1.40056043 0.04611047 -0.13483474 0.62215654 0.03962248 -0.77017588
1464105931.98938 -8.62821382 -1.41824201 0.03982093 -0.12075069 0.62441671 0.03681480 -0.77082275
1464105932.06955 -8.67598084 -1.42453962 0.03541594 -0.11263397 0.61739274 0.04903855 -0.77700387
1464105932.19148 -8.74961061 -1.43016384 0.02942006 -0.11716109 0.60272085 0.05582677 -0.78732727
1464105932.26947 -8.80019555 -1.43630858 0.02528691 -0.12371979 0.58131032 0.05208668 -0.80253268
1464105932.34995 -8.85127299 -1.44678832 0.01977141 -0.13854840 0.56179168 0.04326345 -0.81444627
1464105932.42946 -8.90120055 -1.45946726 0.01317733 -0.14338039 0.55256553 0.04538522 -0.81978874
1464105932.50938 -8.94980411 -1.47186662 0.00432052 -0.14273680 0.55331711 0.03903118 -0.81972126
1464105932.59165 -8.99740057 -1.47707393 -0.00234759 -0.12988638 0.55108423 0.06063345 -0.82204579
1464105932.67001 -9.04517332 -1.47942283 -0.00806420 -0.12064321 0.55330976 0.06504827 -0.82162172
1464105932.79534 -9.12011360 -1.47940394 -0.01528958 -0.11498387 0.55082129 0.06659258 -0.82397818
1464105932.90975 -9.19762982 -1.48683280 -0.02312609 -0.11612425 0.55251797 0.05649488 -0.82343633
1464105933.02949 -9.27230300 -1.50525180 -0.03354979 -0.12032136 0.55416104 0.05841084 -0.82159387
1464105933.14958 -9.34386372 -1.52168762 -0.04577220 -0.11776750 0.56545115 0.06234240 -0.81394670
1464105933.26964 -9.41594064 -1.52761127 -0.05700032 -0.11486790 0.56609910 0.08120382 -0.81224572
1464105933.42953 -9.51785110 -1.53564771 -0.07113473 -0.12605780 0.56611744 0.06973048 -0.81163917
1464105933.62960 -9.64132214 -1.55842731 -0.08720637 -0.12365358 0.55535934 0.07604807 -0.81884216
1464105933.90950 -9.80959500 -1.57838645 -0.10245927 -0.10796525 0.55930975 0.07760929 -0.81822546
1464105934.14958 -9.96133565 -1.61132386 -0.11440248 -0.12556029 0.55905720 0.06563366 -0.81693444
1464105934.34970 -10.08193726 -1.63903554 -0.12992016 -0.12080515 0.57607404 0.06215268 -0.80602845
1464105934.54970 -10.20859490 -1.64961919 -0.14450505 -0.13400583 0.57894633 0.05914582 -0.80210059
1464105934.78973 -10.35709349 -1.68325405 -0.16126115 -0.14616742 0.57604998 0.06470792 -0.80163233
1464105935.06970 -10.62180929 -1.70918685 -0.20796487 -0.14947345 0.58242141 0.07029573 -0.79592808
1464105935.30976 -10.68211182 -1.72794968 -0.18751997 -0.14256404 0.58865247 0.07190725 -0.79246017
1464105935.50983 -10.80520708 -1.74823889 -0.20070751 -0.13321550 0.60282492 0.07633331 -0.78296167
1464105935.66976 -10.90738555 -1.75895263 -0.20937070 -0.14562071 0.60405023 0.05887660 -0.78131394
1464105935.82976 -11.00892262 -1.77897747 -0.21635618 -0.14569616 0.59162175 0.06610628 -0.79018118
1464105936.03293 -11.13248950 -1.80561194 -0.22158420 -0.12946201 0.59577224 0.06449672 -0.79002228
1464105936.19264 -11.23758196 -1.81364387 -0.22181718 -0.13601378 0.59186504 0.05782781 -0.79237110
1464105936.39377 -11.37045074 -1.83618047 -0.22819328 -0.14106545 0.60298610 0.06570174 -0.78242673
1464105936.63027 -11.52109678 -1.86025188 -0.24732429 -0.14273969 0.63114408 0.08243253 -0.75794948
1464105936.87051 -11.67824343 -1.87603898 -0.26835666 -0.15501309 0.63250711 0.07843208 -0.75482058
1464105937.11182 -11.82433014 -1.90487382 -0.28712580 -0.13725650 0.63496800 0.08601207 -0.75536628
1464105937.31005 -11.95202999 -1.91316462 -0.29347997 -0.13968867 0.62937562 0.08263347 -0.75996389
1464105937.51010 -12.14936093 -1.94299668 -0.33628177 -0.15129680 0.63466400 0.08731580 -0.75278605
1464105937.67000 -12.17589218 -1.95936528 -0.32202431 -0.14437254 0.65610253 0.09561680 -0.73453622
1464105937.83013 -12.27763580 -1.96899958 -0.33444984 -0.15582983 0.65523109 0.08866700 -0.73384429
1464105937.95044 -12.35655856 -1.97901060 -0.34274968 -0.16642806 0.64478507 0.08083181 -0.74163342
1464105938.07003 -12.43247871 -1.99352358 -0.35056086 -0.15489739 0.64042278 0.08603055 -0.74730463
1464105938.23003 -12.53003824 -2.01404682 -0.35772547 -0.13489359 0.64470081 0.08612714 -0.74749361
1464105938.39012 -12.63281249 -2.02211705 -0.35870299 -0.13614369 0.63856359 0.08148406 -0.75303505
1464105938.55037 -12.73843314 -2.03650739 -0.35994699 -0.13431169 0.64652885 0.07760262 -0.74695291
1464105938.75321 -12.85917234 -2.06663261 -0.36759594 -0.13241606 0.65691505 0.09195164 -0.73652801
1464105938.99004 -13.00932914 -2.07970535 -0.37749690 -0.14760153 0.65865112 0.09462721 -0.73173642
1464105939.31026 -13.23646257 -2.12607964 -0.39237666 -0.14612653 0.65134963 0.09386977 -0.73863331
1464105939.63031 -13.40974109 -2.13944170 -0.38641322 -0.13941800 0.65494964 0.09209030 -0.73696877
1464105939.87028 -13.55492687 -2.18150308 -0.39580161 -0.14088976 0.67919504 0.07838243 -0.71603098
1464105940.07051 -13.67985334 -2.19023619 -0.40284475 -0.14955284 0.67926711 0.09335839 -0.71240041
1464105940.31027 -13.82945084 -2.22058755 -0.41409727 -0.16346571 0.66776414 0.08261565 -0.72148782
1464105940.59473 -14.00733645 -2.24948293 -0.42216197 -0.14567479 0.67271655 0.08067385 -0.72091819
1464105940.83040 -14.16695400 -2.27238369 -0.42868844 -0.15723122 0.68114610 0.07380066 -0.71124665
1464105940.99040 -14.26204712 -2.29696615 -0.44090927 -0.15413162 0.70867520 0.07511203 -0.68438373
1464105941.15028 -14.36013894 -2.29908649 -0.44882772 -0.15230677 0.71290276 0.09655367 -0.67767964
1464105941.35030 -14.48149952 -2.31213629 -0.45672365 -0.17222861 0.70019603 0.10049705 -0.68553859
1464105941.59292 -14.63628799 -2.35810578 -0.46052026 -0.17659430 0.69410601 0.08966481 -0.69209213
1464105941.87082 -14.81578682 -2.38329120 -0.44918604 -0.16956444 0.67833656 0.06688411 -0.71178222
1464105942.31047 -15.08798809 -2.42938309 -0.44719004 -0.15967736 0.69967160 0.07612703 -0.69221924
1464105942.75052 -15.37119916 -2.48515609 -0.48786900 -0.16070380 0.67944955 0.07874063 -0.71156342
1464105943.07221 -15.55759347 -2.51084035 -0.45622724 -0.16166901 0.66967639 0.07127137 -0.72133006
1464105943.39313 -15.75566745 -2.54986242 -0.46834347 -0.16643086 0.68245630 0.07956972 -0.70726433
1464105943.63062 -15.91363719 -2.56788402 -0.47283707 -0.18090106 0.67344835 0.07352353 -0.71297715
1464105943.87070 -16.06384890 -2.59955043 -0.47385029 -0.15525776 0.66874469 0.08304661 -0.72234259
1464105944.07059 -16.19022162 -2.61198562 -0.46811005 -0.16294912 0.66481567 0.06586486 -0.72603687
1464105944.27162 -16.31936576 -2.64062257 -0.47549224 -0.16304091 0.67108426 0.07372214 -0.71946412
1464105944.43060 -16.41402926 -2.65732570 -0.48466052 -0.15498976 0.68322919 0.09084250 -0.70775963
1464105944.55072 -16.48387736 -2.66323978 -0.49043338 -0.16454516 0.68346246 0.08780683 -0.70575769
1464105944.67291 -16.56250132 -2.67314902 -0.49951660 -0.17840876 0.67585802 0.07422726 -0.71125000
1464105944.79677 -16.63588573 -2.68935978 -0.50758698 -0.18202446 0.66728943 0.07344191 -0.71846935
1464105944.91183 -16.69953330 -2.70699606 -0.51301791 -0.16976155 0.66632509 0.07777728 -0.72190206
1464105945.03083 -16.76723298 -2.72388899 -0.51826515 -0.16590525 0.66686610 0.07655915 -0.72242906
1464105945.15089 -16.83404617 -2.73107673 -0.51984423 -0.17251920 0.66630865 0.07098272 -0.72196355
1464105945.27083 -16.90312528 -2.73955060 -0.52175249 -0.17565286 0.66913779 0.06278313 -0.71934621
1464105945.39310 -16.96808016 -2.75347986 -0.52369563 -0.17520707 0.67104194 0.06522485 -0.71746143
1464105945.51111 -17.03257521 -2.77347097 -0.53043596 -0.16973826 0.68384773 0.06817223 -0.70632411
1464105945.63081 -17.08878716 -2.78562391 -0.53677753 -0.16968555 0.69036208 0.07284722 -0.69950003
1464105945.71080 -17.13322286 -2.78910386 -0.53838052 -0.17212089 0.69139149 0.07331907 -0.69783703
1464105945.79403 -17.17582344 -2.79259623 -0.54004350 -0.17875576 0.68766340 0.07096384 -0.70009253
1464105945.87098 -17.21797319 -2.79755876 -0.54222463 -0.18699089 0.68344504 0.06999734 -0.70216640
1464105945.95130 -17.25968235 -2.80405325 -0.54516911 -0.18277036 0.68573311 0.07395520 -0.70063951
1464105946.03091 -17.28867010 -2.81417775 -0.54979345 -0.18585583 0.68243560 0.07558443 -0.70287001
1464105946.23083 -17.38114692 -2.82724706 -0.55202541 -0.17549173 0.69178268 0.08421635 -0.69537543
1464105946.43107 -17.45990827 -2.83737837 -0.55608853 -0.17730038 0.71328667 0.08111214 -0.67320690
1464105946.55108 -17.50975319 -2.84419117 -0.55637166 -0.18926244 0.72394800 0.07757850 -0.65883276
1464105946.71107 -17.57021673 -2.85869108 -0.55895970 -0.19448584 0.74957276 0.08227784 -0.62733268
1464105946.87105 -17.62242657 -2.87051631 -0.56921613 -0.19158848 0.77394069 0.08652070 -0.59734733
1464105947.11194 -17.69900740 -2.87329803 -0.59418354 -0.19197379 0.79558509 0.08776317 -0.56788031
1464105947.31114 -17.77636978 -2.87614378 -0.62265755 -0.20530422 0.81123822 0.08302055 -0.54115647
1464105947.51106 -17.83339819 -2.88196637 -0.66480626 -0.20180077 0.83307471 0.08988145 -0.50713342
1464105947.71108 -17.88167500 -2.87886866 -0.71997819 -0.19671367 0.86106650 0.09456872 -0.45926569
1464105947.87105 -17.91592002 -2.86728452 -0.77470363 -0.19254668 0.88277564 0.10153251 -0.41632210
1464105948.07113 -17.94790227 -2.86730411 -0.85164174 -0.19722742 0.90003380 0.10566827 -0.37399829
1464105948.31131 -17.98690724 -2.86608413 -0.93542918 -0.19815774 0.91696008 0.11842040 -0.32541410
1464105948.67130 -18.02780587 -2.83490614 -1.11800061 -0.20114779 0.92581016 0.10875803 -0.30097642
1464105949.07125 -18.07375790 -2.80404430 -1.32278223 -0.19557981 0.93801348 0.11004318 -0.26413963
1464105949.39396 -18.08665884 -2.78503145 -1.52961054 -0.18929367 0.95057525 0.11297747 -0.21865658
1464105949.71195 -18.10592372 -2.75213432 -1.72715836 -0.20251438 0.95546380 0.09219530 -0.19384759
1464105950.07134 -18.12807579 -2.73265258 -1.94895434 -0.19903778 0.95663406 0.10999626 -0.18203312
1464105950.35323 -18.15964217 -2.69554834 -2.12914562 -0.19672716 0.96205763 0.10278498 -0.15867828
1464105950.59390 -18.17657561 -2.69398520 -2.27954425 -0.19168857 0.96853371 0.10044552 -0.12291723
1464105950.83131 -18.19818522 -2.65824039 -2.42874676 -0.20069003 0.97039131 0.09042867 -0.09943276
1464105951.07137 -18.21891932 -2.65035069 -2.58414260 -0.20138977 0.97054470 0.09208044 -0.09490176
1464105951.27144 -18.23801366 -2.63071752 -2.70571149 -0.15192860 0.97858762 0.10239066 -0.09380895
1464105951.47164 -18.26096211 -2.59725839 -2.83748913 -0.14566256 0.97854249 0.12278214 -0.07849557
1464105951.75261 -18.26852406 -2.58726877 -3.01741444 -0.13435558 0.98050157 0.13584355 -0.04595419
1464105952.03158 -18.27973234 -2.53944928 -3.18730629 -0.14778565 0.98035752 0.12141560 -0.04813310
1464105952.23159 -18.28834546 -2.52550726 -3.30736305 -0.13526139 0.97675138 0.15939488 -0.04748013
1464105952.43157 -18.30059012 -2.49787747 -3.42230855 -0.12990844 0.97816511 0.15704029 -0.04068369
1464105952.59458 -18.31120082 -2.46938434 -3.52155638 -0.12422041 0.97898320 0.16052389 -0.01983088
1464105952.75166 -18.31184540 -2.46199193 -3.61692450 -0.13455268 0.97611547 0.16819530 0.02836375
1464105952.99428 -18.31732707 -2.43493847 -3.75414108 -0.15071276 0.96967894 0.17791778 0.07316883
1464105953.27312 -18.33751251 -2.40280193 -3.93584998 -0.15995488 0.96788685 0.17173753 0.09008722
1464105953.59166 -18.36487571 -2.36918823 -4.13401618 -0.15977068 0.95895890 0.19729935 0.12627008
1464105953.91285 -18.40892387 -2.34904887 -4.33418831 -0.15899716 0.94883388 0.20935800 0.17493827
1464105954.59423 -18.47663581 -2.28081335 -4.78970050 -0.17380553 0.94634591 0.20838100 0.17549475
1464105955.03178 -18.51671802 -2.23997895 -5.07978737 -0.16279920 0.93910129 0.21518247 0.21279494
1464105955.59198 -18.52755750 -2.17569394 -5.45778051 -0.16768558 0.93705146 0.21764513 0.21551498
1464105955.99437 -18.52403046 -2.12709965 -5.73392029 -0.15625336 0.93905035 0.19713586 0.23432198
1464105956.35209 -18.52145695 -2.10636580 -5.97199360 -0.16029684 0.93533944 0.17636624 0.26141920
1464105956.67198 -18.50408925 -2.07514087 -6.18619277 -0.15371795 0.93148121 0.18783785 0.27098061
1464105956.95210 -18.49299895 -2.04115029 -6.36509194 -0.14561728 0.92671949 0.17100489 0.30123732
1464105957.19471 -18.48439827 -2.02155360 -6.51342175 -0.14608195 0.91237324 0.18692721 0.33360659
1464105957.43210 -18.46773537 -1.99568532 -6.65439848 -0.15599617 0.90401925 0.18795387 0.35083860
1464105957.63296 -18.44033274 -1.96197599 -6.77923247 -0.16035687 0.89663676 0.18601056 0.36841317
1464105957.83215 -18.40617700 -1.95103677 -6.89364526 -0.16237241 0.88990690 0.19760951 0.37769218
1464105957.99497 -18.37878869 -1.93455647 -6.98543349 -0.15521234 0.88915947 0.18290821 0.38967828
1464105958.15221 -18.34990691 -1.90971527 -7.07721020 -0.14485712 0.88548348 0.18073370 0.40282843
1464105958.31225 -18.31518025 -1.89986800 -7.15588816 -0.14690684 0.86652966 0.18797753 0.43841666
1464105958.47222 -18.27811628 -1.88569671 -7.22792399 -0.15533921 0.85135763 0.19454860 0.46174750
1464105958.59577 -18.23831172 -1.85951771 -7.28400683 -0.16537194 0.84062402 0.18691941 0.48069171
1464105958.71315 -18.20606415 -1.83874660 -7.33597360 -0.17001849 0.83655175 0.17707041 0.48981727
1464105958.83218 -18.16152994 -1.82592115 -7.38437738 -0.17075846 0.82764764 0.18039502 0.50328777
1464105958.95278 -18.11632248 -1.82017093 -7.42884019 -0.16389633 0.81942916 0.18450478 0.51733145
1464105959.07231 -18.07021558 -1.81017584 -7.47271015 -0.16033075 0.81015385 0.17809504 0.53500182
1464105959.19231 -18.02196818 -1.79245037 -7.50975239 -0.15404550 0.80156261 0.16915490 0.55240744
1464105959.31279 -17.97281229 -1.77503523 -7.54718453 -0.14689234 0.79343234 0.17371560 0.56454464
1464105959.43407 -17.92137791 -1.76397506 -7.58251098 -0.13978353 0.78631409 0.18175788 0.57370270
1464105959.55233 -17.86868165 -1.75757632 -7.60658962 -0.14940975 0.76681590 0.19173153 0.59406155
1464105959.67238 -17.81104240 -1.74535959 -7.62528102 -0.15184021 0.75394035 0.18319798 0.61233733
1464105959.79508 -17.74733004 -1.72551798 -7.63896686 -0.14640248 0.74853494 0.17521703 0.62254377
1464105959.91242 -17.67599661 -1.71190343 -7.64752883 -0.14037774 0.74926852 0.15497986 0.62838843
1464105960.11241 -17.55906798 -1.70034810 -7.65016025 -0.14373255 0.73559324 0.16147226 0.64200487
1464105960.27244 -17.46926729 -1.69072065 -7.64420352 -0.14284927 0.73105692 0.15149100 0.64976945
1464105960.39445 -17.39533043 -1.67749463 -7.63998629 -0.11944850 0.74334382 0.14366325 0.64228724
1464105960.51251 -17.32225717 -1.66571364 -7.62817179 -0.11531635 0.74129842 0.15186258 0.64351888
1464105960.63227 -17.25280546 -1.66259078 -7.61143469 -0.11546478 0.73380652 0.14918865 0.65263973
1464105960.75294 -17.18687966 -1.65902998 -7.59128905 -0.13070535 0.71707061 0.15792556 0.66617218
1464105960.91564 -17.09202856 -1.63853789 -7.56068436 -0.13771985 0.70362361 0.15611644 0.67939290
1464105961.11256 -16.96388144 -1.62471374 -7.51895415 -0.12456878 0.69894104 0.14286103 0.68960479
1464105961.51262 -16.70631296 -1.59263313 -7.48307539 -0.10904335 0.69930010 0.14972816 0.69041321
1464105961.87266 -16.47446417 -1.56820431 -7.47917457 -0.10890846 0.68290190 0.13708102 0.70921981
1464105962.23439 -16.23787977 -1.51160664 -7.47458215 -0.11946730 0.69108476 0.10395777 0.70521075
1464105962.55287 -16.02981444 -1.48289297 -7.47818954 -0.11802071 0.69696899 0.13052070 0.69517601
1464105962.79262 -15.86798844 -1.45369114 -7.48442905 -0.09582323 0.69665821 0.12719145 0.69950524
1464105962.99258 -15.74046537 -1.44729004 -7.48832844 -0.09856786 0.68502752 0.12443473 0.71101172
1464105963.15268 -15.63548568 -1.42671701 -7.48977338 -0.09497477 0.69033997 0.10252980 0.70985785
1464105963.31267 -15.52474696 -1.40492227 -7.49410521 -0.08426437 0.70340402 0.08812556 0.70025437
1464105963.47273 -15.41888854 -1.39143064 -7.49714161 -0.09465106 0.69505830 0.10816358 0.70444004
1464105963.67279 -15.29210123 -1.36578444 -7.50147423 -0.09685075 0.69401569 0.12286843 0.70275565
1464105963.91278 -15.13825821 -1.33516733 -7.50617898 -0.08055853 0.68569174 0.11617097 0.71403183
1464105964.39320 -14.83631497 -1.27903816 -7.49365948 -0.08607169 0.66411169 0.10049042 0.73583219
1464105964.75289 -14.61282086 -1.24878833 -7.48563158 -0.10551308 0.65282315 0.12291467 0.73998710
1464105965.11287 -14.38129436 -1.21199033 -7.48582078 -0.08778999 0.64866144 0.11558494 0.74710868
1464105965.43295 -14.18854929 -1.17546762 -7.47531885 -0.09747721 0.63593089 0.11641572 0.75666207
1464105965.63297 -14.04934346 -1.14809169 -7.46333954 -0.10445800 0.64547460 0.10710461 0.74898576
1464105965.79925 -13.95892388 -1.13786830 -7.46026480 -0.11655276 0.64386120 0.12557111 0.74571449
1464105965.95303 -13.85380323 -1.11659409 -7.45604258 -0.11125535 0.65070184 0.12115222 0.74130392
1464105966.07302 -13.77376451 -1.10143115 -7.45365689 -0.09594993 0.65573122 0.11292347 0.74030971
1464105966.19313 -13.69653199 -1.09475981 -7.45015717 -0.09986353 0.64876930 0.11427287 0.74569926
1464105966.31305 -13.62040716 -1.09143111 -7.44630367 -0.10797448 0.64374912 0.12177420 0.74772965
1464105966.43293 -13.54408618 -1.08110653 -7.43961368 -0.10813756 0.64512212 0.11394211 0.74775725
1464105966.55308 -13.46552336 -1.05945178 -7.43124414 -0.10886454 0.65612303 0.10176168 0.73979432
1464105966.67383 -13.38446621 -1.04152387 -7.42192145 -0.11006283 0.66923310 0.09212544 0.72905839
1464105966.79353 -13.30571869 -1.03278833 -7.41313177 -0.11820924 0.67428744 0.11025886 0.72055951
1464105966.91572 -13.22966517 -1.02945994 -7.40492138 -0.11837602 0.67461711 0.11958674 0.71873353
1464105967.03310 -13.15156290 -1.01759127 -7.39805247 -0.10954881 0.68477647 0.11669736 0.71095849
1464105967.19313 -13.04580216 -0.99493781 -7.38765487 -0.09502077 0.69650800 0.11089587 0.70253097
1464105967.47316 -12.87235366 -0.97648604 -7.37060233 -0.10993087 0.70162873 0.12421950 0.69296598
1464105967.71325 -12.71852996 -0.93418817 -7.34515663 -0.12056016 0.71763574 0.12732308 0.67398296
1464105967.91328 -12.58861314 -0.91338602 -7.32083346 -0.13175212 0.73191290 0.13865768 0.65400225
1464105968.07644 -12.48949620 -0.90098844 -7.30570974 -0.14687682 0.73555499 0.15938200 0.64185936
1464105968.23455 -12.38516101 -0.87897769 -7.29290957 -0.14140274 0.75539466 0.15702980 0.62026269
1464105968.39631 -12.26642229 -0.85645134 -7.27776996 -0.14170588 0.76708432 0.16335346 0.60400061
1464105968.55330 -12.18427624 -0.85297679 -7.26682822 -0.14489262 0.77505376 0.18225504 0.58743586
1464105968.71330 -12.08898167 -0.83324773 -7.25215906 -0.16149687 0.78405142 0.19313663 0.56734503
1464105968.83337 -12.01504971 -0.81258160 -7.24194868 -0.16361152 0.80062112 0.19997883 0.54059741
1464105968.95386 -11.93972278 -0.79896892 -7.23400062 -0.16629338 0.81872756 0.20287875 0.51075622
1464105969.07323 -11.87078405 -0.79250074 -7.23092154 -0.16211027 0.83838928 0.22086635 0.47121304
1464105969.23332 -11.78149250 -0.77883115 -7.22688165 -0.16963189 0.85041236 0.23366609 0.43979995
1464105969.35339 -11.71197998 -0.75928710 -7.22506886 -0.16375970 0.86192143 0.23815834 0.41659912
1464105969.47330 -11.63541433 -0.73973353 -7.22440385 -0.16146901 0.87230057 0.24290972 0.39244660
1464105969.59642 -11.57439164 -0.72984616 -7.22365438 -0.17113684 0.87699466 0.26171807 0.36482352
1464105969.71335 -11.50804344 -0.72388614 -7.22105313 -0.18209591 0.87316791 0.26705106 0.36483231
1464105969.79601 -11.46515264 -0.71815628 -7.22043663 -0.18482567 0.87636617 0.26783309 0.35508764
1464105969.87339 -11.42052274 -0.70858925 -7.21990928 -0.18292482 0.88406013 0.26347595 0.33993620
1464105969.95350 -11.37461190 -0.69637080 -7.21977870 -0.17939407 0.89404063 0.26187209 0.31612043
1464105970.03349 -11.32613065 -0.68650694 -7.22004358 -0.17549448 0.90458822 0.25278471 0.29499446
1464105970.11344 -11.27762239 -0.67906563 -7.21822108 -0.17835250 0.90598117 0.25726840 0.28495872
1464105970.19647 -11.23187601 -0.67441187 -7.21682202 -0.17157800 0.91100025 0.26515848 0.26519902
1464105970.27351 -11.18457136 -0.66842107 -7.21495588 -0.17899420 0.91107944 0.26534352 0.25978481
1464105970.35358 -11.14410805 -0.66201927 -7.21248115 -0.18535450 0.90807057 0.27406627 0.25678636
1464105970.43335 -11.09940808 -0.65133385 -7.21118104 -0.18664897 0.91035664 0.27111281 0.25082025
1464105970.51356 -11.05210942 -0.63790147 -7.21065535 -0.18036325 0.91286052 0.27065981 0.24677526
1464105970.59389 -11.00318122 -0.62589368 -7.21119322 -0.17621916 0.91558298 0.26559409 0.24518236
1464105970.67362 -10.95573114 -0.61539991 -7.21067928 -0.18625870 0.90999614 0.27673930 0.24623174
1464105970.75358 -10.90899036 -0.60745887 -7.21041931 -0.18818054 0.90700612 0.28491168 0.24648186
1464105970.83356 -10.86289180 -0.60250114 -7.20871695 -0.19859647 0.90171654 0.28469286 0.25771438
1464105970.91359 -10.82000624 -0.59670904 -7.20779770 -0.20918115 0.90014908 0.28990496 0.24885736
1464105970.99353 -10.77266847 -0.58831852 -7.20687725 -0.21487457 0.89970171 0.27682968 0.26025196
1464105971.07359 -10.71370847 -0.57238826 -7.20612676 -0.20737905 0.90626877 0.27270102 0.24759846
1464105971.15411 -10.67636866 -0.56380560 -7.20771285 -0.20135938 0.91089746 0.26547169 0.24340296
1464105971.23363 -10.62687655 -0.55524750 -7.20598334 -0.19940450 0.91250693 0.26235737 0.24235833
1464105971.31349 -10.57937269 -0.55128739 -7.20390651 -0.19649199 0.91593850 0.25984131 0.23437161
1464105971.39377 -10.53164723 -0.54687480 -7.19935650 -0.20138931 0.91073422 0.26469801 0.24482745
1464105971.51358 -10.46210117 -0.53571081 -7.19200432 -0.20823702 0.90379426 0.27196434 0.25657099
1464105971.67362 -10.36286123 -0.51298801 -7.18479608 -0.20162600 0.90445237 0.26715804 0.26446067
1464105971.83358 -10.26048572 -0.49807627 -7.17732337 -0.20435277 0.90258853 0.26158064 0.27413399
1464105971.99622 -10.16597045 -0.48918353 -7.17057881 -0.21391817 0.89820647 0.26196874 0.28077844
1464105972.15370 -10.07217545 -0.47504705 -7.16364462 -0.22182036 0.89866253 0.25155525 0.28270362
1464105972.27376 -9.99670329 -0.45771720 -7.15679535 -0.21560303 0.90247769 0.25058108 0.27614936
1464105972.39887 -9.92102294 -0.44869456 -7.14928878 -0.21732007 0.90450577 0.24628963 0.27199764
1464105972.51368 -9.83680529 -0.43858730 -7.13822367 -0.21626335 0.90301381 0.25100131 0.27348596
1464105972.63373 -9.77294151 -0.43204254 -7.12778795 -0.22036009 0.89792496 0.25768892 0.28065749
1464105972.75379 -9.69645860 -0.41573786 -7.11948638 -0.21671337 0.89978313 0.25333053 0.28151250
1464105972.83375 -9.64333313 -0.40463622 -7.11536628 -0.21064478 0.90150419 0.25206291 0.28175035
1464105972.91379 -9.58969495 -0.39677799 -7.11018103 -0.21355511 0.89912437 0.25259647 0.28664367
1464105972.99669 -9.54006928 -0.39212332 -7.10582481 -0.21353673 0.89938617 0.25385237 0.28472013
1464105973.07514 -9.49082999 -0.38833012 -7.09990929 -0.21945828 0.89606052 0.25461285 0.28997568
1464105973.15372 -9.44240204 -0.38321110 -7.09472596 -0.22410680 0.89608626 0.25336806 0.28741986
1464105973.23392 -9.39177624 -0.37434980 -7.08932677 -0.22717118 0.89598521 0.24841797 0.28964164
1464105973.31406 -9.33976667 -0.36314740 -7.08453319 -0.22178432 0.90113733 0.24371319 0.28172170
1464105973.39605 -9.28803413 -0.35089159 -7.08331404 -0.21655123 0.90574034 0.23706124 0.27666220
1464105973.47421 -9.23178480 -0.34593965 -7.07455604 -0.21673206 0.90523657 0.24009410 0.27555178
1464105973.55380 -9.18013826 -0.34258945 -7.06948351 -0.20835308 0.90925023 0.24404612 0.26513109
1464105973.63389 -9.12933548 -0.33992174 -7.06312116 -0.20877976 0.90808414 0.24632131 0.26668337
1464105973.71388 -9.07918116 -0.33435938 -7.05708288 -0.21183896 0.90586887 0.24735808 0.27081325
1464105973.79386 -9.02873024 -0.32504689 -7.05202158 -0.21142138 0.90649795 0.24396723 0.27210742
1464105973.87385 -8.97681855 -0.31324601 -7.04764332 -0.20204799 0.90945949 0.24328713 0.26994708
1464105973.95383 -8.92464672 -0.30344272 -7.04269318 -0.19918946 0.91170370 0.23809312 0.26913118
1464105974.03432 -8.87337537 -0.29609693 -7.03573292 -0.20688906 0.90579091 0.24401619 0.27784142
1464105974.11388 -8.82229688 -0.29071876 -7.02894250 -0.20611345 0.90112711 0.24918933 0.28877648
1464105974.19393 -8.77386205 -0.28914941 -7.02190938 -0.21293678 0.89823606 0.24055739 0.29993673
1464105974.31390 -8.70752156 -0.27821975 -7.01691224 -0.22127976 0.89602975 0.23387117 0.30572901
1464105974.47384 -8.60131364 -0.25784826 -7.00587420 -0.21466072 0.90139290 0.23072504 0.29694707
1464105974.67396 -8.47611058 -0.24363942 -6.99663244 -0.20992823 0.90384849 0.23118387 0.29247574
1464105974.83475 -8.37525801 -0.23343228 -6.98667099 -0.21777972 0.89911153 0.23025593 0.30191497
1464105974.99666 -8.27349955 -0.21134240 -6.98125270 -0.20672056 0.90283555 0.22653283 0.30139254
1464105975.15400 -8.17156018 -0.19588814 -6.97729252 -0.21376891 0.90234681 0.21624169 0.30547115
1464105975.31400 -8.08185218 -0.18360993 -6.97153136 -0.22392914 0.89737805 0.22668939 0.30525447
1464105975.43663 -8.00536433 -0.17323645 -6.96429546 -0.22971729 0.89545670 0.22508425 0.30777320
1464105975.55408 -7.92988171 -0.15602686 -6.95902000 -0.22275404 0.90159270 0.22339284 0.29598460
1464105975.67609 -7.85311311 -0.14409591 -6.95325420 -0.21983578 0.90585580 0.21944450 0.28799585
1464105975.79650 -7.78128138 -0.13870927 -6.94697827 -0.22001842 0.90866984 0.22199557 0.27681941
1464105975.91407 -7.70915233 -0.12954585 -6.93813281 -0.22253286 0.90582976 0.23190838 0.27598928
1464105975.99411 -7.66094402 -0.12127795 -6.93325147 -0.22140638 0.90651375 0.22950614 0.27665677
1464105976.07409 -7.61082430 -0.10949803 -6.92986782 -0.21550846 0.90965201 0.22510281 0.27462345
1464105976.15413 -7.55972561 -0.09767914 -6.92626649 -0.20947561 0.91161763 0.22579552 0.27219414
1464105976.23430 -7.50843432 -0.08934232 -6.92162998 -0.21723903 0.90704655 0.22892921 0.27868471
1464105976.31413 -7.45861917 -0.08417785 -6.91756859 -0.21989927 0.90570194 0.22949765 0.28049802
1464105976.40103 -7.40952682 -0.08072597 -6.91261098 -0.22403899 0.90276614 0.23059388 0.28573814
1464105976.47445 -7.36065104 -0.07653297 -6.90762952 -0.22743680 0.90160140 0.22906095 0.28795572
1464105976.55449 -7.30914493 -0.06724690 -6.90200318 -0.22758656 0.90215709 0.22163432 0.29188213
1464105976.63408 -7.25949041 -0.05686228 -6.89813833 -0.22327237 0.90689885 0.21708063 0.28383079
1464105976.71419 -7.20840479 -0.04437138 -6.89511202 -0.21919240 0.91115771 0.21832348 0.27217857
1464105976.79454 -7.15689519 -0.03534714 -6.89122232 -0.22365355 0.90909593 0.22091999 0.27334598
1464105976.87418 -7.10686513 -0.03204502 -6.88718043 -0.22746547 0.91036817 0.21533862 0.27040437
1464105976.95421 -7.06291226 -0.02633994 -6.88041125 -0.23533123 0.90329388 0.22227832 0.28155234
1464105977.03432 -7.00500356 -0.02015921 -6.87506210 -0.24131245 0.89797133 0.22271751 0.29293806
1464105977.11429 -6.95347659 -0.00916494 -6.87080699 -0.23988818 0.89720259 0.21459455 0.30237453
1464105977.19418 -6.90212727 0.00537156 -6.86908983 -0.23104004 0.90104712 0.21216533 0.29953372
1464105977.31427 -6.82063166 0.02223809 -6.86528733 -0.22800012 0.89917873 0.20694690 0.31091242
1464105977.51512 -6.68967079 0.03196095 -6.85636610 -0.23060942 0.88966802 0.21649254 0.32930396
1464105977.71436 -6.56233292 0.05167905 -6.84521821 -0.23099654 0.88827708 0.20159354 0.34200069
1464105977.87431 -6.45340744 0.06742708 -6.83776404 -0.22027003 0.89771068 0.17415041 0.33951182
1464105978.07430 -6.33096858 0.07108323 -6.82443629 -0.21143544 0.89452605 0.18483201 0.34778634
1464105978.23444 -6.23507274 0.07578722 -6.81872924 -0.19442574 0.89344470 0.16853730 0.36817168
1464105978.35434 -6.16008923 0.08833291 -6.82202662 -0.16287628 0.90362537 0.15154218 0.36601569
1464105978.51699 -6.05492977 0.10661501 -6.82007618 -0.15702821 0.89598418 0.15431019 0.38567195
1464105978.67434 -5.95572081 0.11056325 -6.81623327 -0.16505533 0.88743062 0.14869976 0.40387129
1464105978.79738 -5.88154806 0.11946167 -6.81126760 -0.16737275 0.88357644 0.13571240 0.41576577
1464105978.91449 -5.80368247 0.13813697 -6.80830190 -0.15750973 0.88915233 0.12983770 0.40956196
1464105979.03457 -5.72277541 0.15235908 -6.80594735 -0.15120024 0.89970050 0.11895199 0.39182639
1464105979.15436 -5.64185872 0.16220695 -6.79808401 -0.15549980 0.89830529 0.13049061 0.38966604
1464105979.27438 -5.56064268 0.16874666 -6.78583829 -0.15980403 0.88918087 0.14396485 0.40384919
1464105979.39746 -5.47951817 0.17988783 -6.77828422 -0.15310893 0.88973632 0.13175345 0.40935067
1464105979.51439 -5.39408508 0.19869860 -6.77340159 -0.12909249 0.89179822 0.13193840 0.41306575
1464105979.63642 -5.30486501 0.20720078 -6.76815970 -0.12019931 0.89085904 0.12226761 0.42068150
1464105979.87450 -5.12853190 0.21243104 -6.75220288 -0.10141215 0.87578409 0.12345062 0.45549726
1464105980.23444 -4.86092011 0.26006111 -6.73046183 -0.09072338 0.87051127 0.10937844 0.47118549
1464105980.47446 -4.69058455 0.28493762 -6.71383866 -0.09930867 0.85573167 0.11757084 0.49400222
1464105980.71462 -4.51084275 0.32463962 -6.70780145 -0.08358949 0.85294530 0.11996544 0.50110418
1464105980.91475 -4.36227414 0.33154287 -6.70055580 -0.08350355 0.83657964 0.11978029 0.52802873
1464105981.11465 -4.20833268 0.36504641 -6.69573173 -0.08703127 0.82784959 0.11170147 0.54278301
1464105981.31467 -4.05553260 0.38831236 -6.68581539 -0.08610411 0.83045503 0.10840207 0.53961053
1464105981.51466 -3.90662497 0.39789081 -6.67763615 -0.08160192 0.82316425 0.11722105 0.54954615
1464105981.71473 -3.75442695 0.43011252 -6.66946119 -0.06365477 0.81709890 0.10723413 0.56284838
1464105982.07474 -3.49515999 0.45645258 -6.64970114 -0.07076078 0.79118289 0.10467665 0.59838561
1464105982.55559 -3.14350635 0.50401185 -6.61733642 -0.07436374 0.79299263 0.09685977 0.59686759
1464105982.91483 -2.88461256 0.54874745 -6.59363669 -0.06068823 0.79051336 0.08192584 0.60389877
1464105983.19888 -2.69422443 0.57556417 -6.56674839 -0.07525405 0.77304391 0.08920980 0.62352350
1464105983.43493 -2.52255458 0.61230584 -6.54485770 -0.07640449 0.79041761 0.08794312 0.60138869
1464105983.67501 -2.35781365 0.62965987 -6.52863531 -0.08843493 0.78996710 0.11155705 0.59639440
1464105983.87501 -2.21233995 0.66083048 -6.51965648 -0.06482450 0.79789379 0.09478046 0.59176004
1464105984.07648 -2.07080397 0.67521526 -6.50263934 -0.06761943 0.78902289 0.10225178 0.60200919
1464105984.23489 -1.95787505 0.68768430 -6.49191180 -0.07431533 0.78497228 0.09995189 0.60688168
1464105984.39506 -1.84081196 0.71212043 -6.48073789 -0.06407149 0.79111536 0.08328777 0.60257321
1464105984.55535 -1.72297843 0.73019930 -6.47346587 -0.06650081 0.80214182 0.08116107 0.58784269
1464105984.71502 -1.60972902 0.74070603 -6.46660993 -0.07266197 0.80509139 0.09620886 0.58076841
1464105984.87519 -1.50003850 0.76206859 -6.46396103 -0.06913486 0.80709326 0.09811646 0.57809514
1464105985.03493 -1.38711738 0.78561502 -6.46036982 -0.05280798 0.80646744 0.08945112 0.58208253
1464105985.19790 -1.27457969 0.79801581 -6.45514825 -0.06668972 0.79375173 0.10017309 0.59621810
1464105985.31512 -1.19453571 0.80571733 -6.44964671 -0.06716639 0.79356197 0.10079158 0.59631295
1464105985.43507 -1.11016168 0.82212776 -6.44352479 -0.06032206 0.79881845 0.09122826 0.59154690
1464105985.51509 -1.05094916 0.83436778 -6.44047318 -0.05388607 0.80675978 0.08462242 0.58230061
1464105985.64088 -0.96672329 0.84492861 -6.43505607 -0.05815674 0.80912045 0.07457165 0.57998358
1464105985.71515 -0.91251839 0.84875801 -6.43521115 -0.05057412 0.81817573 0.08160815 0.56689580
1464105985.83499 -0.83714018 0.85404111 -6.43336171 -0.05306042 0.82091998 0.09262490 0.56097736
1464105985.91510 -0.78661962 0.86096012 -6.43337055 -0.05115640 0.82483002 0.08863917 0.55604097
1464105985.99891 -0.73625010 0.86973042 -6.43089607 -0.04671267 0.82877928 0.07979156 0.55188418
1464105986.11515 -0.65389916 0.88145370 -6.42776392 -0.03665447 0.82756509 0.06462007 0.55643213
1464105986.27592 -0.55193280 0.89323702 -6.41957087 -0.03464507 0.82112706 0.07249517 0.56506152
1464105986.51518 -0.41793777 0.91108038 -6.40962664 -0.04544699 0.80709595 0.08838856 0.58199499
1464105986.71528 -0.30008253 0.93708495 -6.41109441 -0.04077663 0.80922321 0.08797257 0.57944447
1464105986.91532 -0.19054006 0.95782204 -6.41912472 -0.05203705 0.80790415 0.09685461 0.57896651
1464105987.15532 -0.06933605 0.98494584 -6.43701999 -0.06851921 0.80326585 0.09625999 0.58378343
1464105987.35535 0.03450371 1.01081833 -6.45272185 -0.06308690 0.79402874 0.07483066 0.59994898
1464105987.55631 0.13631207 1.01944133 -6.45882261 -0.06536196 0.76681451 0.07049967 0.63462833
1464105987.79538 0.26476071 1.03559645 -6.44779793 -0.06612534 0.75005839 0.05266026 0.65594722
1464105988.15573 0.46154637 1.04570775 -6.38934589 -0.04106418 0.74725738 0.04624269 0.66165078
1464105988.35541 0.56255631 1.05429881 -6.33074544 -0.03875093 0.71784229 0.05099401 0.69325350
1464105988.59798 0.68650430 1.06413224 -6.24397151 -0.02192337 0.69612614 0.05141403 0.71574043
1464105988.75557 0.76185547 1.05666264 -6.17942018 -0.00859735 0.66858612 0.05792210 0.74132565
1464105988.91552 0.83230068 1.05725016 -6.10752063 -0.01209042 0.64622563 0.05306824 0.76120300
1464105989.07544 0.90734536 1.06365332 -6.02423957 -0.00414430 0.62750896 0.03601494 0.77776491
1464105989.27533 1.00138086 1.06181822 -5.92497816 -0.00360102 0.61478274 0.04334529 0.78749629
1464105989.47554 1.08672766 1.05387947 -5.82558162 0.00175104 0.59071185 0.04374431 0.80569403
1464105989.63542 1.15625366 1.05334751 -5.73986143 0.02578578 0.56809625 0.03395663 0.82185686
1464105989.79556 1.22814126 1.04642805 -5.65077822 0.03459204 0.54234252 0.03418507 0.83874869
1464105989.95567 1.28397346 1.03346036 -5.57078695 0.02822734 0.51220714 0.04308566 0.85731598
1464105990.15742 1.36159616 1.03265604 -5.45032188 0.05185442 0.48479071 0.03187824 0.87250952
1464105990.39826 1.43626974 1.02048713 -5.31541345 0.05719956 0.46586771 0.03560813 0.88228541
1464105990.63723 1.51117196 1.01421254 -5.17031930 0.04195770 0.42623402 0.04416434 0.90255949
1464105990.87568 1.59330305 1.01374886 -5.01875721 0.05566701 0.39350531 0.04605019 0.91647921
1464105991.11567 1.66715996 0.99622731 -4.87210918 0.04256944 0.35680136 0.04724089 0.93201337
1464105991.39824 1.75198380 0.98754692 -4.68836859 0.07301753 0.35361439 0.03105734 0.93201971
1464105991.63569 1.81648648 0.97174468 -4.54042864 0.05400172 0.32782960 0.05291771 0.94170658
1464105991.87582 1.87727072 0.97111035 -4.39112851 0.07259231 0.31026213 0.04774484 0.94667217
1464105992.07578 1.92981068 0.95270872 -4.26493001 0.07156127 0.28597882 0.04364560 0.95456281
1464105992.23578 1.96408130 0.93577246 -4.16556814 0.06278949 0.25593176 0.03753755 0.96392290
1464105992.43867 2.01378620 0.93638415 -4.03921785 0.07995033 0.25042556 0.02810452 0.96441958
1464105992.63583 2.06096125 0.92025459 -3.90801462 0.08691789 0.25980719 0.03418823 0.96113301
1464105992.79612 2.08542425 0.90890332 -3.80470791 0.06403124 0.22617728 0.03472923 0.97135870
1464105992.95652 2.10831137 0.90544814 -3.69614372 0.07699585 0.20455578 0.02679418 0.97545407
1464105993.15587 2.13654993 0.89459588 -3.56184637 0.07442170 0.18242644 0.03561981 0.97975162
1464105993.31593 2.14761177 0.87560746 -3.46174892 0.06332778 0.14679480 0.02870284 0.98672034
1464105993.47593 2.15562478 0.86628908 -3.35505489 0.07610347 0.13036733 0.01608500 0.98840978
1464105993.67713 2.16408891 0.84903597 -3.21353742 0.09392065 0.12177949 0.00137624 0.98810261
1464105993.83592 2.16315992 0.82542636 -3.11265596 0.08430972 0.09156946 0.00855197 0.99218636
1464105993.99845 2.15486477 0.81179514 -3.01244556 0.08733875 0.05599303 0.00298706 0.99459932
1464105994.19901 2.14433166 0.79707296 -2.88251569 0.10543289 0.03411369 0.00984755 0.99379233
1464105994.35601 2.12705016 0.77441545 -2.78580665 0.09149563 -0.00372225 0.00421074 0.99578962
1464105994.59876 2.08207438 0.75154054 -2.64136859 0.09397899 -0.03941979 -0.01006939 0.99474250
1464105994.87611 2.01000194 0.71039263 -2.46606489 0.10735987 -0.04862316 -0.00419525 0.99302168
1464105995.07603 1.95865161 0.69134997 -2.35818265 0.08680994 -0.08301736 -0.01319293 0.99267220
1464105995.31607 1.87765365 0.66576088 -2.21760426 0.10669928 -0.11337776 -0.01167865 0.98773699
1464105995.59896 1.78316116 0.60941723 -2.07837706 0.10155969 -0.15876498 -0.01591605 0.98195010
1464105995.95619 1.63557980 0.56786971 -1.88958309 0.11051256 -0.15527346 -0.01620001 0.98153690
1464105996.27627 1.50037669 0.52115487 -1.75341414 0.09797061 -0.18183997 -0.01157891 0.97836696
1464105996.51786 1.39353727 0.47954402 -1.65172223 0.11554275 -0.19889719 0.00209870 0.97318312
1464105996.71620 1.29842653 0.44421617 -1.58600534 0.11053746 -0.23386582 -0.00992713 0.96591392
1464105996.91630 1.18614300 0.41645115 -1.52190508 0.15642392 -0.25685298 -0.00999849 0.95365514
1464105997.19631 1.04573049 0.36796092 -1.42789383 0.14622636 -0.23698346 0.00115461 0.96044540
1464105997.47624 0.89873491 0.33531479 -1.34210857 0.14421104 -0.23687220 0.00283583 0.96077401
1464105997.75643 0.75180985 0.28974980 -1.26173360 0.13886065 -0.23715302 -0.00302081 0.96149209
1464105997.95667 0.64804023 0.26110092 -1.20756021 0.12765020 -0.22633813 0.00543115 0.96563294
1464105998.11630 0.55651828 0.23889359 -1.15938245 0.14332959 -0.20068402 0.02335970 0.96883274
1464105998.27637 0.47976850 0.20738328 -1.10977362 0.12864416 -0.17440875 0.03709480 0.97552870
1464105998.43641 0.41072336 0.17048776 -1.05606064 0.10962658 -0.15173547 0.04982235 0.98105866
1464105998.59637 0.34917306 0.13619292 -0.99401859 0.11278703 -0.12319337 0.07956511 0.98273693
1464105998.75690 0.29388246 0.09841816 -0.92504125 0.12210473 -0.09790567 0.09948400 0.98265347
1464105998.95674 0.23511860 0.05003463 -0.83249493 0.11344916 -0.07793028 0.11537083 0.98374068
1464105999.15655 0.18237341 0.00760848 -0.72826042 0.11138094 -0.04884193 0.12185012 0.98506919
1464105999.35656 0.13780883 -0.02894339 -0.61839067 0.12927848 -0.03388608 0.09556370 0.98641086
1464105999.55666 0.11405920 -0.06665738 -0.49932597 0.11688251 -0.01585939 0.10258400 0.98770617
1464105999.75684 0.10266624 -0.09322060 -0.37231211 0.11321052 -0.00136514 0.11034085 0.98742413
1464105999.95663 0.09610918 -0.10991494 -0.24260142 0.10704304 0.00547663 0.11132120 0.98798754
1464106000.15664 0.09304612 -0.13445766 -0.11856858 0.09840371 -0.00509039 0.10574794 0.98949895
1464106000.31663 0.09433177 -0.14186277 -0.01522811 0.09674042 0.00400112 0.10377613 0.98987666
1464106000.47669 0.09470025 -0.14430840 0.09123418 0.09902762 0.01222110 0.07592205 0.99210887
1464106000.63667 0.09686182 -0.15188785 0.19236682 0.09308168 0.00985964 0.05844672 0.99389263
1464106000.79666 0.10819436 -0.15620518 0.28764236 0.07990017 0.01369032 0.06825603 0.99436897
1464106000.95671 0.11820487 -0.15607100 0.38046264 0.08891736 0.00530156 0.05863820 0.99429732
1464106001.11675 0.12657139 -0.15867465 0.46192842 0.08415315 0.00098786 0.06030801 0.99462567
1464106001.31700 0.12760975 -0.19288345 0.54252077 0.07666506 -0.01370253 0.04423411 0.99598095
1464106001.51688 0.13447847 -0.23826388 0.60372361 0.08409595 -0.03208434 0.04270696 0.99502492
1464106001.67687 0.15452917 -0.27277896 0.64000137 0.11093626 -0.03696825 0.05407590 0.99166642
1464106001.83688 0.18128578 -0.31030900 0.66416663 0.13725154 -0.04343673 0.06000065 0.98776272
1464106001.95682 0.20665082 -0.33691138 0.67257899 0.14857969 -0.03957091 0.06791261 0.98577183
1464106002.11685 0.24198323 -0.36240713 0.67907355 0.15638677 -0.03620592 0.07041577 0.98451710
1464106002.27688 0.28254796 -0.37180140 0.67759399 0.16014695 -0.03259309 0.06912254 0.98413044
1464106002.39692 0.31594369 -0.37179767 0.66762439 0.17094365 -0.03874033 0.06962763 0.98205369
1464106002.51695 0.34891309 -0.36459067 0.65407781 0.17177051 -0.04865860 0.07668527 0.98094169
1464106002.63819 0.37836906 -0.35457058 0.63604395 0.17555646 -0.05394358 0.08422271 0.97937559
1464106002.75735 0.40359497 -0.33889451 0.61407028 0.16875332 -0.04893130 0.09169914 0.98016290
1464106002.91688 0.42738092 -0.31375419 0.57916284 0.15328029 -0.03857502 0.09434156 0.98291240
1464106003.03696 0.44114175 -0.29164337 0.54798615 0.13945517 -0.02767451 0.09682057 0.98509500
1464106003.15695 0.44877535 -0.26635616 0.51576517 0.11715236 -0.02822349 0.09759154 0.98790417
1464106003.31703 0.45230791 -0.23805300 0.46757522 0.11541929 -0.02433440 0.08976610 0.98895312
1464106003.51708 0.45187154 -0.19677388 0.40541701 0.11141056 -0.01365881 0.07311298 0.99098719
1464106003.67691 0.44873051 -0.15808914 0.35185705 0.09205604 -0.01773754 0.07533869 0.99274123
1464106003.83699 0.44148523 -0.11901938 0.29773901 0.05963380 -0.01621324 0.07557468 0.99522330
1464106004.03716 0.41761924 -0.07492329 0.22842276 0.03337437 -0.01568053 0.05486929 0.99781242
1464106004.23701 0.38021081 -0.03412807 0.16305313 0.01069569 -0.01096955 0.03016390 0.99942754
1464106004.40020 0.34388428 -0.00898596 0.10802060 -0.01573359 -0.00883343 0.03799106 0.99911516
1464106004.55714 0.30567307 0.00775324 0.05168959 -0.02974602 -0.01166455 0.04113427 0.99864262
1464106004.71712 0.26572579 0.02142816 -0.00071392 -0.03431774 -0.02726872 0.02008907 0.99883689
1464106004.91719 0.21787886 0.02815227 -0.05834763 -0.04904445 -0.03978409 0.02329072 0.99773213
1464106005.20005 0.15217419 0.02248044 -0.09848053 -0.06886150 -0.03982408 0.03159447 0.99633023
1464106005.43723 0.08978126 0.00392213 -0.08192295 -0.05641255 -0.03612805 0.04220075 0.99686082
1464106005.67721 0.03409980 -0.02133250 -0.02911132 -0.03665423 -0.02401003 0.05078259 0.99774802
1464106005.91720 0.00293988 -0.04510075 0.04834763 -0.03110960 -0.01496054 0.06288561 0.99742357
1464106006.15718 -0.00228549 -0.05973833 0.15059109 -0.02870434 -0.00496124 0.06919250 0.99717794
1464106006.35722 0.00473200 -0.07239817 0.23339036 -0.02587420 -0.01253241 0.04845475 0.99841154
1464106006.59733 0.02791505 -0.07879847 0.32720482 -0.04180030 -0.01263983 0.02504357 0.99873209
1464106006.80041 0.05407756 -0.08061589 0.40888469 -0.04031715 -0.00066431 0.02285249 0.99892535
1464106006.99726 0.08459622 -0.09507170 0.48024631 -0.02650210 0.00610618 0.01000730 0.99958002
1464106007.19994 0.11053478 -0.12829131 0.53615675 -0.02717648 0.00512851 0.02191177 0.99937731
1464106007.35772 0.12942487 -0.16892396 0.57200154 -0.01499851 0.00297546 0.02737781 0.99950820
1464106007.47738 0.14575152 -0.20394264 0.59172134 0.00164682 0.01495756 0.02865485 0.99947609
1464106007.60165 0.16115279 -0.24005330 0.60573965 0.00975789 0.01789686 0.02978813 0.99934836
1464106007.71743 0.17779094 -0.27809540 0.61402990 0.02756650 0.02199641 0.03083232 0.99890220
1464106007.87740 0.20055233 -0.32121371 0.61654823 0.04510137 0.03093765 0.02760042 0.99812171
1464106008.00075 0.21497532 -0.35066742 0.61218445 0.06725662 0.03654512 0.03077596 0.99659111
1464106008.47756 0.23514311 -0.36160695 0.58695202 0.08751429 0.02389918 0.07870010 0.99276199
1464106008.60036 0.22493181 -0.33485128 0.58029237 0.08286912 0.00029942 0.08186278 0.99319238
1464106008.71752 0.21296823 -0.30287347 0.56676565 0.08073685 -0.02341319 0.08374680 0.99293497
1464106008.83755 0.20495743 -0.26710959 0.54747037 0.08417451 -0.03057885 0.08702690 0.99217232
1464106008.95767 0.19901062 -0.22527513 0.52483623 0.05771501 -0.03578050 0.08322982 0.99421403
1464106009.11758 0.19190718 -0.17496437 0.49217914 0.04272019 -0.03595631 0.09034105 0.99434432
1464106009.23765 0.18877846 -0.13694413 0.46649086 0.01914287 -0.02769483 0.07688318 0.99647154
1464106009.40104 0.18824739 -0.08973442 0.42767560 0.01319883 -0.02007765 0.06218611 0.99777531
1464106009.55799 0.19236463 -0.04546853 0.38014838 0.00160633 -0.01764389 0.04756572 0.99871098
1464106009.71761 0.19763324 -0.01399205 0.32340659 -0.00373255 -0.02734749 0.02314496 0.99935104
1464106009.87764 0.20322155 0.00525779 0.26163969 -0.00725822 -0.03831296 0.01035992 0.99918572
1464106010.07765 0.20470933 0.01910097 0.18400861 -0.00387936 -0.04344479 0.00807243 0.99901568
1464106010.31765 0.19666518 0.02922607 0.09669009 0.00900662 -0.05492977 0.00245374 0.99844658
1464106010.59770 0.19420300 0.03424537 0.00236494 0.00630798 -0.04498441 0.01826169 0.99880084
1464106011.64092 0.19859500 0.05172357 -0.04574233 0.00002322 -0.09432099 -0.00142842 0.99554081
1464106011.91877 0.17615267 0.03609983 0.04536746 0.00163300 -0.08250227 -0.00546988 0.99657453
1464106012.19794 0.15137085 0.02113504 0.13229207 -0.01343588 -0.07062808 0.01132641 0.99734792
1464106012.43780 0.12380686 0.00962318 0.21363865 -0.02666874 -0.06220024 0.01332864 0.99761829
1464106012.63876 0.09266002 -0.02579683 0.28466674 -0.02131919 -0.06831233 0.02122131 0.99721040
1464106012.80124 0.06845528 -0.06181071 0.33502906 -0.01707988 -0.07661372 0.03717366 0.99622123
1464106012.95805 0.04620574 -0.10436935 0.37746848 -0.00542539 -0.08635105 0.05529703 0.99471418
1464106013.11799 0.02680251 -0.15230825 0.41630334 0.01034876 -0.09127422 0.06253055 0.99380675
1464106013.23800 0.01795038 -0.19287098 0.44402538 0.03711120 -0.08677681 0.05785721 0.99385365
1464106013.40081 0.01787071 -0.24158785 0.47725345 0.05274912 -0.07798576 0.08006391 0.99233337
1464106013.55808 0.03115366 -0.28470174 0.50199589 0.07032398 -0.06697017 0.10362701 0.98986412
1464106013.71805 0.05111328 -0.32225853 0.51942028 0.09193946 -0.06457515 0.11771822 0.98667097
1464106013.87810 0.07821792 -0.34997694 0.53080309 0.11387395 -0.06573093 0.11960943 0.98407609
1464106014.03792 0.11401975 -0.36257906 0.53787730 0.12757857 -0.06073143 0.13034859 0.98134838
1464106014.19812 0.15628599 -0.36060339 0.54504799 0.13625458 -0.04789332 0.13407822 0.98038969
1464106014.35824 0.19845876 -0.34847327 0.55388018 0.13545527 -0.03490723 0.13778941 0.98053426
1464106014.51816 0.23176205 -0.32956826 0.56322959 0.13630199 -0.02371847 0.12687902 0.98222244
1464106014.67823 0.25159777 -0.29866738 0.57654459 0.11481526 -0.02192285 0.12040876 0.98581873
1464106014.83806 0.26414561 -0.26291728 0.58741928 0.09567482 -0.00803749 0.12410709 0.98761286
1464106014.99845 0.27070328 -0.22831487 0.58952778 0.10583675 0.01702465 0.10732738 0.98842783
1464106015.15825 0.26697173 -0.18948966 0.58557833 0.10222797 0.03118468 0.10179542 0.98904734
1464106015.28136 0.25642414 -0.15827463 0.58019796 0.06975315 0.03628528 0.09134357 0.99271055
1464106015.40124 0.23946675 -0.13036163 0.57156305 0.04319590 0.02354076 0.06547029 0.99664115
1464106015.51828 0.22027363 -0.10463793 0.55824127 0.02268367 0.01405680 0.04665150 0.99855470
1464106015.67828 0.19264285 -0.07212635 0.53278668 -0.01189629 0.00546579 0.02148497 0.99968345
1464106015.83856 0.16186201 -0.04659301 0.50125164 -0.04143818 0.00213077 0.01584198 0.99901320
1464106016.07819 0.12209577 -0.03302090 0.44529671 -0.05146064 0.00849193 0.00894256 0.99859888
1464106016.27828 0.09274299 -0.03293181 0.39205805 -0.02957769 -0.00090702 0.00980369 0.99951399
1464106016.43837 0.07529384 -0.03047285 0.34366345 -0.01548118 -0.01830689 -0.00494626 0.99970032
1464106016.63901 0.06438205 -0.02440370 0.27383455 0.00033684 -0.02400961 -0.00901760 0.99967100
1464106016.83839 0.05285535 -0.02059812 0.20139483 -0.00533097 -0.03451460 -0.01010112 0.99933893
1464106017.07840 0.03815523 -0.01430487 0.12497542 -0.00207661 -0.03642889 -0.01328811 0.99924574
1464106017.32034 0.01745064 -0.00692496 0.06311402 0.00506584 -0.02519515 -0.01861374 0.99949641
1464106017.63857 0.00000898 0.00003408 0.00001973 0.00005326 -0.00003522 0.00001790 1.00000000
