1464106259.13913 -0.00000965 -0.00000861 -0.00000075 0.00009257 0.00005885 0.00000821 0.99999999
1464106259.42012 -0.03287994 -0.00466207 0.11134631 0.01777834 0.00941014 0.00474946 0.99978639
1464106259.61896 -0.07857449 -0.01215857 0.17821380 0.01900013 0.02289458 0.00911791 0.99951573
1464106259.73886 -0.11925847 -0.02014316 0.21086382 0.01625859 0.04071112 0.02023706 0.99883368
1464106259.85903 -0.17088056 -0.02927114 0.23675419 0.01452946 0.05779644 0.03686686 0.99754163
1464106259.97894 -0.22880292 -0.03691159 0.25250649 0.01340633 0.07216702 0.06036807 0.99547370
1464106260.09976 -0.28616685 -0.03998669 0.25495985 0.00990034 0.08509697 0.07652404 0.99338037
1464106260.25954 -0.35005354 -0.03879905 0.24068012 0.00642934 0.10071837 0.09111548 0.99071310
1464106260.53894 -0.40533184 -0.00670188 0.18850684 0.00731820 0.11910864 0.10543776 0.98723982
1464106260.73888 -0.40337547 0.04644817 0.13703805 0.00043231 0.10876555 0.09052892 0.98993655
1464106260.89900 -0.37043910 0.09494633 0.10298908 0.00288257 0.09690826 0.07650225 0.99234464
1464106261.01905 -0.33029741 0.13125131 0.07728944 0.00343757 0.08493708 0.07006993 0.99391352
1464106261.13892 -0.27930659 0.16926609 0.05008556 0.00161214 0.07213082 0.06340318 0.99537660
1464106261.25905 -0.21714191 0.20370406 0.02205555 -0.00298883 0.06049706 0.05458502 0.99667028
1464106261.37910 -0.15463218 0.23099657 -0.00346510 -0.00700158 0.05328325 0.04747536 0.99742567
1464106261.53900 -0.07500682 0.24904763 -0.01724677 -0.01159285 0.05511139 0.04362065 0.99745956
1464106261.70191 -0.00088891 0.25112912 -0.01313878 -0.01029233 0.06800221 0.03834671 0.99689483
1464106261.90196 0.07850303 0.24606449 0.01569918 -0.01296297 0.07753887 0.04051471 0.99608144
1464106262.10150 0.15305660 0.25417172 0.08079001 -0.01321914 0.07791496 0.04229507 0.99597472
1464106262.26320 0.21682071 0.25759627 0.13890796 -0.00648818 0.06944703 0.04109801 0.99671760
1464106262.42257 0.27253656 0.25297269 0.19058669 -0.00864822 0.06243487 0.03681661 0.99733226
1464106262.61924 0.31659059 0.22175271 0.24373836 0.00087591 0.05689276 0.03440720 0.99778685
1464106262.86121 0.31554017 0.17021909 0.30159448 0.00483803 0.06210352 0.03144868 0.99756239
1464106263.01922 0.28102697 0.13186076 0.33228517 0.00640921 0.06894726 0.03819593 0.99686823
1464106263.17934 0.23222112 0.09430018 0.35543518 0.01351050 0.07465718 0.04550113 0.99607902
1464106263.33928 0.18255812 0.06512604 0.37488063 0.01708842 0.08276372 0.04966648 0.99518410
1464106263.45930 0.14327355 0.04706015 0.38388358 0.01646320 0.08739205 0.05114677 0.99472388
1464106263.57935 0.10118418 0.02916534 0.38844857 0.01755489 0.09105296 0.05424221 0.99421274
1464106263.69937 0.05686541 0.01231145 0.39144616 0.01777569 0.09409499 0.05604089 0.99382573
1464106263.81942 0.01199445 -0.00240068 0.39207570 0.01685825 0.09824821 0.05780847 0.99333845
1464106263.93934 -0.03155319 -0.01549871 0.39017973 0.01755284 0.10091003 0.05900403 0.99298922
1464106264.10238 -0.08857094 -0.03018025 0.38313074 0.02226373 0.10171069 0.05960596 0.99277711
1464106264.25939 -0.14217533 -0.03312924 0.37062622 0.01971049 0.10411887 0.05661114 0.99275674
1464106264.45947 -0.20351924 -0.02636297 0.35129782 0.02098294 0.09812293 0.05502686 0.99343024
1464106264.65932 -0.26077509 0.00305303 0.33190195 0.01435912 0.08054220 0.05213022 0.99528348
1464106264.85945 -0.29456968 0.04206812 0.32233718 0.00801103 0.06797152 0.04800771 0.99649935
1464106265.10575 -0.30062715 0.08955674 0.32107773 0.00546458 0.05666192 0.04667700 0.99728673
1464106265.30187 -0.27709453 0.13883716 0.32439545 0.00033492 0.04677170 0.04346407 0.99795950
1464106265.46249 -0.23649993 0.18098011 0.33174134 0.00121949 0.04179717 0.03975980 0.99833395
1464106265.57948 -0.19498376 0.21175415 0.33719342 -0.00181245 0.03868826 0.03723406 0.99855574
1464106265.70187 -0.13996424 0.23463594 0.34141646 -0.00053568 0.04084616 0.03869529 0.99841573
1464106265.81957 -0.07443399 0.24910362 0.33960214 0.00233903 0.04378225 0.03918511 0.99826959
1464106265.94096 -0.00436363 0.25238209 0.33206150 0.00471476 0.04713811 0.03983498 0.99808263
1464106266.06181 0.06329287 0.24382381 0.31977623 0.00891418 0.05056830 0.03684086 0.99800107
1464106266.18003 0.12498191 0.22731616 0.30570973 0.01219486 0.05322126 0.03122210 0.99802002
1464106266.30664 0.17815608 0.20481991 0.29009439 0.01558071 0.05423113 0.02623343 0.99806214
1464106266.41969 0.22100545 0.17770610 0.27121676 0.02051929 0.05327806 0.02285241 0.99810730
1464106266.57963 0.26433577 0.13655217 0.24419456 0.02920536 0.05539966 0.01824523 0.99787025
1464106266.74200 0.29120656 0.09112773 0.21549919 0.03567262 0.05860910 0.01623148 0.99751139
1464106266.90248 0.29650951 0.04460236 0.19461448 0.04386951 0.06613461 0.00958476 0.99679978
1464106267.10320 0.26246894 -0.00749834 0.17765423 0.04984150 0.07175176 0.00704493 0.99615153
1464106267.21973 0.22005086 -0.03599449 0.16964789 0.05042623 0.07264750 0.01228416 0.99600634
1464106267.33981 0.16612925 -0.06159493 0.16667663 0.05035249 0.07348544 0.01684484 0.99588190
1464106267.45976 0.10419779 -0.08084366 0.17156439 0.05115759 0.07366195 0.01861437 0.99579633
1464106267.57980 0.04046418 -0.08815153 0.18157990 0.04817266 0.07495177 0.01874292 0.99584654
1464106267.70655 -0.02015777 -0.08653401 0.19456559 0.04718645 0.07722609 0.02192874 0.99565491
1464106267.81982 -0.07626285 -0.07439933 0.20857072 0.03928381 0.08101372 0.02273392 0.99567903
1464106267.93965 -0.12662915 -0.06003440 0.22332587 0.03369750 0.08512297 0.02337410 0.99552610
1464106268.05992 -0.16932126 -0.04315230 0.24159357 0.03127696 0.08891851 0.02760104 0.99516503
1464106268.17986 -0.20525213 -0.01965343 0.26110710 0.02247403 0.08824956 0.02975190 0.99540030
1464106268.33972 -0.23254089 0.01399319 0.28786517 0.02036564 0.08697666 0.03664782 0.99532770
1464106268.50239 -0.23299823 0.05326160 0.32383298 0.02060411 0.08855186 0.04052811 0.99503342
1464106268.65992 -0.21488867 0.09761528 0.37721799 0.02244888 0.09362866 0.03353177 0.99478909
1464106268.82025 -0.19252669 0.13184100 0.43245869 0.02601017 0.09630914 0.03199356 0.99449708
1464106269.01993 -0.15978621 0.15024486 0.49880019 0.04486511 0.10862926 0.03486983 0.99245700
1464106269.22299 -0.12881695 0.16399644 0.54907971 0.05616675 0.11499083 0.03277143 0.99123581
1464106269.53996 -0.10761577 0.17058474 0.50432638 0.06453611 0.11129819 0.04256418 0.99077550
1464106269.70084 -0.09927212 0.16801145 0.42404008 0.05788349 0.10653231 0.04601983 0.99155562
1464106269.85991 -0.08049823 0.16527436 0.33076092 0.06403497 0.09599548 0.03899844 0.99255403
1464106270.02112 -0.05840177 0.17820330 0.23205487 0.06335538 0.07431611 0.02348163 0.99494313
1464106270.17997 -0.03380999 0.20082329 0.12338452 0.05575258 0.05539572 0.00976688 0.99685885
1464106270.33996 -0.01076692 0.22091789 0.01239095 0.05064927 0.04533941 -0.00526497 0.99767293
1464106270.50649 -0.00584861 0.23770166 -0.11052853 0.05162127 0.04539589 -0.00231922 0.99763174
1464106270.66010 -0.00577069 0.24668694 -0.25299519 0.05630609 0.05977333 0.00484255 0.99661092
1464106270.82027 -0.00572484 0.24689658 -0.41418852 0.06091169 0.07190467 0.00398480 0.99554187
1464106270.98015 0.00149410 0.25698350 -0.58050341 0.07063246 0.08705545 -0.00836889 0.99366109
1464106271.14309 0.00582283 0.29660355 -0.75666644 0.06871964 0.08877768 -0.02070966 0.99346225
1464106271.26017 0.00368120 0.34026839 -0.89854725 0.08042565 0.08310155 -0.02387639 0.99300341
1464106271.38012 -0.00314497 0.38629690 -1.04735751 0.09833464 0.06713047 -0.02362721 0.99260544
1464106271.50514 -0.01216136 0.43231512 -1.19656481 0.10107822 0.06030218 -0.03040938 0.99258355
1464106271.62019 -0.02895029 0.48750254 -1.33748633 0.10683755 0.05342526 -0.03693380 0.99215290
1464106271.78018 -0.06708979 0.58387227 -1.51354558 0.10008780 0.04783651 -0.04443303 0.99283423
1464106271.94021 -0.11500790 0.68120298 -1.68377326 0.09998404 0.05884285 -0.04927821 0.99202438
1464106272.10220 -0.17831816 0.76926388 -1.85477885 0.11000357 0.05735312 -0.04957421 0.99103594
1464106272.30217 -0.25364962 0.86663672 -2.06239559 0.11808598 0.04690973 -0.06108959 0.99001174
1464106272.50226 -0.34938289 0.98423598 -2.25614659 0.12912272 0.03519410 -0.08033403 0.98774245
1464106272.70256 -0.46384125 1.11358134 -2.46790063 0.13642617 0.00586771 -0.08927585 0.98660189
1464106272.86030 -0.58102770 1.16828918 -2.63066520 0.14325615 -0.02325698 -0.10664207 0.98364844
1464106273.02033 -0.70646169 1.21895428 -2.77591972 0.16657803 -0.04842664 -0.12029268 0.97746422
1464106273.22090 -0.88607134 1.28518454 -2.94699473 0.18507937 -0.06121085 -0.13023707 0.97213022
1464106273.42087 -1.10185871 1.34544103 -3.12968922 0.19282678 -0.07255508 -0.12257933 0.97083876
1464106273.58042 -1.27045614 1.38162952 -3.26322727 0.20088264 -0.08917436 -0.13725796 0.96584385
1464106273.74025 -1.45701629 1.40277779 -3.36152115 0.22191252 -0.09888047 -0.15572266 0.95745911
1464106273.86031 -1.62647776 1.41255826 -3.43418924 0.23422230 -0.11060596 -0.15916139 0.95266672
1464106273.98045 -1.80846335 1.40595244 -3.51215510 0.23850579 -0.12220081 -0.16014653 0.95001844
1464106274.10338 -1.99503638 1.38860695 -3.59669685 0.23605910 -0.13881703 -0.16593468 0.94734979
1464106274.22038 -2.17541598 1.38042601 -3.69333751 0.23700883 -0.15534708 -0.17443306 0.94300965
1464106274.34083 -2.35237300 1.37142697 -3.77659374 0.24445791 -0.16082348 -0.17758498 0.93959551
1464106274.46053 -2.54333393 1.37675855 -3.85633591 0.25068932 -0.16239216 -0.18152470 0.93692712
1464106274.58056 -2.74765131 1.38690012 -3.94320550 0.25263571 -0.16409642 -0.18171738 0.93606963
1464106274.70280 -2.95038759 1.38552455 -4.05001633 0.24611896 -0.17855482 -0.17263924 0.93687743
1464106274.82044 -3.14964294 1.37093146 -4.15016515 0.25320079 -0.19099416 -0.16740327 0.93348098
1464106274.94048 -3.34501411 1.35721098 -4.22527025 0.25005194 -0.20148814 -0.17727516 0.93029569
1464106275.06058 -3.54650538 1.35047330 -4.26786663 0.25355834 -0.20575446 -0.18995390 0.92589999
1464106275.18053 -3.77052538 1.32651173 -4.29617127 0.25850821 -0.20968207 -0.19387989 0.92283125
1464106275.30303 -3.99092500 1.27362654 -4.33321181 0.26059439 -0.22025153 -0.19358951 0.91983853
1464106275.42064 -4.19747938 1.21164347 -4.37074376 0.25439548 -0.23457031 -0.20295609 0.91600684
1464106275.54062 -4.39066699 1.15468444 -4.39414603 0.24516077 -0.23801652 -0.22440965 0.91262514
1464106275.66063 -4.60340938 1.10631451 -4.40081057 0.25631339 -0.25328015 -0.22188531 0.90604609
1464106275.74062 -4.74547862 1.06559945 -4.39768165 0.26858944 -0.26308098 -0.20995212 0.90253433
1464106275.86098 -4.95627017 0.98376720 -4.38514485 0.27259910 -0.25795885 -0.19059886 0.90709373
1464106275.98085 -5.14781355 0.88137124 -4.37177376 0.26331125 -0.25162772 -0.17313205 0.91508249
1464106276.10317 -5.31518586 0.77632549 -4.34182982 0.25933474 -0.24630595 -0.17409382 0.91748036
1464106276.22075 -5.48053756 0.69519403 -4.27439491 0.24638642 -0.24284117 -0.17763650 0.92128561
1464106276.34173 -5.64877838 0.61814448 -4.16969943 0.24130120 -0.25899059 -0.17650720 0.91844587
1464106276.42069 -5.75966468 0.55449764 -4.08898655 0.23277306 -0.26283696 -0.18829693 0.91721192
1464106276.50314 -5.86363744 0.46985553 -4.00806588 0.22586545 -0.25791856 -0.19338606 0.91927398
1464106276.58076 -5.95449575 0.36522885 -3.93762391 0.22739965 -0.25073475 -0.19086477 0.92140769
1464106276.66196 -6.03477150 0.26635108 -3.87484134 0.21848921 -0.23778624 -0.19534011 0.92604666
1464106276.78070 -6.15874038 0.13102592 -3.78539295 0.21586997 -0.23529036 -0.19279960 0.92782914
1464106276.90274 -6.28608748 0.02173022 -3.67460796 0.21167624 -0.21999692 -0.19554425 0.93196404
1464106277.02073 -6.43158406 -0.08803504 -3.55133397 0.21108509 -0.21049854 -0.19829148 0.93370977
1464106277.14064 -6.58053492 -0.21559596 -3.43748718 0.20536412 -0.20533806 -0.20796550 0.93403009
1464106277.26278 -6.70872590 -0.35442360 -3.36043876 0.20797618 -0.19852304 -0.19946139 0.93677621
1464106277.38096 -6.81518091 -0.47679606 -3.29954260 0.21798823 -0.20649363 -0.19045713 0.93464838
1464106277.54465 -6.95179199 -0.56139581 -3.19052216 0.20360963 -0.21791212 -0.20454237 0.93231960
1464106277.66083 -7.05267710 -0.59227702 -3.07724486 0.20082150 -0.22433925 -0.20555648 0.93117622
1464106277.82087 -7.18370522 -0.63840571 -2.90529148 0.20398034 -0.22815880 -0.20896487 0.92879991
1464106277.98106 -7.30148738 -0.69449966 -2.74535328 0.19322414 -0.22877959 -0.22305431 0.92766972
1464106278.14079 -7.41796484 -0.75746233 -2.61186135 0.18264902 -0.23390845 -0.22776607 0.92738815
1464106278.34161 -7.57877108 -0.82224290 -2.40789785 0.17832767 -0.22190935 -0.22768082 0.93119113
1464106278.54375 -7.76321877 -0.87067797 -2.20539828 0.17058382 -0.21767854 -0.21519661 0.93659363
1464106278.70360 -7.90941380 -0.91718539 -2.04520781 0.16495107 -0.22244061 -0.22105202 0.93511888
1464106278.82302 -8.02413404 -0.96061575 -1.92215214 0.17106654 -0.23584655 -0.22905366 0.92878795
1464106278.98098 -8.17651579 -1.01539204 -1.75801432 0.18476854 -0.24182937 -0.22684423 0.92515990
1464106279.14098 -8.33346873 -1.06177112 -1.58693597 0.17943023 -0.24741294 -0.22670824 0.92476754
1464106279.30625 -8.49533922 -1.09523496 -1.42091348 0.17445072 -0.24445775 -0.22703390 0.92642483
1464106279.46149 -8.65843375 -1.14086018 -1.26131281 0.17449971 -0.26185092 -0.22974028 0.92097956
1464106279.62098 -8.81902911 -1.19386893 -1.09275570 0.18835166 -0.27929185 -0.22650395 0.91390135
1464106279.78223 -8.96453181 -1.24715030 -0.91978949 0.19813560 -0.27712830 -0.21991096 0.91410139
1464106279.94103 -9.11296968 -1.28285231 -0.74030848 0.18222595 -0.26410573 -0.22314287 0.92046136
1464106280.10355 -9.26947741 -1.32476905 -0.56825307 0.18716009 -0.26238867 -0.22897199 0.91852878
1464106280.22114 -9.38714592 -1.35406556 -0.43832564 0.18851999 -0.26925504 -0.24785027 0.91133538
1464106280.34109 -9.51117210 -1.38513940 -0.30932958 0.20106582 -0.28548252 -0.25517211 0.90164264
1464106280.46176 -9.63536957 -1.41321872 -0.19222004 0.20839483 -0.29902533 -0.26157070 0.89372043
1464106280.62413 -9.80314005 -1.44542580 -0.04520098 0.19688668 -0.31716454 -0.28149772 0.88396907
1464106280.78122 -9.98394741 -1.47220534 0.09487069 0.20661779 -0.32894223 -0.29672397 0.87238809
1464106280.94114 -10.17036710 -1.49788725 0.21676846 0.20586476 -0.36695673 -0.31119426 0.85212710
1464106281.10119 -10.34720507 -1.52082399 0.33827888 0.21964155 -0.39903319 -0.32303796 0.82956409
1464106281.26425 -10.52028387 -1.54826923 0.42974722 0.23429268 -0.43325380 -0.32114812 0.80886461
1464106281.38122 -10.66133099 -1.57177383 0.48429682 0.26365987 -0.46502244 -0.32770601 0.77900345
1464106281.54129 -10.86035650 -1.60306026 0.54875114 0.31060544 -0.50114901 -0.32724684 0.73843309
1464106281.70410 -11.04375672 -1.62648386 0.59606779 0.32072241 -0.54466471 -0.32368123 0.70406530
1464106281.82128 -11.17885720 -1.63901836 0.63409149 0.33829753 -0.57762345 -0.32974748 0.66571205
1464106281.94148 -11.31738931 -1.64542528 0.67938846 0.35018649 -0.60774541 -0.34506426 0.62365502
1464106282.06120 -11.44584275 -1.65055022 0.70496454 0.36362681 -0.64614477 -0.34984434 0.57260931
1464106282.18120 -11.55355805 -1.64762286 0.71461812 0.33334070 -0.67798855 -0.36932539 0.54112315
1464106282.34127 -11.71879047 -1.63447625 0.71271627 0.30708587 -0.70448450 -0.37386637 0.51925311
1464106282.50392 -11.91380973 -1.62621103 0.67251218 0.31795951 -0.71538735 -0.39235714 0.48288566
1464106282.62330 -12.04507073 -1.63998293 0.61394430 0.32657580 -0.72364569 -0.40241667 0.45579160
1464106282.74137 -12.15458368 -1.64657039 0.54618308 0.32297838 -0.73766280 -0.40633235 0.43177839
1464106282.86140 -12.25110139 -1.63197919 0.47942957 0.29563589 -0.76584831 -0.40833936 0.39916758
1464106282.98261 -12.35295419 -1.59035648 0.42933281 0.28399030 -0.78381436 -0.42065586 0.35781729
1464106283.10457 -12.46375929 -1.52828511 0.39138422 0.28783414 -0.79502229 -0.42941314 0.31732541
1464106283.26141 -12.62396766 -1.43784477 0.36237118 0.28085157 -0.80264271 -0.44564009 0.27980704
1464106283.46141 -12.79322453 -1.36566707 0.32880210 0.25808690 -0.81352925 -0.45365262 0.25643834
1464106283.62151 -12.94532561 -1.29679562 0.27372572 0.27886195 -0.81441928 -0.46031054 0.21695958
1464106283.78147 -13.11327713 -1.21789473 0.21432800 0.30228716 -0.81309563 -0.45768873 0.19498461
1464106283.94132 -13.25967573 -1.15553030 0.16539055 0.28417948 -0.82545250 -0.45818193 0.16715118
1464106284.10394 -13.42898147 -1.08914211 0.12438229 0.26984001 -0.84632590 -0.43075666 0.15927192
1464106284.22150 -13.57428517 -1.02961726 0.11843877 0.26994624 -0.83842673 -0.44692674 0.15628864
1464106284.38149 -13.75645590 -0.95410348 0.10441397 0.27544745 -0.83739045 -0.44788100 0.14936047
1464106284.50405 -13.87614684 -0.88966001 0.06904215 0.26498858 -0.84335172 -0.44888155 0.13055370
1464106284.66166 -14.03510490 -0.78543270 0.01203548 0.27829956 -0.82812078 -0.47685122 0.09684136
1464106284.82162 -14.18097080 -0.66422981 -0.04939443 0.28051457 -0.83082489 -0.47534040 0.07136589
1464106284.98163 -14.31857939 -0.54829560 -0.12310055 0.26831135 -0.84387452 -0.46279269 0.04132477
1464106285.14156 -14.46678553 -0.44059567 -0.18414034 0.26219758 -0.84938025 -0.45763040 0.01949434
1464106285.34161 -14.64770886 -0.29365504 -0.25149307 0.24392681 -0.85082510 -0.46539896 -0.00040629
1464106285.46174 -14.76666781 -0.21249953 -0.30502507 0.24114899 -0.84679848 -0.47394636 -0.01242393
1464106285.58166 -14.89179188 -0.12861259 -0.36158072 0.25495503 -0.84506607 -0.46981575 -0.01159426
1464106285.74170 -15.03502243 -0.01651941 -0.42725072 0.24475773 -0.85206706 -0.46099502 -0.03948383
1464106285.90217 -15.19137713 0.09584392 -0.47741422 0.23008955 -0.86048965 -0.45041828 -0.06115334
1464106286.06178 -15.34680274 0.20205700 -0.51759887 0.22890293 -0.85966096 -0.44895857 -0.08380143
1464106286.22200 -15.48623190 0.31300486 -0.56555471 0.20642904 -0.85956696 -0.45433687 -0.11004408
1464106286.38302 -15.65234860 0.41659012 -0.61939950 0.20120198 -0.86063350 -0.45579863 -0.10523954
1464106286.50205 -15.77982874 0.48752610 -0.65749365 0.21151082 -0.86160424 -0.45055722 -0.09949618
1464106286.66178 -15.94807991 0.57399987 -0.69382727 0.20990502 -0.85724064 -0.45976215 -0.09847403
1464106286.82185 -16.12948486 0.65462553 -0.72295777 0.20532576 -0.85764639 -0.45907623 -0.10739186
1464106287.02183 -16.35517483 0.74339992 -0.75838002 0.19607862 -0.86369347 -0.45196559 -0.10636667
1464106287.14183 -16.51678637 0.79094422 -0.78047888 0.19548176 -0.86524445 -0.45297947 -0.08915447
1464106287.26182 -16.69248639 0.84295195 -0.79508765 0.21193613 -0.85664579 -0.46734783 -0.05317017
1464106287.38190 -16.85185371 0.89650927 -0.81718331 0.22718082 -0.85340717 -0.46808251 -0.03136616
1464106287.54184 -17.03164163 0.98243519 -0.84139637 0.22240578 -0.84346988 -0.48825203 -0.02653661
1464106287.70673 -17.19224849 1.08528255 -0.86727068 0.21530267 -0.83716590 -0.50033360 -0.04964183
1464106287.86193 -17.32949688 1.18920337 -0.90155840 0.20850168 -0.83846326 -0.49832731 -0.07194650
1464106288.02179 -17.46043884 1.29267679 -0.95175093 0.19782912 -0.84030373 -0.49757295 -0.08470202
1464106288.18194 -17.59861461 1.40311641 -1.01356993 0.20307754 -0.83433144 -0.50314705 -0.09743513
1464106288.34193 -17.71054698 1.50692087 -1.08379999 0.20478436 -0.83306676 -0.49920866 -0.12187641
1464106288.50437 -17.82069773 1.60903217 -1.15252425 0.20021592 -0.83292466 -0.49313936 -0.15153769
1464106288.62192 -17.90174849 1.68981694 -1.19959919 0.20669042 -0.83202400 -0.48212569 -0.18047146
1464106288.74196 -17.96785957 1.77154357 -1.24438660 0.19453168 -0.83171192 -0.47561141 -0.21025338
1464106288.86203 -18.02147187 1.85107766 -1.29364168 0.17546259 -0.82443121 -0.48495148 -0.23312683
1464106288.98200 -18.06879492 1.95192859 -1.35578328 0.16693277 -0.81717573 -0.48642444 -0.26028549
1464106289.10571 -18.11872576 2.07760521 -1.44028031 0.17003095 -0.80636756 -0.48463040 -0.29324769
1464106289.18206 -18.15239476 2.17092160 -1.50838043 0.18199280 -0.79956942 -0.47468416 -0.31975352
1464106289.26198 -18.18398604 2.25603433 -1.57574061 0.19869233 -0.78700583 -0.47439765 -0.34071990
1464106289.38208 -18.19679782 2.35822210 -1.67622573 0.19088998 -0.77549624 -0.46755198 -0.37889543
1464106289.46206 -18.19007675 2.41245452 -1.73657314 0.16658872 -0.76438319 -0.47698212 -0.40056783
1464106289.54199 -18.18075673 2.46936927 -1.79924324 0.15085769 -0.75743213 -0.47874892 -0.41753802
1464106289.62203 -18.17043129 2.53635241 -1.85830670 0.14344887 -0.74556687 -0.47640231 -0.44338843
1464106289.74230 -18.15442099 2.65274564 -1.95807353 0.14148449 -0.73016386 -0.47147428 -0.47387221
1464106289.86210 -18.12092243 2.76270894 -2.08341725 0.13363927 -0.72237658 -0.44995162 -0.50779540
1464106289.98220 -18.06995539 2.84555152 -2.20345228 0.11918976 -0.70520881 -0.44352047 -0.54015176
1464106290.10218 -18.02022589 2.91548637 -2.30414901 0.11002594 -0.69147236 -0.42824935 -0.57128169
1464106290.22254 -17.96872603 2.98540902 -2.38421918 0.09138869 -0.67718228 -0.42691762 -0.59229521
1464106290.38219 -17.91387581 3.11815526 -2.45572806 0.08509962 -0.66731684 -0.41544625 -0.61225052
1464106290.62206 -17.84483831 3.37567731 -2.54166737 0.10634110 -0.66235067 -0.38964478 -0.63099929
1464106290.86224 -17.76456512 3.54615895 -2.63746899 0.07615447 -0.65539928 -0.40176405 -0.63501018
1464106291.10223 -17.70671200 3.78761227 -2.71013156 0.07068438 -0.64620721 -0.39813172 -0.64723341
1464106291.38229 -17.63961278 4.06501385 -2.82809765 0.07103973 -0.63357607 -0.39014252 -0.66432186
1464106291.62267 -17.55230742 4.29697028 -2.94066162 0.06351887 -0.63713977 -0.38936508 -0.66212771
1464106291.94240 -17.42708947 4.65237678 -3.05659376 0.07538743 -0.64011787 -0.37892348 -0.66406539
1464106292.22243 -17.31734657 4.95467633 -3.15416332 0.06024754 -0.62695036 -0.37482275 -0.68030243
1464106292.50244 -17.22897745 5.27195962 -3.26775331 0.05473895 -0.63630305 -0.37599964 -0.67137645
1464106292.74304 -17.14619838 5.57505745 -3.37004929 0.05887185 -0.65737499 -0.36962070 -0.65404340
1464106292.98235 -17.08386339 5.85849615 -3.47014299 0.04878303 -0.65030662 -0.37922881 -0.65643509
1464106293.14258 -17.06413236 6.05614012 -3.54463222 0.06588133 -0.66424825 -0.37877019 -0.64106712
1464106293.26246 -17.06020628 6.19732762 -3.59715150 0.08482251 -0.66965851 -0.41030711 -0.61319711
1464106293.46252 -17.03779821 6.41506054 -3.68102940 0.09851518 -0.67103745 -0.42726110 -0.59787243
1464106293.74256 -16.94275202 6.69116235 -3.76011608 0.10024406 -0.67056997 -0.41623847 -0.60583214
1464106293.94251 -16.85721157 6.88024065 -3.80399213 0.08789495 -0.65170173 -0.40959103 -0.63229307
1464106294.10540 -16.77619357 7.01739186 -3.82942824 0.08864357 -0.63306781 -0.39144194 -0.66192195
1464106294.26436 -16.66752499 7.13530367 -3.83744468 0.07101277 -0.61161238 -0.38668282 -0.68655945
1464106294.42557 -16.53533566 7.27198452 -3.83405453 0.06270415 -0.59570514 -0.36609021 -0.71216678
1464106294.58273 -16.38683496 7.41148367 -3.81812794 0.06236288 -0.58035355 -0.33896071 -0.73783892
1464106294.70502 -16.27189951 7.49058222 -3.80112530 0.04666984 -0.55886547 -0.32942709 -0.75958483
1464106294.82269 -16.14831802 7.57332252 -3.78563909 0.03424347 -0.54209066 -0.31062445 -0.78004971
1464106294.94256 -16.01403612 7.66206026 -3.75778049 0.02251258 -0.51879311 -0.29104756 -0.80351615
1464106295.06247 -15.87020194 7.74189027 -3.72901065 0.01616183 -0.48413743 -0.27682581 -0.82988988
1464106295.18260 -15.72403745 7.79098315 -3.69949927 -0.00244229 -0.44967892 -0.26847852 -0.85188156
1464106295.26405 -15.61906526 7.81558905 -3.67515751 -0.01117459 -0.42776548 -0.26831901 -0.86307400
1464106295.34275 -15.50545861 7.84357653 -3.64336310 -0.01943988 -0.41589081 -0.25739395 -0.87201220
1464106295.42276 -15.38095723 7.87195695 -3.59883513 -0.02362603 -0.40404815 -0.23786121 -0.88295467
1464106295.50274 -15.25124831 7.89424857 -3.54902010 -0.02803616 -0.39271662 -0.22075785 -0.89233043
1464106295.58275 -15.12401755 7.90475927 -3.49736214 -0.02325784 -0.37186121 -0.21156899 -0.90355790
1464106295.66274 -14.99837320 7.89919223 -3.44535216 -0.03183909 -0.35383309 -0.20372742 -0.91229576
1464106295.74278 -14.87961761 7.88166488 -3.39647780 -0.03566624 -0.33167212 -0.19449684 -0.92243835
1464106295.82275 -14.76133511 7.86349512 -3.34605502 -0.04976928 -0.31545727 -0.18764917 -0.92886895
1464106295.90287 -14.64308692 7.85522707 -3.28676633 -0.06003163 -0.30023630 -0.18060579 -0.93468493
1464106296.02292 -14.46204576 7.85992365 -3.18148439 -0.06403847 -0.28218072 -0.15708676 -0.94424407
1464106296.14286 -14.27390834 7.84825162 -3.07223803 -0.07389492 -0.25860011 -0.13734188 -0.95331146
1464106296.22283 -14.14928655 7.82204405 -3.00243535 -0.08779952 -0.23425984 -0.12883459 -0.95959117
1464106296.30544 -14.02615968 7.79505840 -2.93445967 -0.08980132 -0.21538420 -0.12687009 -0.96407954
1464106296.38272 -13.90970301 7.76230231 -2.86268496 -0.09527570 -0.19848597 -0.12507423 -0.96741010
1464106296.46281 -13.79799359 7.73808893 -2.79143806 -0.10245392 -0.18125914 -0.12478973 -0.97009064
1464106296.58281 -13.63524804 7.71643775 -2.66193331 -0.10346793 -0.16796193 -0.11694905 -0.97334788
1464106296.70301 -13.46893272 7.70690357 -2.51290415 -0.09014369 -0.16160236 -0.10722649 -0.97686298
1464106296.78427 -13.34856151 7.68644259 -2.41880184 -0.08715227 -0.16458128 -0.09877618 -0.97752788
1464106296.86289 -13.23159699 7.65655928 -2.33504812 -0.07249108 -0.16280890 -0.09944681 -0.97895283
1464106296.94283 -13.11781966 7.61535020 -2.25461093 -0.08021137 -0.16653815 -0.10449186 -0.97719631
1464106297.06272 -12.94747072 7.55535176 -2.14878084 -0.08678186 -0.16357649 -0.11550495 -0.97589459
1464106297.14278 -12.83729873 7.52884677 -2.07003017 -0.09689296 -0.16942199 -0.12068348 -0.97331569
1464106297.22296 -12.72905319 7.51711575 -1.98246829 -0.09987466 -0.17442916 -0.11972757 -0.97224731
1464106297.34302 -12.56050130 7.50256173 -1.84795218 -0.10210138 -0.17996663 -0.11728492 -0.97130405
1464106297.42307 -12.44217495 7.48270416 -1.76399305 -0.10461224 -0.17958588 -0.11661730 -0.97118772
1464106297.50569 -12.32620478 7.45324989 -1.68758969 -0.10434421 -0.17256494 -0.12435534 -0.97152940
1464106297.62299 -12.15643198 7.41074245 -1.57958421 -0.10231304 -0.17397755 -0.12703211 -0.97114710
1464106297.70303 -12.05047560 7.38556571 -1.50887082 -0.09504336 -0.17356485 -0.13558507 -0.97080312
1464106297.78492 -11.94341738 7.36392182 -1.43380655 -0.09794836 -0.18101229 -0.13960287 -0.96858232
1464106297.90304 -11.78123466 7.34656534 -1.30769115 -0.09093058 -0.20020821 -0.13682059 -0.96588220
1464106297.98302 -11.66975898 7.33367762 -1.22148244 -0.08437926 -0.21251677 -0.13475345 -0.96413602
1464106298.06285 -11.55607417 7.31843935 -1.14345832 -0.07348445 -0.22388945 -0.13565387 -0.96232613
1464106298.14306 -11.44153516 7.29367618 -1.07575926 -0.07324183 -0.23446443 -0.14657780 -0.95821554
1464106298.22449 -11.33178363 7.27231414 -1.01718594 -0.06030193 -0.24446480 -0.15627032 -0.95508127
1464106298.34383 -11.17197687 7.25114763 -0.93640212 -0.05760992 -0.25755615 -0.17339754 -0.94883045
1464106298.46309 -11.00753880 7.25928367 -0.85308564 -0.05993078 -0.27730692 -0.18105324 -0.94166284
1464106298.58301 -10.83087618 7.27674096 -0.76413433 -0.05913071 -0.30082041 -0.18223924 -0.93423739
1464106298.70321 -10.64291322 7.28259107 -0.68833657 -0.06033493 -0.31673938 -0.18537566 -0.92826275
1464106298.82312 -10.45732046 7.27658635 -0.62756710 -0.05900950 -0.32580737 -0.19442652 -0.92334488
1464106298.98295 -10.22814150 7.27496314 -0.56531590 -0.04937056 -0.34227933 -0.21375131 -0.91362891
1464106299.14323 -10.00783344 7.29734052 -0.48840202 -0.04430764 -0.36497163 -0.22654437 -0.90194800
1464106299.26423 -9.83381824 7.32447966 -0.42932859 -0.03024766 -0.38677329 -0.23008007 -0.89249911
1464106299.38530 -9.65718293 7.34507250 -0.38538411 -0.01497777 -0.41290417 -0.23756533 -0.87911804
1464106299.50601 -9.49257618 7.35746420 -0.35820322 -0.00788566 -0.44591068 -0.25337407 -0.85843058
1464106299.70706 -9.24888587 7.38551645 -0.32241309 -0.00187022 -0.47422552 -0.27321211 -0.83693596
1464106299.90730 -9.01461787 7.47120476 -0.26673496 0.01186308 -0.49545650 -0.28430902 -0.82070123
1464106300.06456 -8.80051468 7.53716279 -0.24622926 0.01655004 -0.51505995 -0.28480902 -0.80828409
1464106300.22322 -8.58683936 7.58093208 -0.24196035 0.01719593 -0.52746128 -0.29326976 -0.79717109
1464106300.38434 -8.39434688 7.63532993 -0.25862679 0.02216613 -0.53764407 -0.31180053 -0.78308872
1464106300.54322 -8.20495374 7.72675390 -0.26479503 0.03379163 -0.55325742 -0.32016581 -0.76828263
1464106300.66328 -8.05371228 7.80542599 -0.27751116 0.04497476 -0.56741572 -0.32450917 -0.75545382
1464106300.78395 -7.89752605 7.87053608 -0.30736174 0.05852499 -0.58989876 -0.32511932 -0.73681186
1464106300.90619 -7.74667133 7.93580007 -0.35507889 0.06147433 -0.60697792 -0.33301228 -0.71895864
1464106301.02371 -7.61338394 7.99583819 -0.40666760 0.05956299 -0.62043225 -0.34097672 -0.70374068
1464106301.14330 -7.49375882 8.08351368 -0.45515953 0.06604613 -0.62953728 -0.34805339 -0.69150528
1464106301.26370 -7.37740891 8.19430330 -0.50571577 0.07297972 -0.63950522 -0.34697715 -0.68213920
1464106301.38322 -7.25549719 8.30856343 -0.56997691 0.07660857 -0.64487192 -0.35109123 -0.67454154
1464106301.50349 -7.13344431 8.40385263 -0.64863845 0.07681603 -0.64631631 -0.36275409 -0.66692128
1464106301.62602 -7.01252146 8.49177667 -0.73901096 0.08170508 -0.65410945 -0.36192348 -0.65914831
1464106301.74332 -6.90177150 8.57619585 -0.82034324 0.08482575 -0.65718061 -0.36841126 -0.65206700
1464106301.86340 -6.79553312 8.67600089 -0.89335338 0.09042849 -0.66377957 -0.36791621 -0.64486978
1464106301.98344 -6.68158482 8.79459513 -0.96072508 0.09917971 -0.66726045 -0.37004114 -0.63874599
1464106302.10836 -6.55981211 8.91693353 -1.04567900 0.10943581 -0.67521095 -0.36656100 -0.63067187
1464106302.18402 -6.48013262 8.98177001 -1.10709754 0.11989993 -0.67838698 -0.37501352 -0.62030635
1464106302.26355 -6.40051452 9.04009453 -1.17291778 0.12330826 -0.68585650 -0.37985133 -0.60836576
1464106302.42426 -6.26184449 9.15235519 -1.29897193 0.11927012 -0.69608354 -0.38699590 -0.59285455
1464106302.58352 -6.14648090 9.30880069 -1.41656340 0.13037615 -0.70800797 -0.39088437 -0.57352958
1464106302.70525 -6.05762083 9.43657278 -1.51752770 0.13841887 -0.71921240 -0.38942203 -0.55850176
1464106302.82350 -5.96097752 9.55696690 -1.63156485 0.13914173 -0.72818875 -0.39116048 -0.54532028
1464106302.94381 -5.87403565 9.66119996 -1.74866768 0.13862569 -0.73240756 -0.40351626 -0.53060033
1464106303.10603 -5.75856855 9.77958048 -1.89458251 0.13900433 -0.74244348 -0.40886650 -0.51213637
1464106303.22349 -5.68214715 9.88232054 -1.99893563 0.14713271 -0.75230556 -0.40906427 -0.49503003
1464106303.34351 -5.60919607 10.00792307 -2.10244748 0.15674436 -0.75876100 -0.41221533 -0.47936569
1464106303.46360 -5.53242692 10.12913930 -2.21993993 0.16690377 -0.76832316 -0.41320503 -0.45943907
1464106303.58531 -5.45974883 10.22797081 -2.33890060 0.16796775 -0.77780480 -0.42275575 -0.43368665
1464106303.70661 -5.40068418 10.31353557 -2.45868601 0.16920432 -0.78403007 -0.43042528 -0.41400582
1464106303.86383 -5.34873355 10.44069586 -2.59908771 0.17951404 -0.79191048 -0.43213010 -0.39232139
1464106304.02366 -5.31101651 10.61359456 -2.75055110 0.19130372 -0.79948313 -0.42796707 -0.37559793
1464106304.18358 -5.27816573 10.75893198 -2.93331357 0.19700805 -0.80935423 -0.42174603 -0.35813941
1464106304.34634 -5.24777863 10.87475604 -3.10368092 0.20733494 -0.81411605 -0.42691851 -0.33461599
1464106304.54356 -5.23779005 11.03155055 -3.31264988 0.21210413 -0.82147296 -0.43258466 -0.30506479
1464106304.70702 -5.24570140 11.18792307 -3.47635190 0.22460286 -0.82356781 -0.43712210 -0.28322056
1464106304.86369 -5.25575856 11.32658923 -3.67382457 0.24610586 -0.82641146 -0.44037981 -0.25008322
1464106305.02677 -5.26368395 11.44206691 -3.87609636 0.24889754 -0.83656887 -0.43212377 -0.22687351
1464106305.22450 -5.30373437 11.59929710 -4.09390312 0.25058675 -0.83990032 -0.43286217 -0.21072275
1464106305.42680 -5.38169779 11.79241155 -4.32594921 0.26579253 -0.84098289 -0.42610281 -0.20134174
1464106305.58379 -5.44838559 11.91940762 -4.53388026 0.25715664 -0.84442513 -0.42809448 -0.19378281
1464106305.74414 -5.51916958 12.02081706 -4.72934629 0.25476260 -0.84481767 -0.43364641 -0.18256481
1464106305.90791 -5.60664053 12.13081242 -4.90863540 0.26120474 -0.84802505 -0.42902126 -0.16901584
1464106306.06386 -5.72294702 12.26609238 -5.09278915 0.27659612 -0.84415936 -0.43376972 -0.15077595
1464106306.22375 -5.83660548 12.37472848 -5.30385465 0.28372724 -0.84947934 -0.42790520 -0.12157651
1464106306.34391 -5.91530875 12.43126857 -5.45423576 0.27037700 -0.86335361 -0.41594715 -0.09222140
1464106306.46385 -5.99582232 12.48481543 -5.59082002 0.26710324 -0.87583377 -0.39644193 -0.06636919
1464106306.58394 -6.09022823 12.56091002 -5.71067072 0.27743780 -0.87517554 -0.39248277 -0.05525687
1464106306.70758 -6.19847203 12.64753537 -5.83176961 0.28219336 -0.87466769 -0.39115590 -0.04817052
1464106306.78387 -6.27379044 12.69682569 -5.92577085 0.28807633 -0.87845237 -0.37888309 -0.04220268
1464106306.86390 -6.34707243 12.73540434 -6.02204308 0.28786518 -0.88206212 -0.37115914 -0.03661900
1464106306.94391 -6.41320691 12.77066746 -6.11709306 0.28333748 -0.88500412 -0.36797079 -0.03294059
1464106307.02394 -6.47639585 12.80113530 -6.20771718 0.27720786 -0.88632967 -0.36948485 -0.03250344
1464106307.10682 -6.53948032 12.83208952 -6.29072461 0.27737670 -0.88608914 -0.37045358 -0.02592967
1464106307.22389 -6.64240242 12.89769419 -6.39924649 0.27980390 -0.88375537 -0.37449800 -0.02091565
1464106307.42700 -6.85615598 13.01911821 -6.58550401 0.29744087 -0.87336888 -0.38566650 -0.00413332
1464106307.58400 -7.03633180 13.07075018 -6.76672749 0.30966467 -0.87300186 -0.37580018 0.02738187
1464106307.74452 -7.19487030 13.10626553 -6.92974417 0.31552160 -0.86991352 -0.37571969 0.05031214
1464106307.90657 -7.36102377 13.16812730 -7.06610890 0.31861471 -0.86563382 -0.37995838 0.06924159
1464106308.02408 -7.50279478 13.22887283 -7.16683772 0.32020952 -0.86233005 -0.38282797 0.08541361
1464106308.18389 -7.69253476 13.29344569 -7.32383306 0.32771298 -0.86032829 -0.37882433 0.09450691
1464106308.34404 -7.86299343 13.33706491 -7.49314763 0.32397710 -0.85837953 -0.38360153 0.10522972
1464106308.50683 -8.02385982 13.39162406 -7.65093039 0.32025891 -0.85676328 -0.38746864 0.11514758
1464106308.66419 -8.20338447 13.48243270 -7.79405728 0.32435056 -0.84892347 -0.39775641 0.12615660
1464106308.78412 -8.34021879 13.54794088 -7.91782142 0.33490160 -0.84374453 -0.39726021 0.13461207
1464106308.90669 -8.47294019 13.58870118 -8.04937686 0.33291415 -0.84116749 -0.39723471 0.15430490
1464106308.98416 -8.55368559 13.60841402 -8.13547540 0.33326344 -0.83797818 -0.39630528 0.17225032
1464106309.10672 -8.67276842 13.63767375 -8.25364941 0.33123009 -0.83660320 -0.39391804 0.18764405
1464106309.18578 -8.75830799 13.66391016 -8.32221812 0.32975255 -0.83584926 -0.39128308 0.19878836
1464106309.26422 -8.84974405 13.69851492 -8.38327910 0.33238210 -0.83140114 -0.39293119 0.20952172
1464106309.38719 -8.99742033 13.75108215 -8.47532873 0.33097631 -0.82663833 -0.39522329 0.22565970
1464106309.54433 -9.20192760 13.78263691 -8.62397033 0.33269079 -0.82614932 -0.38439450 0.24297120
1464106309.66430 -9.34519123 13.79813144 -8.72823634 0.33175848 -0.82074280 -0.38530547 0.26049427
1464106309.78411 -9.48082827 13.81026290 -8.82343744 0.32754788 -0.81757533 -0.38242003 0.27935260
1464106309.94409 -9.67690724 13.84600746 -8.92804208 0.32889109 -0.80645974 -0.38168943 0.30946167
1464106310.10677 -9.89302700 13.87441510 -9.02828238 0.34167328 -0.78981967 -0.37751721 0.34194300
1464106310.26436 -10.09169951 13.87057899 -9.12729829 0.33419106 -0.77867646 -0.36925164 0.38161832
1464106310.42563 -10.27805390 13.86125933 -9.19198023 0.32668384 -0.76246485 -0.37332650 0.41539420
1464106310.58435 -10.48145823 13.85738255 -9.22586376 0.32113462 -0.74666239 -0.37402259 0.44662616
1464106310.74432 -10.70123339 13.83617748 -9.24320573 0.32615437 -0.73405617 -0.36335020 0.47197616
1464106310.90630 -10.91869918 13.78445662 -9.27110649 0.31920887 -0.72416845 -0.35672446 0.49642060
1464106311.06562 -11.12564283 13.71849521 -9.30334634 0.31266715 -0.71274954 -0.35848096 0.51547915
1464106311.18707 -11.27618301 13.66136829 -9.31698691 0.31909372 -0.70190940 -0.34829235 0.53309927
1464106311.30662 -11.44165459 13.61088534 -9.30957921 0.32207061 -0.68477087 -0.34525950 0.55511734
1464106311.42544 -11.60667515 13.55319817 -9.29416215 0.33153071 -0.66396567 -0.34487553 0.57471545
1464106311.54440 -11.75388279 13.48093935 -9.29160908 0.33040522 -0.65313790 -0.33972209 0.59062016
1464106311.70684 -11.92912022 13.38101885 -9.27682687 0.33003769 -0.63907661 -0.33138252 0.61060775
1464106311.90682 -12.13893008 13.28389930 -9.19770694 0.31787538 -0.62572240 -0.33628778 0.62796278
1464106312.06444 -12.30775734 13.19157420 -9.10861772 0.32045361 -0.61832415 -0.33882204 0.63260126
1464106312.18449 -12.42322341 13.10098488 -9.04551868 0.32274913 -0.61243462 -0.33964029 0.63671133
1464106312.34446 -12.55836067 12.98608704 -8.97250914 0.31922354 -0.60441383 -0.34578715 0.64281530
1464106312.46444 -12.64527361 12.89889412 -8.90669718 0.30973557 -0.60388909 -0.34443531 0.64864949
1464106312.62724 -12.77084585 12.80397796 -8.80549934 0.30258926 -0.59951967 -0.33794640 0.65939983
1464106312.74509 -12.87185646 12.72570342 -8.71424276 0.29661947 -0.58986064 -0.33645151 0.67147725
1464106312.82452 -12.93978688 12.65990022 -8.65243383 0.30434450 -0.57760593 -0.33084143 0.68138811
1464106312.94450 -13.03065145 12.55787236 -8.57085546 0.29982398 -0.56482414 -0.32494946 0.69676906
1464106313.02459 -13.08458595 12.49485826 -8.51974005 0.29484069 -0.55283335 -0.32309845 0.70926134
1464106313.10738 -13.13406126 12.43341000 -8.47446313 0.28781874 -0.55012445 -0.31778860 0.71661277
1464106313.18538 -13.18466531 12.37381780 -8.42486434 0.28382405 -0.54366078 -0.31172486 0.72574409
1464106313.26467 -13.23952130 12.31552742 -8.36675823 0.28455642 -0.53650298 -0.30543908 0.73341610
1464106313.34503 -13.29706559 12.25750141 -8.29774762 0.28320423 -0.52754479 -0.30186219 0.74186998
1464106313.42446 -13.35846352 12.18788694 -8.22495413 0.28706778 -0.51739661 -0.29629129 0.74973616
1464106313.50726 -13.41882201 12.11036414 -8.15485598 0.29277493 -0.51011944 -0.28872510 0.75544610
1464106313.58474 -13.47801724 12.02858904 -8.08799695 0.29362036 -0.50248887 -0.28555082 0.76141496
1464106313.66467 -13.53403016 11.94693339 -8.02555062 0.28933315 -0.50061019 -0.27857338 0.76685894
1464106313.74774 -13.58749620 11.86899378 -7.96927689 0.28673653 -0.49401640 -0.27859971 0.77208300
1464106313.82476 -13.64264284 11.79348544 -7.91275243 0.28378762 -0.48990225 -0.27011648 0.77877947
1464106313.90461 -13.70361836 11.72322199 -7.85154256 0.28200576 -0.48771844 -0.26620873 0.78213579
1464106313.98484 -13.76984824 11.65593818 -7.78189808 0.28323229 -0.48189317 -0.26268243 0.78648356
1464106314.06630 -13.84168620 11.58434942 -7.70386937 0.28327307 -0.47244838 -0.26290467 0.79210481
1464106314.14475 -13.91513297 11.50521787 -7.62328923 0.28211701 -0.45786521 -0.26699723 0.79967614
1464106314.26466 -14.02250974 11.37260242 -7.51834289 0.28295792 -0.44242444 -0.26594898 0.80837279
1464106314.42477 -14.15194163 11.18666489 -7.40496252 0.28408780 -0.42852449 -0.25327568 0.81945855
1464106314.58501 -14.28259898 11.03597859 -7.26318726 0.27389762 -0.42587794 -0.24345380 0.82724744
1464106314.70791 -14.38573223 10.93205727 -7.12975451 0.27483582 -0.41704152 -0.25014385 0.82943939
1464106314.82471 -14.49229667 10.80215889 -7.00281381 0.28606474 -0.41638522 -0.24524430 0.82743311
1464106314.94472 -14.59507824 10.65734519 -6.89087397 0.28214500 -0.42852527 -0.25000640 0.82113159
1464106315.10727 -14.72770175 10.47310412 -6.75812186 0.27746299 -0.43348180 -0.24979563 0.82018898
1464106315.26479 -14.87772141 10.31500041 -6.60152961 0.27307823 -0.43681387 -0.24624553 0.82096593
1464106315.42482 -15.05620628 10.15964619 -6.40998642 0.26752682 -0.43308270 -0.26304800 0.81955752
1464106315.54475 -15.17737017 10.02060028 -6.27765659 0.25137024 -0.42895900 -0.26881347 0.82495242
1464106315.66486 -15.30532079 9.87044640 -6.17040189 0.24140399 -0.43703414 -0.24343248 0.83154429
1464106315.74650 -15.38019849 9.77810127 -6.09868712 0.22810327 -0.44703751 -0.23900929 0.83126465
1464106315.86488 -15.49066715 9.65529054 -5.96693509 0.21294164 -0.44161393 -0.23958864 0.83799181
1464106315.98493 -15.61038088 9.54309540 -5.80599764 0.19863498 -0.43216679 -0.24108281 0.84596400
1464106316.10733 -15.71630734 9.40545374 -5.63501525 0.18418173 -0.43172486 -0.24621886 0.84797819
1464106316.22490 -15.83675650 9.26381981 -5.50024514 0.16619066 -0.44248853 -0.24512717 0.84646160
1464106316.34477 -15.93826384 9.12813207 -5.37597327 0.14691346 -0.44817040 -0.24740480 0.84637497
1464106316.46499 -16.04442932 9.00690650 -5.23672502 0.13748816 -0.44746900 -0.24970430 0.84765338
1464106316.54483 -16.12061104 8.93403213 -5.12846516 0.12313488 -0.44475849 -0.25449214 0.84985965
1464106316.62493 -16.20623196 8.84817420 -5.01958835 0.12405071 -0.43656099 -0.24402056 0.85701802
1464106316.70782 -16.28064126 8.74715501 -4.91656415 0.13716504 -0.42511234 -0.25980758 0.85613391
1464106316.74558 -16.31889553 8.68187288 -4.87051347 0.11496778 -0.42013527 -0.26995719 0.85871525
1464106316.82748 -16.41580402 8.58092377 -4.80189383 0.15563515 -0.41280119 -0.24712868 0.86272840
1464106316.90508 -16.42751591 8.44359093 -4.71589144 0.14065770 -0.39559422 -0.26362853 0.86845876
1464106316.98510 -16.48871744 8.32712288 -4.64328124 0.14907677 -0.40940747 -0.23415829 0.86909811
1464106317.07010 -16.55092861 8.23000403 -4.54809861 0.14936172 -0.39648510 -0.23050633 0.87598943
1464106317.18497 -16.65454232 8.08884179 -4.38273422 0.15523197 -0.38765435 -0.22633739 0.87999917
1464106317.30504 -16.75720194 7.95277601 -4.20388091 0.15507958 -0.37783995 -0.22867711 0.88368211
1464106317.38552 -16.82485788 7.85576631 -4.09883181 0.15050620 -0.37862229 -0.23392712 0.88276336
1464106317.46548 -16.89084774 7.74899221 -4.00716051 0.15098979 -0.38347569 -0.23612407 0.87999654
1464106317.54504 -16.95292464 7.64860925 -3.92891639 0.15062085 -0.38904952 -0.24147817 0.87615189
1464106317.62506 -17.01204773 7.55666439 -3.85499418 0.14090601 -0.39403321 -0.24381913 0.87489174
1464106317.70781 -17.07818700 7.46501565 -3.78053277 0.13411105 -0.40134003 -0.24387433 0.87262003
1464106317.78562 -17.14588658 7.38086933 -3.70418615 0.12943818 -0.40521408 -0.24507299 0.87119834
1464106317.86527 -17.21469439 7.29542849 -3.62800606 0.12772681 -0.40589974 -0.24848336 0.87016509
1464106317.94509 -17.28270914 7.20480121 -3.55354732 0.12828852 -0.40668802 -0.25176064 0.86877125
1464106318.02564 -17.34147199 7.10499926 -3.48693614 0.12652950 -0.40364629 -0.25909362 0.86829169
1464106318.10822 -17.39232511 7.00620951 -3.43758042 0.12146703 -0.40412932 -0.25285187 0.87062689
1464106318.18822 -17.43696339 6.91306379 -3.39100119 0.12032760 -0.40656895 -0.24309090 0.87242752
1464106318.26498 -17.47441966 6.81727945 -3.34541902 0.11964171 -0.40748803 -0.24057628 0.87279002
1464106318.34513 -17.50733652 6.72348079 -3.29700481 0.12190360 -0.40372572 -0.24230805 0.87374588
1464106318.42512 -17.53750467 6.62933573 -3.25276742 0.12595379 -0.40173365 -0.24427236 0.87354263
1464106318.50802 -17.56676911 6.53795449 -3.21393415 0.13072028 -0.40368689 -0.24689581 0.87120122
1464106318.58516 -17.59332064 6.45359815 -3.18287358 0.13069753 -0.40714132 -0.25354543 0.86768013
1464106318.66511 -17.62093270 6.37602545 -3.15463555 0.12804301 -0.41083336 -0.25934347 0.86461662
1464106318.74513 -17.64927294 6.30067693 -3.12904612 0.12394303 -0.41555263 -0.26180623 0.86221322
1464106318.82523 -17.67840618 6.21668410 -3.10153610 0.11889954 -0.41892367 -0.25130429 0.86441426
1464106318.86516 -17.69257165 6.17218893 -3.08669953 0.12095239 -0.41869316 -0.24961436 0.86473072
1464106318.94516 -17.72225404 6.08466233 -3.05509327 0.12598636 -0.41329530 -0.24834412 0.86697153
1464106319.02526 -17.74900653 6.00153149 -3.02534531 0.12263216 -0.40978533 -0.24790550 0.86924116
1464106319.10519 -17.77070104 5.92227953 -2.99710271 0.11495410 -0.40281774 -0.24577977 0.87413713
1464106319.18575 -17.79084968 5.84425346 -2.96963695 0.11446549 -0.40021929 -0.23933198 0.87717864
1464106319.26815 -17.80615007 5.76681337 -2.94076467 0.11181202 -0.39512055 -0.23681448 0.88050936
1464106319.34548 -17.82184413 5.68754757 -2.90998208 0.11002356 -0.38880866 -0.23576575 0.88381964
1464106319.42524 -17.83955546 5.60687302 -2.87895957 0.11293441 -0.38306481 -0.23834188 0.88526850
1464106319.50523 -17.86427089 5.52965503 -2.85390575 0.11738336 -0.39053945 -0.23941891 0.88112353
1464106319.58599 -17.88627626 5.45874232 -2.83013697 0.10909736 -0.39451289 -0.24532832 0.87878972
1464106319.66697 -17.91231859 5.39168416 -2.81110981 0.10561218 -0.40238321 -0.24917008 0.87455594
1464106319.74524 -17.94301809 5.32638989 -2.79204450 0.09986687 -0.40861284 -0.24980917 0.87215683
1464106319.82528 -17.97592594 5.25389487 -2.76874331 0.09333015 -0.40963129 -0.25083899 0.87210750
1464106319.90564 -18.01078365 5.17644737 -2.74300833 0.09414841 -0.40871621 -0.24804780 0.87324649
1464106319.98530 -18.04362031 5.09713999 -2.71569056 0.09339943 -0.40482575 -0.25132565 0.87420139
1464106320.06681 -18.07099536 5.01778610 -2.68849758 0.08843637 -0.39845976 -0.25013847 0.87797470
1464106320.14530 -18.09599680 4.93803569 -2.66473261 0.09390389 -0.39536200 -0.24180845 0.88113542
1464106320.22547 -18.11428405 4.86045359 -2.63902621 0.09215511 -0.39013678 -0.23953578 0.88426429
1464106320.30743 -18.13030145 4.78368885 -2.60938996 0.08912653 -0.38220182 -0.23827303 0.88837165
1464106320.38720 -18.14715869 4.70788729 -2.57775756 0.08931301 -0.37668553 -0.23651407 0.89117467
1464106320.46537 -18.16780952 4.62092216 -2.54403864 0.09007051 -0.37503299 -0.23552881 0.89205591
1464106320.54533 -18.18847555 4.53759098 -2.51738240 0.08955491 -0.38039630 -0.22982496 0.89132433
1464106320.62544 -18.20729568 4.45442781 -2.49345341 0.09137588 -0.37967346 -0.22949525 0.89153264
1464106320.70814 -18.22800074 4.37150867 -2.47495592 0.10062716 -0.37756147 -0.22857831 0.89166892
1464106320.78537 -18.25073831 4.28941632 -2.45577837 0.10243014 -0.37475687 -0.22589228 0.89332974
1464106320.86757 -18.27598236 4.20932680 -2.43252959 0.10552773 -0.36777653 -0.22036286 0.89724274
1464106320.94536 -18.30156016 4.13045034 -2.40720560 0.10605713 -0.35623625 -0.21732248 0.90256222
1464106321.02535 -18.32410880 4.05813820 -2.38548383 0.10313451 -0.34445412 -0.21438404 0.90815974
1464106321.11238 -18.34598446 3.97704076 -2.36570612 0.10000845 -0.33417005 -0.20222411 0.91511425
1464106321.18847 -18.36286137 3.90413768 -2.34491613 0.09763516 -0.32067368 -0.19363229 0.92203162
1464106321.26550 -18.37601972 3.83303613 -2.32197721 0.09560011 -0.30912928 -0.18635261 0.92767042
1464106321.34550 -18.39008189 3.76004659 -2.29384315 0.09729182 -0.29829967 -0.17703534 0.93285052
1464106321.42551 -18.40560880 3.68716167 -2.26528001 0.09717331 -0.28814968 -0.17394864 0.93662638
1464106321.50734 -18.42456000 3.60916483 -2.23421066 0.10206338 -0.28297214 -0.16761410 0.93883723
1464106321.58535 -18.44541740 3.53402218 -2.20779461 0.10070865 -0.28556395 -0.16370688 0.93888820
1464106321.66554 -18.46510504 3.46196731 -2.18341828 0.10120374 -0.28414674 -0.16181483 0.93959267
1464106321.74550 -18.48459317 3.38987532 -2.15999229 0.10053750 -0.27820699 -0.15946487 0.94184077
1464106321.82553 -18.50806727 3.32137632 -2.14056079 0.09411173 -0.27509867 -0.15262964 0.94454640
1464106321.90814 -18.53232293 3.25179384 -2.12344097 0.08754985 -0.26949491 -0.14254984 0.94836019
1464106321.98562 -18.55543636 3.18177093 -2.10379774 0.08516851 -0.25812077 -0.13305429 0.95310889
1464106322.06558 -18.57583530 3.10991673 -2.08255768 0.08074816 -0.24488115 -0.12256614 0.95837910
1464106322.14710 -18.59142055 3.04195535 -2.06541294 0.06810245 -0.23159174 -0.10741926 0.96446277
1464106322.22554 -18.60288983 2.97527384 -2.04420243 0.06478141 -0.21956240 -0.09047260 0.96923188
1464106322.34578 -18.60643839 2.88610333 -2.00173357 0.05116738 -0.19850580 -0.07774100 0.97567089
1464106322.46861 -18.60286498 2.79564974 -1.94289062 0.04021336 -0.17812290 -0.06489978 0.98104186
1464106322.58824 -18.59140647 2.69503244 -1.87800246 0.03651056 -0.15770308 -0.05602748 0.98521959
1464106322.70973 -18.57345107 2.58969547 -1.81753112 0.02621127 -0.14877453 -0.04147782 0.98765313
1464106322.82562 -18.54952872 2.49113123 -1.76240995 0.01855167 -0.13951922 -0.02673111 0.98968463
1464106322.94642 -18.52187659 2.40330709 -1.69415177 0.00929206 -0.13111568 -0.01211542 0.99124949
1464106323.06696 -18.49458866 2.32602777 -1.59369921 0.00079383 -0.11729931 0.00536491 0.99308180
1464106323.14561 -18.47212936 2.27654237 -1.50966080 -0.00548200 -0.10335521 0.00772036 0.99459944
1464106323.22600 -18.44526217 2.21349789 -1.41694661 -0.00678051 -0.08431336 0.01531830 0.99629846
1464106323.30971 -18.40567542 2.13952652 -1.32576677 -0.00517922 -0.06020629 0.02142557 0.99794255
1464106323.38570 -18.35919286 2.05727066 -1.24355693 -0.00029410 -0.03546188 0.03206968 0.99885630
1464106323.46572 -18.31300783 1.98249608 -1.16789729 0.00189221 -0.01615118 0.04174434 0.99899598
1464106323.54569 -18.27007259 1.92023204 -1.09456050 -0.00295018 -0.00540618 0.05159771 0.99864896
1464106323.62578 -18.22520713 1.87022930 -1.00974227 -0.00944270 0.00685010 0.06084895 0.99807881
1464106323.70578 -18.17692245 1.83034961 -0.91570719 -0.01361370 0.02170537 0.06622073 0.99747599
1464106323.78558 -18.12318209 1.78954148 -0.81413166 -0.01324098 0.03660885 0.07807592 0.99618704
1464106323.86576 -18.05971349 1.74258492 -0.71382897 -0.01226628 0.05167879 0.08359284 0.99508345
1464106323.94568 -17.99232564 1.67944677 -0.61515405 -0.00332326 0.06533816 0.09115592 0.99368530
1464106324.02767 -17.92539153 1.61438834 -0.53187366 -0.00148460 0.07228948 0.10151839 0.99220262
1464106324.11132 -17.86206262 1.55657592 -0.45669255 -0.00803755 0.08203403 0.10364549 0.99119293
1464106324.18570 -17.80320189 1.49826381 -0.39258381 -0.00943311 0.08910996 0.11357157 0.98948064
1464106324.26579 -17.74540904 1.44778210 -0.32931460 -0.02149841 0.09945890 0.12382120 0.98707348
1464106324.34584 -17.68717486 1.40565800 -0.26312031 -0.03923510 0.11285637 0.12711045 0.98466592
1464106324.42580 -17.62773581 1.36263104 -0.19588847 -0.04127892 0.12431701 0.13458432 0.98220588
1464106324.50821 -17.56730352 1.31374619 -0.13047645 -0.04251597 0.13470774 0.14460002 0.97935543
1464106324.58571 -17.50439882 1.26774693 -0.08034625 -0.05243114 0.14429631 0.15667457 0.97564473
1464106324.66581 -17.44040422 1.21860910 -0.04686065 -0.05469896 0.15648582 0.17566177 0.97039330
1464106324.74588 -17.37204237 1.17554069 -0.02322379 -0.05628514 0.17375687 0.18144914 0.96629020
1464106324.82579 -17.30192606 1.13979766 -0.00566137 -0.05825083 0.18742150 0.18563807 0.96281802
1464106324.91199 -17.23077369 1.10049447 0.01501706 -0.05394301 0.20073424 0.19289598 0.95895102
1464106324.98588 -17.15850787 1.06554880 0.03700276 -0.05755619 0.21038387 0.19513696 0.95621518
1464106325.06596 -17.08802661 1.02809116 0.06124455 -0.05974269 0.21214548 0.19443570 0.95583464
1464106325.14584 -17.02316975 0.98616440 0.08470165 -0.05726479 0.20422217 0.19662408 0.95726330
1464106325.22582 -16.95978879 0.94680510 0.10650288 -0.06219977 0.20222014 0.19735930 0.95722908
1464106325.30746 -16.89623996 0.90595480 0.12963798 -0.06199799 0.19986533 0.19585547 0.95804527
1464106325.38589 -16.83224256 0.85898081 0.15730920 -0.05984874 0.20076080 0.19652714 0.95785715
1464106325.46593 -16.76181474 0.81266438 0.18773697 -0.05889251 0.20394506 0.19877890 0.95677847
1464106325.54590 -16.68549238 0.76468138 0.21879485 -0.05684481 0.21273123 0.19746534 0.95525993
1464106325.62906 -16.61350937 0.71880103 0.24610949 -0.06036984 0.21515675 0.19786016 0.95441837
1464106325.71177 -16.54126835 0.67291772 0.26673698 -0.06490132 0.22299554 0.20565727 0.95066603
1464106325.78593 -16.46787061 0.63073926 0.28530720 -0.06289307 0.23125099 0.20854906 0.94819551
1464106325.86600 -16.39181859 0.59255044 0.29963503 -0.06388164 0.23862327 0.21071408 0.94582115
1464106325.94581 -16.31175308 0.55382520 0.31518487 -0.06249897 0.24780878 0.21166507 0.94333588
1464106326.02672 -16.23172837 0.51708560 0.33101484 -0.06148578 0.25385459 0.20948331 0.94228132
1464106326.10907 -16.15634112 0.47731335 0.35160333 -0.05399036 0.25343743 0.20995748 0.94274724
1464106326.18589 -16.08892484 0.43369474 0.37193612 -0.05092902 0.24249364 0.20968787 0.94585098
1464106326.26593 -16.02413582 0.39278332 0.39389290 -0.05297786 0.23761298 0.20579846 0.94782932
1464106326.30810 -15.99111888 0.36927116 0.40518087 -0.05173509 0.23711283 0.20212039 0.94881417
1464106326.38578 -15.92338856 0.32285319 0.43133790 -0.04456906 0.23772359 0.20053474 0.94936132
1464106326.46607 -15.85364818 0.27765238 0.45966127 -0.04327501 0.23554231 0.20176367 0.94970444
1464106326.54596 -15.77762306 0.23245621 0.48947006 -0.04214998 0.23960558 0.20262059 0.94855545
1464106326.62656 -15.70501063 0.19197809 0.51382181 -0.05119217 0.24125820 0.20545355 0.94708114
1464106326.70847 -15.63213753 0.15117969 0.53235479 -0.05354460 0.24847698 0.21210636 0.94361171
1464106326.78611 -15.55605962 0.10861304 0.54671779 -0.04735279 0.25852369 0.21416204 0.94077512
1464106326.86612 -15.47670713 0.07202636 0.55818265 -0.04532029 0.26753984 0.21458698 0.93825420
1464106326.94608 -15.39533335 0.03792986 0.56908997 -0.04497556 0.27504554 0.21685327 0.93557566
1464106327.02643 -15.31287954 0.00459167 0.58212091 -0.04449582 0.28083681 0.21655825 0.93394504
1464106327.10633 -15.23557534 -0.03082486 0.59950318 -0.04339225 0.27761003 0.21606995 0.93507409
1464106327.18613 -15.16303484 -0.06861951 0.61796459 -0.04393936 0.26901456 0.21611101 0.93754815
1464106327.26907 -15.09293093 -0.10974704 0.63702756 -0.04467190 0.26425173 0.21424301 0.93929515
1464106327.34592 -15.02282863 -0.15495662 0.65926818 -0.03949866 0.26280362 0.21405758 0.93997525
1464106327.42634 -14.95201211 -0.19913197 0.68618883 -0.03648830 0.26295503 0.21292655 0.94031141
1464106327.51252 -14.87378941 -0.24468329 0.71401219 -0.03171038 0.26421825 0.21374242 0.93994540
1464106327.58682 -14.79714712 -0.28317630 0.73921086 -0.04280684 0.26860903 0.21082549 0.93891926
1464106327.66617 -14.72249064 -0.32523610 0.75709060 -0.04640481 0.26862524 0.21985405 0.93667031
1464106327.74700 -14.64694725 -0.36180444 0.77305963 -0.05087742 0.27585809 0.22245275 0.93371761
1464106327.82620 -14.56346085 -0.39879059 0.78449281 -0.05125075 0.28622354 0.21971443 0.93122232
1464106327.90868 -14.47548360 -0.43337689 0.79651510 -0.04703791 0.29690654 0.22082179 0.92783171
1464106327.98619 -14.38865768 -0.46584038 0.81002761 -0.04908247 0.30358788 0.22284633 0.92507558
1464106328.06613 -14.30754973 -0.50194196 0.82891750 -0.04798414 0.30237418 0.22284552 0.92553079
1464106328.14606 -14.22902428 -0.53742548 0.84824789 -0.04885764 0.29513492 0.22641690 0.92695399
1464106328.22616 -14.15570653 -0.57374140 0.87059665 -0.05468455 0.28818672 0.22380441 0.92944586
1464106328.30845 -14.08327044 -0.61870300 0.89240433 -0.04818982 0.28302057 0.22378087 0.93139638
1464106328.38709 -14.01321825 -0.65876093 0.91426416 -0.04868350 0.28130312 0.22550612 0.93147489
1464106328.46619 -13.93603516 -0.70239670 0.93693490 -0.05125694 0.28243779 0.22530119 0.93104296
1464106328.54621 -13.86163710 -0.74179773 0.95592783 -0.05553508 0.28422705 0.22557105 0.93018737
1464106328.62624 -13.78582947 -0.77957761 0.96826499 -0.06250915 0.28759156 0.23082586 0.92741745
1464106328.70628 -13.70594097 -0.81579426 0.97860225 -0.05978716 0.29737900 0.23492645 0.92347213
1464106328.78633 -13.62154745 -0.84714651 0.98465331 -0.06236244 0.30873426 0.23537780 0.91945167
1464106328.86625 -13.53343884 -0.87426491 0.98987704 -0.06438977 0.32012190 0.23918627 0.91442105
1464106328.94615 -13.44441881 -0.90106129 0.99381110 -0.06623420 0.33093299 0.24028042 0.91014378
1464106329.03268 -13.35621664 -0.93159181 1.00001817 -0.06238424 0.33723747 0.24007962 0.90815245
1464106329.10925 -13.27400833 -0.96047297 1.00316567 -0.06069537 0.33506240 0.24770237 0.90702414
1464106329.18637 -13.18989295 -0.99191830 1.01184592 -0.06362686 0.33730462 0.25090442 0.90511004
1464106329.26631 -13.10993387 -1.02455092 1.01875401 -0.05860640 0.34222755 0.25305343 0.90300031
1464106329.34642 -13.02774066 -1.05434923 1.02819887 -0.05968114 0.34974890 0.25516654 0.89944644
1464106329.42704 -12.94490479 -1.08423671 1.03923619 -0.06018411 0.35721509 0.25904624 0.89536043
1464106329.50889 -12.86219811 -1.10926910 1.04952698 -0.06554598 0.36501077 0.26305019 0.89066012
1464106329.58638 -12.78217210 -1.13424004 1.05610671 -0.07725303 0.37029474 0.27382333 0.88427064
1464106329.66631 -12.70179832 -1.15855052 1.05682226 -0.07875270 0.38402332 0.28188819 0.87570723
1464106329.74717 -12.62429696 -1.17486634 1.05445640 -0.08508886 0.39742716 0.28757185 0.86724505
1464106329.82623 -12.54151313 -1.18947430 1.04921281 -0.09844037 0.41452362 0.29388897 0.85563364
1464106329.90948 -12.45879212 -1.20360788 1.04343939 -0.10356238 0.42805995 0.29610137 0.84756326
1464106329.98639 -12.37623665 -1.22121477 1.03949405 -0.09886666 0.43627675 0.30275679 0.84156183
1464106330.10888 -12.26061404 -1.24662804 1.03930708 -0.09424110 0.44019643 0.31663192 0.83491913
1464106330.22704 -12.16012325 -1.27082014 1.04038404 -0.10161311 0.44288510 0.33115689 0.82695990
1464106330.34656 -12.06279100 -1.30080586 1.04101852 -0.10235460 0.45354647 0.34802476 0.81406259
1464106330.42627 -11.99580749 -1.32026860 1.04219217 -0.10526386 0.46333368 0.36269076 0.80168375
1464106330.54665 -11.89405663 -1.34851810 1.03675257 -0.11122415 0.48741977 0.37207357 0.78205653
1464106330.62675 -11.83012336 -1.36854317 1.02505276 -0.11759277 0.50177649 0.39048164 0.76283444
1464106330.74644 -11.75031330 -1.38335364 0.99913560 -0.11803573 0.53647429 0.40985483 0.72820459
1464106330.86651 -11.67661989 -1.38180157 0.96197016 -0.13341272 0.57547313 0.42311391 0.68702718
1464106330.98650 -11.59691141 -1.36482510 0.94361659 -0.15006492 0.59685314 0.44967288 0.64733388
1464106331.10872 -11.50149869 -1.34477577 0.93334979 -0.15889789 0.60908018 0.46147545 0.62515054
1464106331.22679 -11.39944687 -1.32549277 0.91682422 -0.15455098 0.62231244 0.48242356 0.59674846
1464106331.34643 -11.30194411 -1.30993233 0.89475226 -0.16107589 0.63655362 0.50197161 0.56291966
1464106331.42640 -11.23768738 -1.30230244 0.87746759 -0.15567360 0.64942155 0.50730781 0.54466152
1464106331.54650 -11.14623203 -1.28442427 0.85151380 -0.16781662 0.66637711 0.50990901 0.51746684
1464106331.66650 -11.04481344 -1.26033246 0.82686384 -0.16851797 0.68068932 0.51609490 0.49184327
1464106331.78667 -10.94068232 -1.22466464 0.80440647 -0.17935703 0.69178161 0.52412959 0.46320344
1464106331.86660 -10.85777296 -1.19092775 0.78723091 -0.18231248 0.70115127 0.52897338 0.44196858
1464106331.94692 -10.76966887 -1.15466495 0.76787333 -0.18288470 0.71630611 0.52642331 0.41992528
1464106332.02665 -10.68489001 -1.11966463 0.73864864 -0.18304021 0.72874782 0.52861403 0.39495582
1464106332.10664 -10.60739503 -1.09251830 0.71416645 -0.17921440 0.73615719 0.53692040 0.37104079
1464106332.18659 -10.53752874 -1.06820347 0.68913491 -0.17595714 0.74248685 0.54060012 0.35426526
1464106332.30659 -10.44800841 -1.02190332 0.64764113 -0.18330806 0.75144919 0.54234047 0.32800775
1464106332.38683 -10.39465922 -0.98578786 0.62101097 -0.18920905 0.75535308 0.54560254 0.30977335
1464106332.50662 -10.31653402 -0.92970885 0.58130926 -0.19462487 0.76085035 0.54987610 0.28436626
1464106332.58660 -10.26074500 -0.89102313 0.54876647 -0.19511611 0.76812495 0.54752162 0.26857746
1464106332.66657 -10.20677878 -0.85225358 0.51503347 -0.19605548 0.77236657 0.55030833 0.24934489
1464106332.74658 -10.15106460 -0.81715772 0.47776296 -0.19385282 0.77824173 0.55179525 0.22865452
1464106332.82663 -10.09143964 -0.78693245 0.43655227 -0.19175927 0.78239055 0.55290207 0.21305566
1464106332.90891 -10.03574012 -0.76620735 0.40160549 -0.19308081 0.77818541 0.56297578 0.20051318
1464106332.98675 -9.98296554 -0.74984373 0.36518777 -0.19380755 0.77687654 0.56862463 0.18859348
1464106333.06669 -9.93023514 -0.74048612 0.32583330 -0.19142391 0.78008144 0.56758151 0.18077903
1464106333.14656 -9.87800501 -0.73192458 0.28425620 -0.18915578 0.78363993 0.56521785 0.17509238
1464106333.22669 -9.82598675 -0.72347653 0.24300302 -0.19246909 0.78453728 0.56507572 0.16776868
1464106333.30924 -9.77292047 -0.71530185 0.20383326 -0.19456409 0.78404951 0.56666763 0.16216958
1464106333.38676 -9.71316223 -0.70369627 0.15866706 -0.19798834 0.78363214 0.56800199 0.15522571
1464106333.46671 -9.65588937 -0.69432202 0.11510853 -0.20194380 0.78199947 0.57081097 0.14788636
1464106333.54661 -9.59980567 -0.68948413 0.07159333 -0.20230802 0.78165254 0.57333722 0.13919481
1464106333.62710 -9.54842908 -0.68326786 0.02771470 -0.20043925 0.78385250 0.57329710 0.12934376
1464106333.70903 -9.50297767 -0.67611874 -0.01893826 -0.20148759 0.78765961 0.56919095 0.12254285
1464106333.78712 -9.46126202 -0.66723388 -0.06635806 -0.20093065 0.79012360 0.56647793 0.12014295
1464106333.90964 -9.40312128 -0.64439731 -0.13867676 -0.20944525 0.78787127 0.56698113 0.11799976
1464106333.98734 -9.36545419 -0.62631294 -0.19294231 -0.21671641 0.78772338 0.56479173 0.11634510
1464106334.06675 -9.32412534 -0.60877762 -0.25285015 -0.21949218 0.79182376 0.55750981 0.11841082
1464106334.14674 -9.27877056 -0.59491020 -0.31101181 -0.21796471 0.79081456 0.55857932 0.12285303
1464106334.22864 -9.23455296 -0.58409355 -0.36714173 -0.21385588 0.78797411 0.56306584 0.12774712
1464106334.30965 -9.18673624 -0.57219638 -0.42388740 -0.21448160 0.78677975 0.56344064 0.13232501
1464106334.38684 -9.13910815 -0.56011905 -0.48299547 -0.21253009 0.78971263 0.55919714 0.13595399
1464106334.46681 -9.08921071 -0.54459239 -0.54368221 -0.21030303 0.79281926 0.55477416 0.13941263
1464106334.54677 -9.04040598 -0.52461030 -0.60445431 -0.20878432 0.79342550 0.55456281 0.13908694
1464106334.62681 -8.99045667 -0.50532607 -0.67030414 -0.21146272 0.79829354 0.54623969 0.14011834
1464106334.70975 -8.94272601 -0.49022202 -0.73135132 -0.21406151 0.79526839 0.54881012 0.14329447
1464106334.78821 -8.88811863 -0.47580124 -0.79623748 -0.21002463 0.79809292 0.54523384 0.14716457
1464106334.86703 -8.83874007 -0.46273339 -0.86128228 -0.20582043 0.80207559 0.53984044 0.15127790
1464106334.94688 -8.79724885 -0.44964344 -0.92617289 -0.20819680 0.80415926 0.53609727 0.15027207
1464106335.02851 -8.75671263 -0.43479827 -0.99340691 -0.21103760 0.80577887 0.53229230 0.15115707
1464106335.10977 -8.71711485 -0.41973782 -1.06086283 -0.21777666 0.80626392 0.52893299 0.15080356
1464106335.18693 -8.67568240 -0.40214220 -1.12897123 -0.21829254 0.80876995 0.52426176 0.15293509
1464106335.26701 -8.63297545 -0.38743175 -1.19579730 -0.21759110 0.80941431 0.52243998 0.15671328
1464106335.34695 -8.58717769 -0.37176863 -1.26139499 -0.21838137 0.80921614 0.52041857 0.16322782
1464106335.42697 -8.54053164 -0.36107868 -1.32349934 -0.21878882 0.80802665 0.51993140 0.16998744
1464106335.51144 -8.49004703 -0.35087139 -1.38331663 -0.21279962 0.81052123 0.51592592 0.17774166
1464106335.58692 -8.43313213 -0.34103693 -1.44449045 -0.20918645 0.81317907 0.51122056 0.18339673
1464106335.66691 -8.37679787 -0.32898862 -1.50361014 -0.20842375 0.81559809 0.50692557 0.18543396
1464106335.74697 -8.32018686 -0.31460613 -1.56228593 -0.21192178 0.81672396 0.50266105 0.18810370
1464106335.82708 -8.26364772 -0.30276038 -1.61643033 -0.21120363 0.81452777 0.50423542 0.19412416
1464106335.90959 -8.20830649 -0.29700091 -1.66778539 -0.20729168 0.81671752 0.50149936 0.19621683
1464106336.02739 -8.13308891 -0.29182727 -1.74510918 -0.20715048 0.81911943 0.49637780 0.19935172
1464106336.14701 -8.06345928 -0.28060668 -1.82242079 -0.20935208 0.82171330 0.48998137 0.20218114
1464106336.22879 -8.01890060 -0.26562022 -1.87282091 -0.21133379 0.82263172 0.48636387 0.20509822
1464106336.30914 -7.96737503 -0.24938871 -1.92664290 -0.21368784 0.82272419 0.48448648 0.20672511
1464106336.38737 -7.91468682 -0.22849920 -1.97922566 -0.21393021 0.82188437 0.48349791 0.21206065
1464106336.50718 -7.83233325 -0.20280379 -2.05179412 -0.20571451 0.81472282 0.49346611 0.22449826
1464106336.62782 -7.75246737 -0.18664994 -2.12592165 -0.19982814 0.81216950 0.49767942 0.22970550
1464106336.74708 -7.67649788 -0.17476142 -2.20219358 -0.19459669 0.81546799 0.49521026 0.22783961
1464106336.86703 -7.60984642 -0.15259670 -2.28194059 -0.19536387 0.81798706 0.49576037 0.21668359
1464106336.98750 -7.54781919 -0.12423521 -2.36643338 -0.20254674 0.82115888 0.49394394 0.20172331
1464106337.10725 -7.48896561 -0.10481308 -2.44857075 -0.20595998 0.81886281 0.50384251 0.18217276
1464106337.22872 -7.44338813 -0.08846106 -2.53631138 -0.20896766 0.82724929 0.49797242 0.15496646
1464106337.34712 -7.41179205 -0.06747525 -2.62878490 -0.21632064 0.83177317 0.49448207 0.12979310
1464106337.46731 -7.38192867 -0.03694582 -2.72684497 -0.22611138 0.83311292 0.49394184 0.10400943
1464106337.58728 -7.34731451 -0.00761531 -2.82872181 -0.22898287 0.83534578 0.49242069 0.08535883
1464106337.70715 -7.30355897 0.01535697 -2.92571251 -0.22570976 0.83075720 0.50319208 0.07546730
1464106337.82724 -7.25235531 0.02654225 -3.02592152 -0.21960201 0.83572606 0.49914752 0.06471986
1464106337.94726 -7.19802539 0.04173010 -3.12433513 -0.22061957 0.83388679 0.50363916 0.04803561
1464106338.06734 -7.14460355 0.05524058 -3.22467840 -0.22421012 0.83686925 0.49863636 0.02722964
1464106338.18715 -7.09749422 0.06631882 -3.32004258 -0.22944720 0.83193574 0.50520900 -0.00087449
1464106338.30729 -7.06069963 0.08071246 -3.41984013 -0.22463400 0.83819732 0.49616587 -0.02800428
1464106338.43016 -7.04089614 0.10380443 -3.51931811 -0.23326299 0.83509726 0.49539460 -0.05277443
1464106338.59101 -7.02203194 0.15479829 -3.65628113 -0.23705374 0.83281770 0.49430833 -0.07667773
1464106338.70827 -7.00961387 0.18928896 -3.77070790 -0.23772829 0.82918152 0.49768334 -0.09085464
1464106338.86730 -7.00361232 0.22646631 -3.93124658 -0.23233870 0.82911974 0.49786360 -0.10349404
1464106339.02771 -7.02164928 0.26618100 -4.07791611 -0.22825789 0.82425817 0.50113532 -0.13175810
1464106339.18864 -7.06094980 0.34097530 -4.22416020 -0.22957359 0.81997273 0.49914157 -0.16061876
1464106339.34742 -7.13326850 0.45928815 -4.39485169 -0.24592690 0.81439302 0.49209439 -0.18473519
1464106339.46727 -7.20066351 0.54220763 -4.54872307 -0.25490955 0.80892071 0.48388220 -0.21569983
1464106339.58741 -7.26583567 0.60106812 -4.70975899 -0.25527466 0.80676527 0.47133203 -0.24861771
1464106339.70986 -7.35014837 0.66408301 -4.86167736 -0.25140417 0.80267294 0.46628421 -0.27402760
1464106339.82735 -7.45396047 0.75191335 -4.99767599 -0.25479516 0.79577930 0.46090260 -0.29897078
1464106339.94752 -7.58528733 0.85416618 -5.13644399 -0.25923033 0.79018559 0.44828109 -0.32779634
1464106340.06773 -7.72581959 0.94172439 -5.30611784 -0.26614240 0.78719675 0.43323836 -0.34898999
1464106340.18848 -7.85477095 1.01417426 -5.48762859 -0.26413294 0.78633864 0.42872578 -0.35790995
1464106340.31158 -7.97429085 1.07671456 -5.66299571 -0.25618891 0.78300667 0.43033477 -0.36888993
1464106340.42937 -8.10585151 1.15548769 -5.82568037 -0.25541689 0.77755647 0.42724861 -0.38422230
1464106340.55015 -8.26159347 1.25655507 -5.98609352 -0.26725918 0.77104141 0.41536930 -0.40191543
1464106340.66757 -8.41561411 1.35266413 -6.15912480 -0.27700310 0.76521700 0.40521974 -0.41654434
1464106340.78757 -8.55785797 1.41154775 -6.34228160 -0.27485444 0.75788481 0.39994022 -0.43602003
1464106340.94756 -8.74717590 1.47515375 -6.56678799 -0.27189789 0.74414944 0.40192294 -0.45909814
1464106341.06999 -8.92139292 1.55599322 -6.70464004 -0.26938885 0.73493471 0.39824738 -0.47822551
1464106341.22777 -9.18632312 1.65542551 -6.90658117 -0.28106830 0.73183021 0.38712110 -0.48534772
1464106341.42762 -9.47069302 1.70965492 -7.19177310 -0.27699187 0.73624538 0.38656058 -0.48144488
1464106341.58835 -9.70071360 1.74783342 -7.40398592 -0.28040282 0.74015873 0.37330066 -0.48392761
1464106341.71028 -9.90508386 1.81764256 -7.53636148 -0.28773377 0.73600938 0.36923159 -0.48904754
1464106341.82759 -10.11283195 1.87634368 -7.67852643 -0.30318450 0.72628599 0.36493198 -0.49740574
1464106341.98762 -10.36813162 1.90362155 -7.89444295 -0.30612427 0.71812749 0.36644443 -0.50626012
1464106342.11137 -10.54937950 1.92117031 -8.04588287 -0.30114335 0.72286173 0.36635008 -0.50256465
1464106342.30986 -10.90447501 2.01406759 -8.24639358 -0.29871841 0.72160126 0.36249998 -0.50857909
1464106342.54950 -11.32890247 2.05868393 -8.53096950 -0.29619001 0.72424149 0.35606928 -0.51084284
1464106342.75032 -11.63402405 2.07865059 -8.77624899 -0.29692327 0.72978629 0.35376399 -0.50408292
1464106342.90763 -11.90500313 2.15216590 -8.92468309 -0.31003308 0.71842750 0.35585604 -0.51098717
1464106343.02770 -12.11838056 2.20475102 -9.05446703 -0.32219302 0.70945423 0.35916968 -0.51367645
1464106343.10854 -12.23996916 2.21803950 -9.15846707 -0.32554062 0.70650444 0.35821135 -0.51629392
1464106343.26777 -12.47876799 2.22899539 -9.36144932 -0.32271938 0.70782644 0.34922308 -0.52237647
1464106343.38778 -12.66649403 2.26458031 -9.48352415 -0.31276120 0.70453593 0.35341041 -0.53001003
1464106343.46820 -12.80223937 2.30156625 -9.55655024 -0.31483793 0.70194398 0.35271491 -0.53267618
1464106343.58793 -13.01529331 2.34801569 -9.67768132 -0.32102262 0.70358943 0.34723057 -0.53041241
1464106343.71051 -13.20919487 2.36971804 -9.81756577 -0.31961727 0.70960906 0.34921316 -0.52187158
1464106343.78776 -13.32708918 2.37593995 -9.91445605 -0.31909138 0.70778787 0.35580548 -0.52021100
1464106343.91031 -13.49788077 2.38699861 -10.05705788 -0.31697087 0.71167518 0.35202623 -0.51877301
1464106344.06788 -13.74441937 2.44136064 -10.21871892 -0.34401926 0.69875542 0.34020133 -0.52692948
1464106344.18790 -13.93910543 2.49489099 -10.34524346 -0.35429717 0.68945595 0.33574427 -0.53516334
1464106344.26782 -14.05519336 2.51781368 -10.43627410 -0.35469802 0.67792788 0.34359406 -0.54456058
1464106344.34784 -14.16788102 2.52965464 -10.53643726 -0.35345134 0.67634634 0.33132611 -0.55484303
1464106344.42791 -14.27807297 2.53680373 -10.63533017 -0.35313135 0.67631206 0.31837382 -0.56261742
1464106344.51025 -14.38231393 2.54780487 -10.72251454 -0.35732542 0.65935744 0.32104831 -0.57835482
1464106344.62799 -14.55058058 2.58609032 -10.84587477 -0.35609018 0.65991071 0.30778197 -0.58565169
1464106344.78837 -14.81174597 2.64764374 -10.99553344 -0.35927238 0.65876621 0.29910839 -0.58947825
1464106344.98802 -15.11844121 2.69621874 -11.22819813 -0.35248377 0.66261060 0.30692003 -0.58523712
1464106345.18803 -15.40264972 2.74256778 -11.45855027 -0.34719637 0.67003681 0.30588049 -0.58046747
1464106345.31039 -15.58861102 2.80000479 -11.58090117 -0.35111430 0.66522834 0.30642606 -0.58334644
1464106345.42784 -15.77712631 2.85645706 -11.71439442 -0.36639681 0.65633154 0.30314202 -0.58573645
1464106345.54807 -15.94235668 2.89916732 -11.87027543 -0.37038933 0.65502373 0.30155608 -0.58550798
1464106345.66828 -16.10025063 2.93330521 -12.03248612 -0.36328836 0.66337293 0.30000742 -0.58133766
1464106345.82916 -16.30568952 3.00084700 -12.22733785 -0.35861047 0.66787714 0.30105898 -0.57853448
1464106345.98995 -16.51965179 3.09569936 -12.41418164 -0.36975858 0.66938872 0.29421582 -0.57326641
1464106346.07110 -16.61991577 3.13863280 -12.52717809 -0.38755444 0.68052483 0.27341198 -0.55850998
1464106346.18807 -16.74933994 3.19968981 -12.71303079 -0.39493486 0.69889378 0.26466330 -0.53434753
1464106346.31155 -16.85926177 3.26867540 -12.89652851 -0.40161688 0.71197114 0.26652790 -0.51065042
1464106346.42837 -16.95973157 3.35299914 -13.07464310 -0.40853540 0.72109325 0.26667484 -0.49194297
1464106346.55129 -17.05547924 3.46113717 -13.24897226 -0.41333891 0.72892853 0.26618502 -0.47640285
1464106346.71091 -17.16948547 3.60926203 -13.48486344 -0.41594863 0.73376384 0.26318572 -0.46830613
1464106346.86819 -17.25354799 3.74098609 -13.72500478 -0.41051076 0.73840210 0.26328103 -0.46575353
1464106347.02829 -17.32829529 3.87310318 -13.95837636 -0.40806176 0.75002435 0.26687034 -0.44691084
1464106347.14806 -17.38728512 3.98957187 -14.12386832 -0.41335897 0.75760116 0.26506984 -0.43001491
1464106347.26823 -17.44657881 4.11811344 -14.29158973 -0.41211896 0.76709109 0.26335350 -0.41517967
1464106347.38825 -17.48650078 4.24222148 -14.46923590 -0.40531793 0.77848344 0.27224077 -0.39441840
1464106347.51105 -17.50382984 4.35314625 -14.65109384 -0.40152686 0.78890725 0.27504582 -0.37516839
1464106347.62811 -17.50331204 4.47066493 -14.82473406 -0.40228048 0.79274755 0.27891205 -0.36322142
1464106347.74822 -17.49061834 4.60941013 -14.98576123 -0.40502598 0.79551277 0.28073080 -0.35256716
1464106347.82807 -17.47652759 4.71288124 -15.09343600 -0.40624814 0.79616832 0.28022032 -0.35007860
1464106347.91077 -17.44976668 4.81564681 -15.19981947 -0.40058715 0.79997836 0.28255483 -0.34601637
1464106347.98830 -17.41533087 4.90624871 -15.30413137 -0.39291045 0.80131511 0.28953203 -0.34595763
1464106348.06918 -17.37902430 4.99222973 -15.41137444 -0.38864748 0.80413183 0.29138849 -0.34266294
1464106348.15142 -17.34490963 5.07087201 -15.51323685 -0.38825331 0.80697342 0.29140520 -0.33635738
1464106348.23146 -17.31456262 5.15673196 -15.60746467 -0.38872912 0.80934554 0.29389633 -0.32783292
1464106348.31068 -17.28858345 5.24886527 -15.69130314 -0.39225475 0.81039369 0.29994690 -0.31532544
1464106348.38835 -17.26364676 5.35061258 -15.78007213 -0.39844053 0.80897140 0.30473387 -0.30650887
1464106348.46965 -17.23463029 5.44766459 -15.87484130 -0.39753129 0.81490629 0.29867534 -0.29780809
1464106348.54825 -17.19837254 5.53800150 -15.96671192 -0.39079466 0.81756936 0.30846918 -0.28932099
1464106348.62873 -17.15360167 5.62040565 -16.06379937 -0.38615005 0.82102468 0.30985792 -0.28424406
1464106348.70837 -17.10357215 5.69399422 -16.15876819 -0.38577661 0.82699832 0.30737125 -0.26976488
1464106348.78838 -17.05303980 5.76571361 -16.24309123 -0.38563761 0.82577404 0.31702547 -0.26244184
1464106348.87133 -17.00026835 5.84027062 -16.32750088 -0.38816504 0.82655080 0.31742627 -0.25569950
1464106348.94978 -16.94325615 5.92174314 -16.40375940 -0.39216402 0.82570378 0.32001125 -0.24902499
1464106349.02850 -16.87963769 6.00791089 -16.47729466 -0.39148121 0.82557531 0.32279588 -0.24692245
1464106349.10870 -16.80719100 6.09605743 -16.55433300 -0.38846749 0.83206985 0.31421568 -0.24087605
1464106349.18893 -16.73114578 6.17984479 -16.62608122 -0.38046551 0.83532015 0.31997832 -0.23473415
1464106349.26843 -16.65581024 6.25712230 -16.69464615 -0.37274747 0.83677652 0.32546992 -0.23437941
1464106349.34941 -16.58065839 6.32884733 -16.76563845 -0.36891858 0.84166105 0.32521542 -0.22302621
1464106349.42857 -16.51094647 6.39980627 -16.83187454 -0.36823021 0.84340633 0.32871495 -0.21217624
1464106349.51103 -16.45007193 6.47672678 -16.89448700 -0.36763446 0.84547979 0.33218173 -0.19915855
1464106349.58849 -16.39026982 6.55779447 -16.95544500 -0.37113097 0.84663666 0.33287409 -0.18618004
1464106349.66877 -16.33172366 6.64303317 -17.01598425 -0.37208116 0.84857542 0.33172428 -0.17729741
1464106349.78846 -16.24847660 6.76666008 -17.11376840 -0.36823734 0.85282902 0.33072263 -0.16645262
1464106349.86851 -16.18124810 6.84074113 -17.17901153 -0.36269410 0.85435985 0.33813552 -0.15552045
1464106349.98859 -16.07653415 6.94180696 -17.27710012 -0.35676251 0.85886962 0.33984166 -0.13989688
1464106350.11135 -15.96641515 7.03366627 -17.36790442 -0.35486878 0.86157119 0.34310019 -0.11851367
1464106350.22863 -15.85373944 7.12508581 -17.44732478 -0.35501782 0.86337993 0.34376294 -0.10180611
1464106350.34919 -15.72980336 7.22582554 -17.51430938 -0.35365901 0.86495916 0.34448009 -0.09002459
1464106350.46987 -15.58451435 7.33040794 -17.57649979 -0.34733536 0.87206987 0.33598040 -0.07726226
1464106350.58860 -15.43326440 7.42780564 -17.63347520 -0.34099425 0.87335819 0.34212211 -0.06261673
1464106350.71134 -15.28678255 7.51322504 -17.68868277 -0.32829572 0.88050002 0.33891037 -0.04562238
1464106350.82871 -15.14471366 7.59719896 -17.73566414 -0.32205347 0.88190161 0.34372091 -0.01967357
1464106350.94848 -15.01097092 7.68241193 -17.77861830 -0.32138217 0.88383803 0.33983997 0.00725541
1464106351.06861 -14.88116116 7.77222517 -17.82029029 -0.31783329 0.88683673 0.33433051 0.02693928
1464106351.22867 -14.71315986 7.89134275 -17.87809936 -0.31448588 0.88916128 0.32978258 0.04164498
1464106351.38865 -14.53479858 7.98735536 -17.92688056 -0.30139174 0.88732977 0.34430227 0.05713875
1464106351.54855 -14.36683504 8.05583887 -17.96860658 -0.29876907 0.88780045 0.34201383 0.07465888
1464106351.71127 -14.19950694 8.12535550 -17.98753082 -0.30114280 0.88739582 0.33717523 0.09030241
1464106351.86985 -14.03555492 8.19564047 -17.98558199 -0.29805714 0.88765123 0.33895482 0.09136114
1464106352.02874 -13.86502642 8.24525114 -17.96559857 -0.29399852 0.88573641 0.34773854 0.09007660
1464106352.18871 -13.69946353 8.26673542 -17.93581187 -0.28327432 0.88809030 0.34863968 0.09747643
1464106352.35004 -13.55947271 8.27639996 -17.88682353 -0.28171555 0.88919513 0.34174915 0.11478632
1464106352.54875 -13.40234616 8.26340476 -17.81608406 -0.28078166 0.89047892 0.33209939 0.13386165
1464106352.74868 -13.24924891 8.22383032 -17.71091589 -0.26130894 0.89614583 0.32084831 0.16030174
1464106352.94964 -13.11139489 8.16535173 -17.57770546 -0.25105278 0.89089753 0.33080713 0.18395851
1464106353.14977 -12.97965261 8.09472330 -17.44821318 -0.24928948 0.88866218 0.32132195 0.21186433
1464106353.35196 -12.84494274 8.02436473 -17.29675063 -0.24648357 0.88881699 0.31204127 0.22777279
1464106353.54885 -12.70507589 7.94774807 -17.12839218 -0.24062935 0.88431495 0.32171331 0.23787628
1464106353.74894 -12.57678636 7.85679694 -16.95967012 -0.23253616 0.88471713 0.31758074 0.24968985
1464106353.95129 -12.47864683 7.76637587 -16.78348212 -0.23544712 0.88185260 0.30949081 0.26667600
1464106354.14890 -12.38813498 7.66439039 -16.60762094 -0.22715579 0.87969927 0.30983239 0.28023798
1464106354.31116 -12.30298816 7.58354010 -16.45771099 -0.22136957 0.87007372 0.32065581 0.30190575
1464106354.46901 -12.19366900 7.51184155 -16.31122879 -0.22133053 0.86414855 0.31506916 0.32402393
1464106354.62898 -12.06783302 7.45783325 -16.17998115 -0.22393683 0.86258189 0.30723952 0.33377937
1464106354.74896 -11.95813223 7.41884203 -16.07480947 -0.22331915 0.86210191 0.30545288 0.33705696
1464106354.86901 -11.83667232 7.38122924 -15.96188394 -0.21812850 0.85865897 0.31209701 0.34310375
1464106354.98936 -11.70559222 7.34325477 -15.86293562 -0.21458120 0.85403862 0.30721264 0.36082313
1464106355.10907 -11.57568607 7.32417021 -15.77778591 -0.21410799 0.85213296 0.29171139 0.37806302
1464106355.22904 -11.43892722 7.31833186 -15.69435186 -0.21091887 0.84896068 0.28201208 0.39401546
1464106355.34922 -11.28875484 7.31126833 -15.62004611 -0.20366364 0.85095438 0.27363078 0.39940450
1464106355.46982 -11.13021874 7.30432744 -15.53478474 -0.18882030 0.84762730 0.27603217 0.41192365
1464106355.58933 -10.97384512 7.28452582 -15.45237216 -0.18314948 0.84108489 0.27744013 0.42668425
1464106355.71198 -10.83248873 7.25619246 -15.37684597 -0.18093374 0.83492951 0.28063793 0.43749063
1464106355.82898 -10.68392630 7.22807962 -15.29228062 -0.17905890 0.83241805 0.27129661 0.44879422
1464106355.94896 -10.53465208 7.20852730 -15.18436633 -0.17586335 0.82843814 0.26686862 0.45993855
1464106356.02912 -10.42456788 7.18693485 -15.10238360 -0.16801918 0.82700163 0.26484189 0.46657971
1464106356.10917 -10.30940250 7.16117449 -15.01693644 -0.16105135 0.82260480 0.26269669 0.47788519
1464106356.22920 -10.13722237 7.10621749 -14.88553535 -0.14521832 0.81705979 0.26151298 0.49288528
1464106356.34918 -9.97393247 7.06544857 -14.76945677 -0.13392042 0.80814347 0.26102040 0.51072282
1464106356.46918 -9.80864254 7.04198676 -14.65036755 -0.12583807 0.79702992 0.25971547 0.53052424
1464106356.59042 -9.63210423 7.03930907 -14.53065238 -0.11630941 0.78872526 0.24755292 0.55054712
1464106356.70920 -9.43718314 7.04082629 -14.41603150 -0.10154936 0.78248146 0.24052293 0.56529568
1464106356.82945 -9.24665784 7.03587397 -14.32735270 -0.09052879 0.77160248 0.24040948 0.58192563
1464106356.94964 -9.05462944 7.01971067 -14.23692731 -0.08698178 0.75926747 0.23981337 0.59869578
1464106357.07039 -8.86934459 7.00091529 -14.14776018 -0.08501602 0.74571290 0.23847183 0.61629192
1464106357.19240 -8.68068866 6.99618560 -14.03222641 -0.08103509 0.73705864 0.22987452 0.63034561
1464106357.31236 -8.49079815 6.99862150 -13.90883766 -0.08071586 0.72770985 0.22183500 0.64398181
1464106357.38971 -8.35379360 6.99171717 -13.82645676 -0.07325319 0.72723762 0.21292312 0.64840046
1464106357.51237 -8.15440951 6.96481333 -13.70547350 -0.06445272 0.71964163 0.21282771 0.65777362
1464106357.62923 -7.97059712 6.92895243 -13.59218879 -0.05210325 0.70147706 0.21662610 0.67696996
1464106357.74918 -7.79495176 6.90932822 -13.47446099 -0.04976461 0.68492083 0.21940909 0.69301269
1464106357.86938 -7.61764506 6.90719954 -13.34926028 -0.04487052 0.67527674 0.21110830 0.70528097
1464106357.98927 -7.42323178 6.89743470 -13.22662295 -0.03444267 0.67125073 0.20381664 0.71182508
1464106358.11576 -7.21857508 6.86486531 -13.10594559 -0.01886946 0.65922336 0.20342146 0.72366306
1464106358.31194 -6.90138861 6.79078005 -12.90851439 -0.00456840 0.62920456 0.19772894 0.75165419
1464106358.51028 -6.60688264 6.74804335 -12.67206093 0.00205757 0.60754906 0.18507976 0.77241530
1464106358.71116 -6.29733049 6.68484923 -12.42189885 0.00591172 0.59339882 0.16717318 0.78733476
1464106358.87080 -6.05815407 6.59541149 -12.24430857 0.01806726 0.57392850 0.16598097 0.80170441
1464106359.02944 -5.82914653 6.53571751 -12.05737935 0.02840596 0.54871516 0.16443564 0.81918600
1464106359.18941 -5.59844195 6.50381933 -11.84735298 0.04113897 0.53613234 0.15217842 0.82928368
1464106359.31247 -5.39343831 6.47346752 -11.70783091 0.04783705 0.52591279 0.14781333 0.83622878
1464106359.42943 -5.21075296 6.41645828 -11.56529228 0.05618635 0.49758882 0.14602268 0.85318570
1464106359.51176 -5.09998573 6.37230520 -11.47226745 0.06669912 0.47722535 0.14889988 0.86350219
1464106359.62977 -4.93932527 6.31585350 -11.31736456 0.08071991 0.45690788 0.14649081 0.87364748
1464106359.83249 -4.65498914 6.25496588 -11.02890874 0.08745587 0.44361684 0.12126381 0.88365754
1464106360.02953 -4.36288383 6.14016672 -10.77691792 0.09574384 0.42340326 0.12659533 0.89192848
1464106360.23158 -4.09454007 6.03426727 -10.53863165 0.11566567 0.39647225 0.12794775 0.90169872
1464106360.42992 -3.79706500 5.97699576 -10.26727305 0.13199449 0.37824555 0.11018808 0.90959681
1464106360.58961 -3.54488529 5.88568148 -10.07343083 0.14033170 0.34984446 0.10031482 0.92078923
1464106360.74964 -3.32834448 5.78046066 -9.89206775 0.15709864 0.30975453 0.09401612 0.93302364
1464106360.98968 -3.04084708 5.68617883 -9.54306803 0.17528436 0.27499794 0.06246709 0.94326528
1464106361.26969 -2.63765380 5.50192819 -9.18884474 0.18152267 0.24846282 0.04624726 0.95035622
1464106361.50983 -2.33617776 5.39342037 -8.86209617 0.19385659 0.20617222 0.04459420 0.95808350
1464106361.70972 -2.05531442 5.30523169 -8.58343375 0.18749872 0.16804943 0.02129634 0.96754849
1464106361.86973 -1.86787862 5.18935984 -8.39090673 0.19400166 0.11592650 0.01189887 0.97405483
1464106362.06971 -1.67330089 5.08718958 -8.08702411 0.20503265 0.07260400 -0.00203387 0.97605642
1464106362.34978 -1.40101433 4.85252064 -7.65075705 0.21330156 0.05309923 -0.01985759 0.97534024
1464106362.58986 -1.19516298 4.64112468 -7.32201773 0.21823567 0.01136597 -0.00664888 0.97580726
1464106362.82984 -0.98136026 4.43972783 -6.92342959 0.23418919 -0.00248206 -0.02935874 0.97174448
1464106363.06988 -0.80776453 4.17477196 -6.57304949 0.24085379 -0.04269827 -0.04382843 0.96863067
1464106363.31237 -0.69538885 3.97970837 -6.12165112 0.23132586 -0.07833667 -0.06809500 0.96732351
1464106363.62983 -0.54959204 3.59300917 -5.60253516 0.23283504 -0.09477824 -0.04634958 0.96677642
1464106363.91270 -0.40582894 3.32139588 -5.07576720 0.22241026 -0.10464143 -0.06224609 0.96732067
1464106364.14988 -0.28253362 3.00805407 -4.68165174 0.22602186 -0.13925247 -0.05790130 0.96237743
1464106364.35003 -0.22690452 2.80118288 -4.33221150 0.21941481 -0.16546507 -0.06153013 0.95952722
1464106364.55006 -0.16372336 2.57849830 -3.94796988 0.21907063 -0.14762739 -0.08860935 0.96039710
1464106364.75042 -0.08538996 2.30735457 -3.63215575 0.21840195 -0.14777189 -0.06515928 0.96240237
1464106364.91311 -0.03575033 2.12519810 -3.33332699 0.20326012 -0.14617096 -0.05948066 0.96632367
1464106365.07006 0.00574734 1.94875754 -3.03338918 0.21236640 -0.13283922 -0.07375040 0.96530572
1464106365.23019 0.04908865 1.73104900 -2.75855569 0.21346576 -0.13612247 -0.07409356 0.96457928
1464106365.39012 0.07640055 1.53608727 -2.50364110 0.19138159 -0.14839995 -0.07391222 0.96741280
1464106365.51327 0.07430926 1.41234492 -2.29403892 0.18525938 -0.16000558 -0.07303118 0.96682140
1464106365.63044 0.06798953 1.29161928 -2.07099177 0.18642293 -0.15819254 -0.08577596 0.96584890
1464106365.75004 0.06115561 1.15834423 -1.87369093 0.18821612 -0.16061334 -0.07748806 0.96580208
1464106365.87074 0.05596371 1.02494092 -1.68757274 0.17555970 -0.16974580 -0.06603403 0.96747334
1464106365.99026 0.05539559 0.90959120 -1.53143498 0.15657788 -0.17515001 -0.05710920 0.97033210
1464106366.11329 0.05709851 0.80165111 -1.35330397 0.14951742 -0.17142325 -0.05615548 0.97216520
1464106366.23047 0.05540835 0.69218387 -1.16962811 0.15382962 -0.17055213 -0.05722201 0.97158328
1464106366.35020 0.05314969 0.57401377 -0.99039110 0.15562848 -0.17446078 -0.05722537 0.97060212
1464106366.47117 0.04413624 0.48546887 -0.84924204 0.14654710 -0.17169430 -0.05619128 0.97256751
1464106366.59022 0.02561275 0.40711856 -0.70378586 0.13881786 -0.16861056 -0.04327775 0.97489852
1464106366.71320 -0.00382197 0.33918377 -0.54137281 0.12775216 -0.15907978 -0.04015291 0.97814148
1464106366.83017 -0.05175677 0.28729788 -0.41641656 0.12406538 -0.14807811 -0.03405428 0.98057175
1464106366.91250 -0.08218644 0.24785888 -0.32951129 0.11671246 -0.13951533 -0.02835711 0.98290872
1464106366.99030 -0.10498003 0.20005817 -0.23104269 0.10725937 -0.13052920 -0.02003386 0.98542184
1464106367.11252 -0.14341578 0.16344040 -0.15893497 0.09847881 -0.12382294 -0.00594071 0.98738772
1464106367.23029 -0.16480795 0.13075012 -0.07791816 0.09106723 -0.11828102 0.00724762 0.98876885
1464106367.39036 -0.18177564 0.11395421 0.01921610 0.08476254 -0.11351500 0.01694082 0.98976900
1464106367.55028 -0.19649197 0.10606942 0.10741726 0.09988875 -0.10311643 0.01749224 0.98948636
1464106367.71228 -0.22301735 0.10983482 0.18960972 0.10556740 -0.09087585 0.01770234 0.99009279
1464106367.83043 -0.25751252 0.11521103 0.24425137 0.10696599 -0.08006639 0.01934653 0.99084477
1464106367.95031 -0.30317549 0.11910875 0.29344373 0.10639081 -0.06841906 0.02133343 0.99173823
1464106368.07028 -0.35668356 0.12057630 0.33569930 0.10441019 -0.05725644 0.02452899 0.99258176
1464106368.15055 -0.39466553 0.12034390 0.36061542 0.10245199 -0.05050874 0.03006002 0.99299993
1464106368.39041 -0.50654462 0.12283215 0.41667672 0.10334628 -0.03541787 0.04748842 0.99287964
1464106368.51039 -0.55416635 0.12815035 0.43332571 0.11558762 -0.02801978 0.05730118 0.99124718
1464106368.63050 -0.59394079 0.14312517 0.44804794 0.12435195 -0.02558496 0.06429551 0.98982225
1464106368.75037 -0.62463398 0.17244061 0.45906821 0.12452334 -0.02578739 0.07056234 0.98936844
1464106368.91314 -0.64429016 0.22387532 0.47291294 0.11787046 -0.02942566 0.07484723 0.98976693
1464106369.07432 -0.63048626 0.26745615 0.48070988 0.11439822 -0.03408531 0.07870721 0.98972542
1464106369.23049 -0.59313226 0.30293298 0.48949937 0.11323503 -0.04070737 0.07383468 0.98998443
1464106369.35068 -0.55350402 0.32989085 0.49464050 0.10530044 -0.04867341 0.06871474 0.99086881
1464106369.47044 -0.50701214 0.35451921 0.49936407 0.10163188 -0.05814513 0.06223969 0.99116917
1464106369.59051 -0.45389467 0.37518787 0.50262518 0.09955044 -0.06757298 0.05576467 0.99116795
1464106369.71305 -0.39711916 0.38765926 0.50744864 0.10078674 -0.07237738 0.05058913 0.99098148
1464106369.83063 -0.33841837 0.39762547 0.51516253 0.10023833 -0.07393357 0.04575947 0.99115699
1464106369.95143 -0.27896051 0.40389792 0.52152586 0.10183344 -0.07294656 0.04197066 0.99123520
1464106370.07076 -0.22072688 0.40568989 0.52117374 0.10434590 -0.07181930 0.03534958 0.99131444
1464106370.31354 -0.11436281 0.38591000 0.50974826 0.10164835 -0.06372390 0.01682261 0.99263482
1464106370.43064 -0.07204800 0.35786906 0.50026785 0.10384881 -0.05813296 0.01224028 0.99281728
1464106370.55067 -0.03709654 0.32259223 0.48943024 0.10833003 -0.05535850 0.01366704 0.99247834
1464106370.67108 -0.00646167 0.28266090 0.47413096 0.11457835 -0.05085987 0.01382456 0.99201510
1464106370.83076 0.01877319 0.23316065 0.44946625 0.11720053 -0.04803826 0.00977761 0.99189755
1464106371.03074 0.01676044 0.18428904 0.41870608 0.11002566 -0.04417232 -0.00187123 0.99294494
1464106371.19080 -0.01193604 0.14274071 0.39605785 0.11215468 -0.03632985 0.00226988 0.99302383
1464106371.31436 -0.05186096 0.11287346 0.38174161 0.11122313 -0.03277852 0.00704005 0.99322979
1464106371.43077 -0.10293742 0.08528013 0.36659415 0.11076618 -0.03034309 0.01582606 0.99325711
1464106371.55078 -0.16142221 0.05946979 0.35251703 0.11325078 -0.02774305 0.02549005 0.99285187
1464106371.67101 -0.22218946 0.04426430 0.34352038 0.11469380 -0.02915179 0.03076112 0.99249648
1464106371.79086 -0.27836070 0.03905861 0.33946567 0.11173835 -0.03309547 0.03436636 0.99259165
1464106371.95153 -0.33729821 0.03649517 0.33417938 0.10841295 -0.03860890 0.04248497 0.99244698
1464106372.23087 -0.39469203 0.05173777 0.30986771 0.10104280 -0.03225743 0.04288934 0.99343360
1464106372.59092 -0.41402155 0.10080603 0.24104276 0.09970026 -0.03518004 0.03902420 0.99362937
1464106372.75083 -0.40426882 0.14351218 0.19937739 0.09266019 -0.05076842 0.03433245 0.99380981
1464106372.91396 -0.37381558 0.19579747 0.16539789 0.07552052 -0.06628992 0.02577645 0.99460438
1464106373.07094 -0.32528520 0.23329316 0.14867675 0.06765207 -0.07752228 0.01722040 0.99454359
1464106373.27090 -0.26485788 0.24851813 0.15382452 0.06882507 -0.08134659 0.01321211 0.99421893
1464106373.55114 -0.21642701 0.25136788 0.22546206 0.08363141 -0.07620070 -0.00051459 0.99357887
1464106373.75086 -0.20995974 0.25451765 0.31858938 0.08872626 -0.07241587 0.00246877 0.99341708
1464106373.95396 -0.20835031 0.26177850 0.41683361 0.08820848 -0.06087122 0.01400578 0.99414174
1464106374.11385 -0.20622847 0.27192853 0.49437326 0.07811781 -0.05218478 0.02222929 0.99532920
1464106374.31308 -0.19819487 0.26383478 0.57784001 0.07763041 -0.04020713 0.03789981 0.99544990
1464106374.55115 -0.17001316 0.23335509 0.63759059 0.08334598 -0.02179382 0.04815036 0.99511809
1464106374.71414 -0.14368581 0.20159096 0.63535296 0.08843732 -0.01359903 0.04976422 0.99474491
1464106374.83260 -0.11867395 0.17575732 0.61641209 0.09238304 -0.00750474 0.04806765 0.99453434
1464106374.95110 -0.09405597 0.14947617 0.58826821 0.09856570 -0.00278541 0.04533610 0.99409340
1464106375.11119 -0.07105844 0.12102046 0.54077179 0.10352069 -0.00039043 0.03757019 0.99391740
1464106375.43183 -0.07076447 0.08069393 0.41402822 0.12670526 -0.00828757 0.02751095 0.99152420
1464106375.59119 -0.10374792 0.06924767 0.34593334 0.13457249 -0.01631738 0.02156737 0.99053462
1464106375.75395 -0.16470553 0.06657112 0.29257432 0.13723236 -0.01929138 0.01605932 0.99022079
1464106375.87128 -0.23039618 0.07484746 0.26714817 0.13093667 -0.01861928 0.01471120 0.99110670
1464106375.99129 -0.30388606 0.08354109 0.24582307 0.12718025 -0.01660793 0.02396023 0.99145109
1464106376.11372 -0.37729693 0.09264733 0.23341893 0.13014406 -0.01566615 0.03777720 0.99065129
1464106376.23122 -0.44480616 0.10880966 0.23154433 0.13282120 -0.01530637 0.04791605 0.98986277
1464106376.35133 -0.50407841 0.13278709 0.23519950 0.13115925 -0.01773794 0.05483100 0.98968489
1464106376.47128 -0.55134118 0.15981221 0.24314965 0.12957231 -0.02226338 0.05996595 0.98950465
1464106376.63126 -0.57792634 0.19418064 0.26058885 0.13213190 -0.03380972 0.06790068 0.98832563
1464106376.79131 -0.56467413 0.24034279 0.27593474 0.13327851 -0.05263378 0.06033306 0.98783928
1464106376.91418 -0.52904410 0.27847264 0.29190159 0.14158068 -0.06011367 0.04982347 0.98684288
1464106377.03145 -0.48138859 0.32205611 0.31732474 0.13966550 -0.06465500 0.04033112 0.98726221
1464106377.15138 -0.42811957 0.36437791 0.34515064 0.13560940 -0.06992747 0.02708089 0.98792048
1464106377.27149 -0.37088528 0.39416411 0.36874088 0.13592061 -0.07540111 0.02091053 0.98762493
1464106377.39148 -0.30932287 0.41402509 0.39151019 0.13585561 -0.07675615 0.01474459 0.98764080
1464106377.51423 -0.24593200 0.42394244 0.41141972 0.13948846 -0.08014910 0.01319509 0.98688651
1464106377.63169 -0.17828553 0.42771901 0.42919528 0.14168277 -0.08018356 0.00960756 0.98661253
1464106377.75236 -0.10861323 0.42481287 0.43713009 0.13771604 -0.07677210 0.00545449 0.98747688
1464106377.87146 -0.03907573 0.40630570 0.43760161 0.13811406 -0.07019319 0.00260008 0.98792240
1464106377.99140 0.02234756 0.37656805 0.43397223 0.14248091 -0.06265357 -0.00229243 0.98780993
1464106378.11416 0.07094734 0.34034679 0.42586418 0.14782266 -0.05864613 -0.00545387 0.98725850
1464106378.23374 0.10968651 0.30043359 0.41327377 0.14942069 -0.05480408 -0.00693469 0.98722940
1464106378.35141 0.13844229 0.25483117 0.39455940 0.15147038 -0.05100322 -0.00717099 0.98711903
1464106378.51157 0.15037372 0.19450260 0.36467971 0.15874992 -0.05215475 -0.01116739 0.98587709
1464106378.71153 0.11043515 0.15027466 0.33654425 0.14481005 -0.06094914 -0.02251770 0.98732376
1464106378.87157 0.05470803 0.11439471 0.33142079 0.13314549 -0.06160666 -0.01684363 0.98903650
1464106378.99165 0.00792822 0.08150484 0.34012943 0.13168035 -0.05776730 -0.00536114 0.98959309
1464106379.11162 -0.04076084 0.05096438 0.35942239 0.13024206 -0.05269655 0.01126061 0.99001681
1464106379.23158 -0.08766710 0.03174220 0.38848731 0.12020907 -0.04616622 0.01952942 0.99148225
1464106379.35268 -0.13188934 0.02154115 0.42277744 0.11729871 -0.04133346 0.02602851 0.99189469
1464106379.47217 -0.17123925 0.02241000 0.45892724 0.11230811 -0.03510752 0.02937132 0.99261859
1464106379.59165 -0.20561284 0.03144452 0.49327050 0.10466882 -0.02881809 0.03141760 0.99359292
1464106379.71461 -0.23652047 0.04263676 0.52236298 0.09791052 -0.02349325 0.03391235 0.99433976
1464106379.87223 -0.27268849 0.05881964 0.55715360 0.09085849 -0.01848579 0.03639864 0.99502671
1464106380.07426 -0.30977284 0.06882792 0.57936442 0.08838026 -0.01579709 0.04627831 0.99488577
1464106380.47219 -0.34795855 0.08598708 0.53087899 0.09587116 -0.03194477 0.04634249 0.99380110
1464106380.67169 -0.34335174 0.10235711 0.47328650 0.11030447 -0.04380153 0.04231019 0.99203034
1464106380.83178 -0.32612943 0.12635587 0.41178374 0.11338038 -0.04782256 0.03695218 0.99171187
1464106380.99179 -0.30834685 0.16212600 0.34348305 0.10718962 -0.05588534 0.02607285 0.99232425
1464106381.19174 -0.27986363 0.20366185 0.29300554 0.09766919 -0.05474913 0.01694614 0.99356736
1464106381.59221 -0.27280111 0.19327050 0.37515221 0.08530944 -0.03291815 0.03491001 0.99519847
1464106381.79188 -0.29162442 0.15926350 0.46335868 0.07778676 -0.02085779 0.04755096 0.99561693
1464106381.95304 -0.31129412 0.12490465 0.53155255 0.08013891 -0.01418199 0.05314564 0.99526487
1464106382.27194 -0.33454753 0.04352043 0.62730633 0.09912648 -0.01087535 0.06208467 0.99307661
1464106382.43197 -0.33301055 0.00588581 0.64509416 0.10670309 -0.01298256 0.06207972 0.99226610
