1463162903.41413 -0.00000989 0.00000250 0.00000231 0.00000019 0.00000238 -0.00000463 1.00000000
1463162904.18081 -0.00236013 -0.00550993 -0.01513933 -0.00056365 -0.00293217 0.02020646 0.99979137
1463162904.94751 0.00041784 -0.02409851 -0.00428488 -0.00805102 0.03241907 0.06444317 0.99736215
1463162905.18105 0.00760713 -0.02390645 -0.00494730 -0.01607585 0.08180490 0.01777931 0.99636009
1463162905.98109 0.00209441 -0.04065124 0.05159204 -0.01102474 0.08753515 0.03709000 0.99540966
1463162906.21417 0.01586851 -0.05791239 0.09738993 0.01248399 0.06193379 0.05708545 0.99636821
1463162906.38138 0.02874212 -0.07097470 0.13458254 0.02378856 0.03417797 0.07092443 0.99661211
1463162906.61424 0.04357592 -0.08394715 0.18254033 0.03048663 0.00663287 0.04266449 0.99860218
1463162906.94762 0.03896847 -0.08341804 0.23928917 0.01819222 -0.01248874 0.05661032 0.99815247
1463162907.18114 0.01335133 -0.07552136 0.27744734 0.00722496 -0.02350579 0.04644397 0.99861816
1463162907.41693 -0.01627163 -0.07938383 0.32027980 -0.00278092 -0.00601843 0.04611598 0.99891409
1463162907.54784 -0.03593511 -0.07816476 0.34648594 -0.02533910 0.01520967 0.01110359 0.99950153
1463162907.75032 -0.06807899 -0.07581021 0.38096252 -0.03904754 0.02956386 0.03361570 0.99823407
1463162907.98106 -0.10366007 -0.06942133 0.40649139 -0.05710269 0.04607824 0.05719185 0.99566318
1463162908.18106 -0.13605612 -0.05296765 0.40944102 -0.08277697 0.05697738 0.05431387 0.99345435
1463162908.38133 -0.16925401 -0.03929136 0.40031571 -0.10025346 0.06542347 0.06538150 0.99065346
1463162908.61437 -0.20280496 -0.02527721 0.37835744 -0.11224884 0.05456663 0.06451416 0.99008111
1463162908.78105 -0.22572100 -0.01135141 0.35265836 -0.12731814 0.03442201 0.07212283 0.98863720
1463162908.94777 -0.24861227 0.00094349 0.31797160 -0.13127433 0.01250907 0.06217868 0.98931511
1463162909.11441 -0.26556416 0.01598656 0.27622019 -0.14733009 -0.00104500 0.06104000 0.98720154
1463162909.31466 -0.27760165 0.03054705 0.22201633 -0.15684913 -0.00982630 0.05937109 0.98578744
1463162909.54779 -0.27745350 0.05327429 0.16426077 -0.17290192 -0.00269295 0.05811315 0.98321947
1463162909.81455 -0.26175367 0.08318445 0.10993539 -0.19098855 -0.00137719 0.05789395 0.97988253
1463162910.04790 -0.22420565 0.10505155 0.05960651 -0.18494224 0.00760693 0.07282463 0.98001790
1463162910.21529 -0.18618704 0.11835000 0.01904708 -0.16960510 0.02597909 0.08377249 0.98160143
1463162910.41659 -0.14208292 0.12714723 -0.03400491 -0.18099697 0.04102069 0.09761185 0.97776752
1463162910.58143 -0.09823574 0.12461697 -0.07016965 -0.20535753 0.05205041 0.13818070 0.96748392
1463162910.74995 -0.05300758 0.10810872 -0.08695842 -0.18817472 0.04014712 0.13524654 0.97195003
1463162910.88134 -0.01450754 0.09429036 -0.09044441 -0.15772239 0.02369827 0.14780627 0.97607138
1463162911.01484 0.03692420 0.08611385 -0.09639934 -0.14116678 0.02977312 0.14581043 0.97873634
1463162911.14822 0.08915768 0.07503473 -0.10407186 -0.14312281 0.05360880 0.14140054 0.97808376
1463162911.28148 0.12926265 0.04188948 -0.11075934 -0.12750050 0.06844145 0.14259945 0.97914493
1463162911.41708 0.15741840 -0.00410265 -0.11308144 -0.11367215 0.07648265 0.15750043 0.97796864
1463162911.58368 0.17468999 -0.06090899 -0.10790242 -0.11185356 0.08269031 0.16476464 0.97647514
1463162911.75054 0.17083644 -0.10352540 -0.09490533 -0.14099728 0.07079911 0.15146187 0.97579022
1463162911.88175 0.15160105 -0.13274148 -0.07701022 -0.15239816 0.03858990 0.13476897 0.97832660
1463162912.01495 0.12350388 -0.16382081 -0.05500013 -0.15109252 0.01824853 0.12047664 0.98098085
1463162912.18136 0.08780499 -0.20765034 -0.03032641 -0.14981739 0.02130856 0.11268218 0.98204044
1463162912.31509 0.05736407 -0.24439606 -0.01348925 -0.13912123 0.04073009 0.11062064 0.98323416
1463162912.48149 0.01339826 -0.27317798 0.00614435 -0.13709768 0.06247224 0.11891639 0.98140732
1463162912.64808 -0.03618494 -0.28939020 0.02609062 -0.13499763 0.07927655 0.11983841 0.98037219
1463162912.81503 -0.09005374 -0.29766238 0.05687563 -0.13331794 0.10520930 0.11433898 0.97881762
1463162912.94818 -0.14056378 -0.30672429 0.08822415 -0.12499940 0.12214730 0.11159511 0.97826465
1463162913.04815 -0.18192022 -0.32138536 0.11466053 -0.10676910 0.13932881 0.10642040 0.97870452
1463162913.14840 -0.22351099 -0.34004016 0.14255330 -0.10153757 0.15753517 0.11244278 0.97582243
1463162913.25119 -0.26617513 -0.36484166 0.16796713 -0.09270792 0.18194263 0.11577100 0.97205925
1463162913.38172 -0.32349697 -0.39827143 0.19471823 -0.09081906 0.19760934 0.12452853 0.96808837
1463162913.51504 -0.37935864 -0.42198921 0.22078674 -0.09536275 0.21756556 0.13774804 0.96155949
1463162913.61502 -0.42242936 -0.43430487 0.24407027 -0.09321950 0.24274565 0.14331208 0.95490645
1463162913.71513 -0.46782140 -0.44315880 0.26989364 -0.09469368 0.26823811 0.15408841 0.94622312
1463162913.81514 -0.51083421 -0.45455205 0.29284066 -0.09397435 0.30550229 0.16023371 0.93389632
1463162913.91788 -0.55345366 -0.46499870 0.31396406 -0.10220584 0.33399986 0.18259450 0.91905240
1463162914.01514 -0.59268779 -0.47965783 0.33801655 -0.09587475 0.35954897 0.18806954 0.90893477
1463162914.14831 -0.64483854 -0.48708717 0.37814452 -0.09731020 0.38796812 0.19291908 0.89598755
1463162914.25048 -0.68346396 -0.47928173 0.41168410 -0.09891825 0.40877015 0.20447809 0.88391790
1463162914.38204 -0.73227203 -0.46557883 0.45759386 -0.08449255 0.43513801 0.21324305 0.87065683
1463162914.51504 -0.77557796 -0.45215594 0.48993964 -0.07917375 0.46076799 0.22416526 0.85508731
1463162914.64842 -0.82160238 -0.44192281 0.50982247 -0.09488362 0.47530471 0.21645452 0.84748449
1463162914.78201 -0.87997240 -0.42414644 0.53256699 -0.12013671 0.47635502 0.20877881 0.84561485
1463162914.91691 -0.94329622 -0.39734856 0.55163008 -0.15610242 0.46922391 0.20967884 0.84350207
1463162915.01505 -0.98760318 -0.37780908 0.55192198 -0.19216684 0.46915456 0.21193297 0.83549406
1463162915.14857 -1.03701619 -0.35643724 0.53582764 -0.23050309 0.46487561 0.22128451 0.82570706
1463162915.34859 -1.08266263 -0.33501486 0.49827160 -0.22996835 0.44635777 0.22137457 0.83598600
1463162915.54859 -1.10075058 -0.31216001 0.44517197 -0.22246019 0.43455828 0.20739617 0.84773663
1463162915.74847 -1.09008146 -0.29873199 0.38117785 -0.20706626 0.43078311 0.20215524 0.85479982
1463162915.94841 -1.05940832 -0.29215166 0.32812275 -0.19454008 0.42201403 0.19310313 0.86415826
1463162916.14866 -1.00136004 -0.28935546 0.29067716 -0.17589496 0.42263627 0.19672131 0.86702957
1463162916.31593 -0.93251334 -0.27559376 0.27292780 -0.16401820 0.41505868 0.20335674 0.87147596
1463162916.44843 -0.86470003 -0.25571028 0.26183635 -0.15717882 0.41943166 0.19925288 0.87159061
1463162916.61520 -0.78343063 -0.23140989 0.25331125 -0.16505057 0.40737316 0.19527212 0.87674068
1463162916.75057 -0.72022094 -0.21857457 0.24698325 -0.16934815 0.39782472 0.19171482 0.88108009
1463162916.88182 -0.65851971 -0.20135403 0.23799205 -0.17000068 0.38683015 0.20300634 0.88331797
1463162916.98203 -0.60650560 -0.17918180 0.22281139 -0.17197319 0.39282747 0.21600831 0.87718425
1463162917.08195 -0.54880895 -0.15302009 0.20527657 -0.17223019 0.39713804 0.22085711 0.87397956
1463162917.18211 -0.48797634 -0.12522954 0.18269197 -0.17814376 0.40226496 0.22661990 0.86895979
1463162917.28230 -0.42912423 -0.10290815 0.16061478 -0.18381696 0.40288276 0.22827005 0.86705801
1463162917.38206 -0.37388414 -0.08560794 0.14049812 -0.18989512 0.40359967 0.23414925 0.86384100
1463162917.48190 -0.31835372 -0.07035979 0.11627944 -0.19529282 0.41839093 0.24893436 0.85137620
1463162917.58420 -0.26016210 -0.05459913 0.09049461 -0.19242207 0.43689712 0.25942190 0.83952066
1463162917.68191 -0.19848711 -0.03206836 0.06584550 -0.19036805 0.45865169 0.26519373 0.82648104
1463162917.78202 -0.13259371 -0.00375697 0.04610183 -0.19633112 0.47406979 0.25714899 0.81889335
1463162917.88206 -0.06466554 0.02545070 0.02734760 -0.19971104 0.48638464 0.25915023 0.81017692
1463162917.98212 0.00399326 0.05044046 0.00578313 -0.20980682 0.49980305 0.25700726 0.80007829
1463162918.08446 0.07167538 0.06892098 -0.01126787 -0.21007707 0.50636371 0.26114000 0.79452459
1463162918.18201 0.13698578 0.08362364 -0.03218269 -0.21280924 0.51619992 0.26633560 0.78569410
1463162918.28212 0.20221051 0.10189601 -0.05887335 -0.21295305 0.53145552 0.26710137 0.77515346
1463162918.38295 0.26815337 0.12989350 -0.08825638 -0.21190152 0.54510271 0.26896741 0.76525637
1463162918.48189 0.33472675 0.16342719 -0.11975301 -0.21176605 0.55580156 0.26878908 0.75762273
1463162918.54878 0.37911707 0.18439459 -0.14405779 -0.21009934 0.56297328 0.27291395 0.75129044
1463162918.64887 0.44313016 0.20633147 -0.18113858 -0.21163382 0.56490581 0.27473086 0.74874262
1463162918.75158 0.50802925 0.22144865 -0.21896512 -0.21084956 0.57162059 0.27479395 0.74382838
1463162918.84883 0.57262832 0.23517568 -0.25813621 -0.20555265 0.58138259 0.27834052 0.73638913
1463162918.91787 0.61654485 0.24843731 -0.28505871 -0.20295057 0.59082416 0.28171500 0.72826818
1463162918.98211 0.66062587 0.26664806 -0.31263642 -0.20157919 0.60049151 0.28164202 0.72073126
1463162919.04878 0.70528422 0.28885929 -0.34046086 -0.20065516 0.60933095 0.28236557 0.71324819
1463162919.11547 0.75301971 0.31322380 -0.36907920 -0.19865229 0.62007849 0.27955432 0.70561273
1463162919.18220 0.80180566 0.33669861 -0.39904441 -0.19592520 0.63238070 0.27940593 0.69544252
1463162919.25101 0.85325137 0.35676124 -0.43113223 -0.19082067 0.64603592 0.27712114 0.68514884
1463162919.31527 0.90240885 0.37224218 -0.46578767 -0.18411114 0.66058506 0.27857175 0.67240482
1463162919.38225 0.94972579 0.38343548 -0.50126205 -0.17487779 0.67414538 0.28052972 0.66049136
1463162919.44917 0.99549762 0.39408330 -0.53844170 -0.16504652 0.68928444 0.28302677 0.64617525
1463162919.51610 1.03877465 0.40683330 -0.57523257 -0.16168227 0.69775015 0.28728109 0.63598203
1463162919.61548 1.10133028 0.43360389 -0.63176249 -0.15905805 0.71034971 0.28675784 0.62279512
1463162919.71559 1.16324963 0.47067922 -0.69038490 -0.15439911 0.72194602 0.28204879 0.61270168
1463162919.81557 1.22418926 0.50909167 -0.75238969 -0.15230217 0.72638644 0.28241728 0.60778883
1463162919.91829 1.28327199 0.53537568 -0.81782055 -0.15108954 0.72963264 0.28594913 0.60252906
1463162920.01561 1.34711128 0.54845678 -0.88330071 -0.14246610 0.73797238 0.27580530 0.59919247
1463162920.11553 1.40825730 0.56237563 -0.94714291 -0.14224348 0.74243402 0.27373486 0.59466608
1463162920.21574 1.46992462 0.58625846 -1.01142770 -0.14060690 0.75106304 0.26871113 0.58645404
1463162920.31554 1.53245610 0.62557373 -1.07708969 -0.14133864 0.76330542 0.26611639 0.57146329
1463162920.41768 1.60207644 0.66505568 -1.14285285 -0.13698540 0.77370873 0.24968198 0.56592288
1463162920.48220 1.64908257 0.68793945 -1.18963004 -0.12972235 0.78275398 0.23904887 0.55975349
1463162920.58398 1.71428618 0.71197573 -1.26036837 -0.13236048 0.79420799 0.23839388 0.54303105
1463162920.68216 1.77626975 0.72858010 -1.33253292 -0.12907925 0.80504358 0.23665368 0.52843014
1463162920.78227 1.83219693 0.74979794 -1.40804657 -0.13609845 0.81536135 0.22784383 0.51453890
1463162920.88222 1.88417813 0.78138157 -1.48778396 -0.13387795 0.83097826 0.21188618 0.49664482
1463162920.98280 1.93529707 0.81672939 -1.56953533 -0.13456084 0.84149693 0.19737473 0.48458179
1463162921.08445 1.98758865 0.84142888 -1.65006144 -0.12978490 0.84902451 0.18440099 0.47781747
1463162921.18244 2.04403862 0.85323931 -1.72607740 -0.12447274 0.85753880 0.16666129 0.47048672
1463162921.31578 2.11077400 0.87351570 -1.82111402 -0.12636575 0.86670823 0.17094765 0.45124876
1463162921.44906 2.17094532 0.90818730 -1.91534797 -0.13936545 0.86663442 0.16765760 0.44879058
1463162921.51568 2.19813349 0.92863222 -1.96735037 -0.15613981 0.88030862 0.15733546 0.41943133
1463162921.61560 2.25191998 0.95755441 -2.03991818 -0.14643566 0.89834475 0.12632494 0.39443038
1463162921.75110 2.32872590 0.99818537 -2.12298102 -0.12841719 0.90949587 0.15427409 0.36404092
1463162921.88258 2.40965644 1.00995973 -2.19574659 -0.09933571 0.91105326 0.17529356 0.35970340
1463162922.01589 2.49114251 1.02729115 -2.27102432 -0.06864633 0.91296077 0.18017678 0.35962015
1463162922.14924 2.56899899 1.06291688 -2.35290160 -0.04360679 0.91291130 0.18255159 0.36244492
1463162922.25133 2.62881226 1.08791879 -2.41711592 -0.01489345 0.90816889 0.16754402 0.38332292
1463162922.38259 2.70962138 1.11832314 -2.50310587 -0.03658739 0.89450424 0.15651269 0.41716581
1463162922.48253 2.77381749 1.14293720 -2.55725123 -0.05939671 0.87385924 0.15974365 0.45532848
1463162922.68254 2.88795318 1.22503714 -2.67008846 -0.11350298 0.86610949 0.17087450 0.45582159
1463162922.78242 2.94378360 1.27059100 -2.72903106 -0.15367803 0.87379627 0.17047042 0.42872250
1463162922.94914 3.05381544 1.32826906 -2.82525271 -0.16291943 0.87412269 0.18403087 0.41892651
1463162923.08263 3.13807411 1.34931221 -2.90297604 -0.13772514 0.88554276 0.18303449 0.40415861
1463162923.18261 3.19502304 1.37565191 -2.96036495 -0.15096139 0.89659165 0.18738715 0.37177968
1463162923.31585 3.27955791 1.42809213 -3.03222661 -0.10201683 0.89985550 0.19206914 0.37810328
1463162923.44917 3.36871370 1.47797100 -3.11170949 -0.08058719 0.89760528 0.19679386 0.38611222
1463162923.58249 3.46431271 1.50361785 -3.19007230 -0.07368013 0.89587412 0.18534219 0.39702528
1463162923.74963 3.56954541 1.54594936 -3.26889784 -0.07879084 0.88433504 0.20089728 0.41398529
1463162923.91574 3.66723603 1.62582971 -3.35642734 -0.10769938 0.88810249 0.20684324 0.39609428
1463162924.01604 3.73421939 1.67043912 -3.41600455 -0.12745909 0.89483413 0.19613437 0.38020700
1463162924.11610 3.80567612 1.70044197 -3.47306232 -0.14929190 0.89616793 0.20376158 0.36479609
1463162924.21611 3.87954757 1.71291463 -3.52868503 -0.15299264 0.90262272 0.19549116 0.35163715
1463162924.34911 3.97651616 1.73763434 -3.59259135 -0.14099693 0.90835285 0.20269633 0.33753396
1463162924.48264 4.07270262 1.78704395 -3.65308982 -0.14084218 0.91027398 0.20049031 0.33371904
1463162924.61587 4.17933333 1.83617921 -3.72075654 -0.13543496 0.91318405 0.18160867 0.33877802
1463162924.75123 4.29495173 1.86412879 -3.78627660 -0.13089238 0.91305969 0.16888068 0.34737374
1463162924.88273 4.40215361 1.88863304 -3.83451680 -0.11998459 0.90482497 0.17826973 0.36758044
1463162925.04952 4.52975173 1.95613675 -3.88783957 -0.12645816 0.90150033 0.18008125 0.37266103
1463162925.21607 4.65935137 2.06101265 -3.93608475 -0.11191584 0.90348165 0.17593011 0.37449211
1463162925.34944 4.76853660 2.15743114 -3.97252411 -0.09626273 0.90633020 0.16589959 0.37653204
1463162925.48278 4.87169870 2.23980577 -4.01039375 -0.10022331 0.90289232 0.18916501 0.37276983
1463162925.61597 4.98481244 2.29796796 -4.06561626 -0.11048391 0.89820008 0.20399154 0.37338635
1463162925.71615 5.08288403 2.33296777 -4.11604963 -0.11679838 0.89574302 0.20590196 0.37630700
1463162925.81605 5.18270680 2.35546826 -4.16206944 -0.10807220 0.88982150 0.20047703 0.39540746
1463162925.91817 5.27662353 2.36692115 -4.20288255 -0.11594049 0.88390268 0.19679268 0.40810110
1463162926.01606 5.36799532 2.38057200 -4.23917407 -0.12521908 0.87463251 0.19710501 0.42483851
1463162926.11614 5.45934778 2.40355465 -4.27406169 -0.12545059 0.86947072 0.18833249 0.43910555
1463162926.21631 5.55259654 2.43709938 -4.30713661 -0.11574444 0.86834825 0.17175499 0.45063818
1463162926.34953 5.67774985 2.48534096 -4.35228524 -0.12941611 0.86791163 0.15952450 0.45225304
1463162926.48277 5.80099941 2.51520667 -4.39929529 -0.13827538 0.86551069 0.15746957 0.45494450
1463162926.61613 5.91586429 2.54009067 -4.44507623 -0.13503789 0.86006548 0.16660455 0.46292015
1463162926.75223 6.02772552 2.59382530 -4.49084560 -0.13175606 0.85337756 0.16649812 0.47609396
1463162926.88284 6.14613191 2.65723906 -4.54547272 -0.12923322 0.85157937 0.15081775 0.48514467
1463162927.01615 6.27285457 2.68870253 -4.60209216 -0.12599920 0.84560036 0.13838622 0.49993348
1463162927.14963 6.39350528 2.70490846 -4.64885495 -0.11359820 0.83288346 0.15386267 0.51935235
1463162927.31630 6.53119330 2.77464708 -4.70461799 -0.11408219 0.82749407 0.18241986 0.51861528
1463162927.44951 6.65174835 2.84227512 -4.75285614 -0.13495069 0.83048679 0.15540748 0.51761812
1463162927.58524 6.77611512 2.87926567 -4.80246222 -0.15680081 0.83450232 0.15306616 0.50555922
1463162927.71614 6.89495884 2.89348716 -4.84814496 -0.14579423 0.83622703 0.15946634 0.50402269
1463162927.88282 7.03562149 2.94631840 -4.89298870 -0.13590622 0.83713216 0.16229294 0.50438106
1463162928.01638 7.15632117 3.00858883 -4.92635803 -0.13552080 0.83421491 0.14798973 0.51363278
1463162928.14973 7.28868415 3.03881075 -4.95605419 -0.13428758 0.82762376 0.12846978 0.52962371
1463162928.25335 7.38470424 3.04957290 -4.96374550 -0.13185865 0.80718285 0.13937524 0.55825056
1463162928.34976 7.47733155 3.07391316 -4.96488793 -0.13936002 0.78490288 0.15948717 0.58229725
1463162928.54985 7.66771791 3.16342793 -4.96169325 -0.13323245 0.77679880 0.13811020 0.59979855
1463162928.71628 7.84083435 3.21428068 -4.95484994 -0.14115160 0.77485484 0.13575053 0.60103910
1463162928.91889 8.03436927 3.23816265 -4.94663110 -0.13617640 0.77093683 0.14154499 0.60586913
1463162929.08528 8.19075118 3.30651548 -4.92275323 -0.12200908 0.75422781 0.13550267 0.63078778
1463162929.25154 8.35865474 3.35837977 -4.89928461 -0.12119311 0.73893334 0.12946328 0.65002232
1463162929.38307 8.48946966 3.36430441 -4.87324844 -0.11501672 0.71281080 0.13667304 0.67822740
1463162929.58334 8.67660762 3.41145981 -4.81433247 -0.10984735 0.68399638 0.14832373 0.70574966
1463162929.78311 8.86029793 3.47584600 -4.73423001 -0.11344191 0.68078984 0.12082926 0.71348190
1463162929.94967 9.02241723 3.47669770 -4.66605649 -0.08910192 0.66629296 0.11751922 0.73096086
1463162930.14998 9.18571519 3.51766092 -4.56931005 -0.09855451 0.63962750 0.13279168 0.75068638
1463162930.31637 9.33135909 3.56916368 -4.47413496 -0.08388207 0.61340850 0.12904603 0.77462309
1463162930.48324 9.48215958 3.56776007 -4.38212199 -0.07100978 0.58148949 0.12432008 0.80085711
1463162930.64975 9.61348044 3.56037206 -4.28998999 -0.06862477 0.54607177 0.13046175 0.82466720
1463162930.88309 9.79217380 3.61361601 -4.14413797 -0.07217066 0.53633731 0.11150051 0.83348745
1463162931.08508 9.96543727 3.60796191 -4.01853546 -0.08081016 0.53286629 0.11445754 0.83451945
1463162931.31671 10.15587742 3.62258814 -3.88191975 -0.07907264 0.51922353 0.12441547 0.84182851
1463162931.51647 10.30695544 3.65671368 -3.74024547 -0.06661668 0.50215732 0.11492542 0.85451296
1463162931.68335 10.44529891 3.63067339 -3.62883820 -0.04590869 0.47588045 0.11706647 0.87047437
1463162931.91923 10.60797210 3.64380047 -3.46743221 -0.04756497 0.45004334 0.11302151 0.88454774
1463162932.15009 10.77813962 3.67846342 -3.26930746 -0.04941826 0.44908556 0.09165297 0.88740055
1463162932.34991 10.92278870 3.65033474 -3.12396861 -0.02444274 0.45090757 0.09216242 0.88746324
1463162932.51664 11.02786617 3.66369768 -2.98985982 0.00583820 0.42297990 0.09323385 0.90131091
1463162932.71678 11.16058520 3.67627672 -2.82176385 0.01485510 0.39477137 0.09046806 0.91419386
1463162932.88368 11.27155081 3.63433320 -2.68326738 0.03840413 0.35721568 0.09485052 0.92839941
1463162933.15002 11.41157134 3.64431398 -2.45995012 0.05445533 0.34442165 0.08442936 0.93342382
1463162933.41764 11.56378346 3.62281275 -2.22775122 0.05541877 0.34214340 0.07883119 0.93469369
1463162933.65268 11.67051267 3.62661507 -2.03921419 0.06751136 0.32196705 0.08458012 0.94054540
1463162933.85033 11.78781712 3.63259278 -1.86211041 0.07418485 0.33714784 0.08088130 0.93503270
1463162934.11686 11.90559501 3.59687443 -1.66504257 0.07647992 0.32765096 0.09044365 0.93734498
1463162934.38369 12.01822838 3.61774224 -1.42839108 0.09002271 0.32790491 0.06669539 0.93804371
1463162934.58387 12.12551637 3.58397988 -1.26265427 0.09760888 0.34868566 0.05721697 0.93038542
1463162934.81698 12.24553417 3.59013373 -1.08049903 0.07519702 0.36832748 0.06879037 0.92409316
1463162935.08359 12.39962291 3.59172107 -0.84700115 0.08191288 0.34588107 0.07962384 0.93129835
1463162935.21693 12.46501585 3.56984244 -0.74386158 0.08034870 0.30629026 0.11528315 0.94150951
1463162935.38360 12.53838646 3.57955442 -0.61042039 0.07172504 0.27971415 0.15278382 0.94513100
1463162935.58578 12.63685118 3.60238396 -0.43201321 0.04062250 0.28785953 0.13807254 0.94679601
1463162935.75240 12.73309701 3.57876037 -0.31428517 0.05306605 0.30289488 0.16869954 0.93647165
1463162935.98377 12.86471736 3.59326314 -0.15162003 0.04415006 0.30591498 0.18004665 0.93383618
1463162936.18358 13.00248928 3.61487602 -0.00365967 0.04333727 0.30197563 0.15997982 0.93879660
1463162936.35048 13.11220342 3.59626782 0.09548864 0.03490602 0.28944911 0.15227622 0.94435837
1463162936.51705 13.21836050 3.60493029 0.20110198 0.03277847 0.30013961 0.15617213 0.94045311
1463162936.65036 13.30844918 3.63664291 0.30145023 0.03173852 0.32431484 0.14716309 0.93389270
1463162936.78370 13.41049059 3.64225683 0.40859103 0.02293027 0.33872974 0.12913605 0.93169751
1463162936.91961 13.51804509 3.62232925 0.49562175 0.03257813 0.36336905 0.12394281 0.92278913
1463162937.05054 13.61659869 3.62478526 0.57205558 0.02516093 0.38304406 0.13426126 0.91357435
1463162937.21703 13.75847879 3.66613050 0.69365236 0.02565742 0.40881781 0.13823926 0.90172035
1463162937.38398 13.88995746 3.68277769 0.80379494 0.02470889 0.42350218 0.12989416 0.89619355
1463162937.55040 14.01706715 3.66606819 0.91441846 0.02304344 0.40740190 0.13458576 0.90298359
1463162937.75286 14.15703795 3.69223533 1.06010907 0.02154877 0.41855101 0.13273494 0.89818269
1463162937.92027 14.28242190 3.70985612 1.19955216 0.02078458 0.42444738 0.11147016 0.89832445
1463162938.11713 14.43242897 3.68750954 1.34625290 0.02745385 0.42671686 0.12280876 0.89558753
1463162938.35046 14.59740517 3.72728668 1.52600779 0.02267703 0.42752680 0.13106788 0.89416318
1463162938.51724 14.73362630 3.73607832 1.66324281 0.02583200 0.41708496 0.13016482 0.89912733
1463162938.65070 14.83095670 3.70973386 1.75793428 0.02572824 0.39210988 0.13142647 0.91011811
1463162938.85074 14.96861266 3.71648490 1.90802630 0.02428103 0.38546936 0.12580014 0.91378232
1463162939.01724 15.09591026 3.73454939 2.05349173 0.03942796 0.40752562 0.10823926 0.90589876
1463162939.21732 15.25399986 3.71008598 2.20194792 0.02510611 0.42045440 0.11240721 0.89997355
1463162939.48391 15.43801272 3.73282809 2.41994946 0.03667801 0.42473377 0.11737250 0.89692789
1463162939.68396 15.59125408 3.74343330 2.59846885 0.02644363 0.40497038 0.13303792 0.90421272
1463162939.78393 15.66129063 3.72145329 2.67597296 0.02118854 0.39538602 0.13484362 0.90831610
1463162940.01725 15.82080127 3.72426680 2.86773670 0.03398167 0.39847085 0.13315103 0.90682800
1463162940.25078 15.97318059 3.72407233 3.07262325 0.04005294 0.41164168 0.11242548 0.90349732
1463162940.51782 16.14308369 3.70931237 3.28036701 0.04405675 0.41507472 0.12123844 0.90059604
1463162940.78441 16.32393544 3.74052066 3.52565553 0.05176920 0.39896822 0.11684058 0.90801574
1463162940.95080 16.43066773 3.71212198 3.66692033 0.04837829 0.36037429 0.11800075 0.92404856
1463162941.15087 16.54753567 3.72214078 3.84609136 0.06330201 0.35029695 0.11321775 0.92761341
1463162941.35081 16.67553629 3.73282415 4.03760003 0.05460279 0.36384922 0.10168621 0.92427928
1463162941.55147 16.80115411 3.70878936 4.19787107 0.04198331 0.36250432 0.11916673 0.92337821
1463162941.78442 16.94317390 3.73926975 4.40504286 0.04937312 0.36652823 0.11336941 0.92215331
1463162941.98435 17.07153062 3.70913222 4.58402138 0.06112051 0.34583540 0.12055979 0.92850821
1463162942.21753 17.20381417 3.70102886 4.78547722 0.06180783 0.33035814 0.12696700 0.93323238
1463162942.41792 17.32507345 3.71942773 4.98336634 0.06193519 0.34502672 0.11028159 0.93003149
1463162942.61778 17.45800007 3.69081892 5.15238756 0.04463192 0.36194697 0.10086571 0.92565031
1463162942.85162 17.60522189 3.72494657 5.35979302 0.03811978 0.37644153 0.11046381 0.91904103
1463162943.01762 17.72175905 3.73331456 5.52235888 0.04261878 0.36098207 0.11983009 0.92385948
1463162943.18449 17.83064213 3.71076526 5.66311642 0.02981605 0.33111984 0.12602674 0.93465925
1463162943.38442 17.95344861 3.73099482 5.83966792 0.03130442 0.34190866 0.13067855 0.93007613
1463162943.58430 18.07987536 3.73769542 6.02981632 0.02538396 0.35258223 0.11554981 0.92827241
1463162943.78570 18.20844113 3.71537083 6.19322828 0.01265657 0.35420747 0.12953105 0.92606619
1463162943.95097 18.31824724 3.73616922 6.34378529 0.02905335 0.36899977 0.13203068 0.91954498
1463162944.11787 18.44235161 3.73811863 6.50463885 0.05562936 0.36065316 0.12735081 0.92228870
1463162944.31783 18.58568700 3.70099804 6.67643030 0.06547964 0.34021784 0.13473286 0.92833792
1463162944.55100 18.74706998 3.73243078 6.88986536 0.07256886 0.36294034 0.12783125 0.92014523
1463162944.75350 18.88781300 3.73716748 7.06326067 0.05394673 0.37472577 0.13179912 0.91613282
1463162944.91983 19.00940025 3.73935467 7.19137856 0.02533318 0.37703225 0.14369811 0.91463422
1463162945.08704 19.12143307 3.76852337 7.32145619 0.04203424 0.37629432 0.14046042 0.91482598
1463162945.25317 19.26223740 3.77951619 7.44771414 0.05582202 0.38544255 0.13326512 0.91134974
1463162945.38468 19.37149858 3.77185441 7.53551619 0.03263220 0.38411573 0.13220212 0.91318828
1463162945.51786 19.48143746 3.79082739 7.62063204 0.02310628 0.39872299 0.14055325 0.90594197
1463162945.65128 19.59149552 3.82392658 7.71907794 0.01747246 0.43044658 0.12865819 0.89322871
1463162945.78501 19.70653668 3.83875687 7.81601809 0.01650892 0.45796493 0.11925805 0.88077982
1463162945.88454 19.79319548 3.83457436 7.87846583 0.00841127 0.48081060 0.12908086 0.86723039
1463162946.01805 19.90499566 3.84035543 7.95554947 -0.01165468 0.50025839 0.14397747 0.85374247
1463162946.18475 20.03858509 3.88436001 8.06317850 -0.01720970 0.52243782 0.14171087 0.84064296
1463162946.31840 20.15155456 3.91184267 8.16043174 -0.01816533 0.52151112 0.13738831 0.84191485
1463162946.45133 20.25935363 3.90152199 8.25182472 -0.01201293 0.50751754 0.14587105 0.84911912
1463162946.58464 20.35283646 3.88662740 8.34048237 -0.01574378 0.48497624 0.15225156 0.86102825
1463162946.75146 20.46190950 3.90365856 8.46040323 -0.01234350 0.47732381 0.13375844 0.86839985
1463162946.88476 20.55333134 3.91269852 8.56724001 0.00072939 0.48125507 0.10154718 0.87067858
1463162947.01796 20.63727610 3.89394921 8.67107255 0.00083741 0.46728181 0.10758403 0.87753785
1463162947.11811 20.68820844 3.86900451 8.74381914 0.01306454 0.43924159 0.11947157 0.89029360
1463162947.25151 20.74724158 3.85028293 8.84273288 0.01605370 0.41245377 0.13049677 0.90144038
1463162947.41986 20.81874107 3.86016984 8.98329137 0.03772235 0.38445253 0.13417029 0.91256321
1463162947.61811 20.91517265 3.86506486 9.15679755 0.05399180 0.36766297 0.12161871 0.92038998
1463162947.75353 20.96597548 3.83408241 9.26639204 0.07330096 0.32758709 0.12723526 0.93334070
1463162947.95141 21.03664332 3.80756467 9.42781093 0.06366739 0.29657714 0.14301742 0.94209048
1463162948.21809 21.12468769 3.75997307 9.65466844 0.04720127 0.28768552 0.13517173 0.94696235
1463162948.45157 21.19309355 3.67192560 9.81835360 0.04364340 0.26944548 0.13219440 0.95290032
1463162948.65141 21.24875366 3.61937219 9.96101327 0.00989136 0.25197137 0.13255635 0.95856215
1463162948.81828 21.30318848 3.57990719 10.10283265 0.02850302 0.24268862 0.12449646 0.96166025
1463162949.01804 21.34007442 3.53034122 10.27383776 0.04655277 0.20559217 0.10903711 0.97142967
1463162949.15187 21.34507373 3.50517012 10.38782517 0.03345989 0.15816584 0.10325509 0.98142875
1463162949.35161 21.35103862 3.49543101 10.59240500 0.04428101 0.13413691 0.09657977 0.98525064
1463162949.55164 21.36329764 3.43541879 10.79969693 0.05360614 0.11847804 0.10614044 0.98581111
1463162949.78496 21.37554458 3.37819593 11.01465706 0.04351099 0.09998096 0.12469758 0.98618513
1463162949.98508 21.37356837 3.36476396 11.23098265 0.04991305 0.07647754 0.10777744 0.98997166
1463162950.11873 21.37222036 3.31913281 11.36830671 0.05619022 0.04518175 0.10810067 0.99152182
1463162950.25393 21.36611634 3.27083224 11.49032365 0.05017711 0.01076533 0.10501674 0.99314543
1463162950.42039 21.34680576 3.25046933 11.65251242 0.04425208 -0.01416094 0.09667281 0.99423115
1463162950.55174 21.33363083 3.22100197 11.79898907 0.06669975 -0.00230550 0.07650000 0.99483344
1463162950.68514 21.32595294 3.16536384 11.94035074 0.07486559 0.01601342 0.07013329 0.99459541
1463162950.85225 21.31057084 3.10239281 12.09340276 0.06856439 0.00854433 0.08451581 0.99402364
1463162951.05188 21.27743126 3.07473462 12.29287649 0.06758664 0.00615483 0.09103941 0.99353208
1463162951.21836 21.25233428 3.02771496 12.46641686 0.07645679 -0.00873110 0.09671602 0.99233268
1463162951.35180 21.23292709 2.97049673 12.58848226 0.07657161 -0.02710815 0.10435236 0.99121770
1463162951.51913 21.20451768 2.92355277 12.73280872 0.07653678 -0.03427191 0.10137392 0.99130766
1463162951.68539 21.16147155 2.89935661 12.88868261 0.08834974 -0.03390549 0.09343462 0.99111791
1463162951.81840 21.13089150 2.86027376 13.01039816 0.08625237 -0.02465105 0.09137084 0.99176823
1463162951.98531 21.11516711 2.80015358 13.13850164 0.08275749 -0.01494842 0.10639780 0.99076095
1463162952.15209 21.11484865 2.77531908 13.26646462 0.07359870 0.01592775 0.10651248 0.99145581
1463162952.31847 21.10850663 2.77890738 13.40806487 0.05317734 0.04572027 0.08715081 0.99372358
1463162952.51864 21.09322673 2.74006125 13.56979536 0.06214375 0.05408913 0.09985548 0.99158530
1463162952.81867 21.04214399 2.73331815 13.78569610 0.04297495 0.04153240 0.08413367 0.99466061
1463162953.05198 20.96567862 2.79302998 13.98332298 0.06638077 0.01884750 0.08876882 0.99365913
1463162953.21861 20.90002547 2.84046834 14.13805926 0.10708596 -0.00376603 0.09098743 0.99007055
1463162953.42135 20.83137657 2.84245740 14.32426321 0.08722073 -0.03702363 0.10592483 0.98984934
1463162953.55203 20.78563152 2.80109358 14.46297372 0.08757779 -0.05971911 0.08256593 0.99093220
1463162953.65206 20.74589731 2.74857109 14.55583994 0.10790879 -0.09382035 0.07259220 0.98705816
1463162953.78520 20.68927778 2.67923912 14.66342888 0.11457078 -0.13200557 0.06414693 0.98251373
1463162953.95202 20.59841988 2.63093472 14.79977323 0.11973341 -0.17004758 0.04640436 0.97703345
1463162954.15246 20.46176357 2.59074186 14.97141877 0.13605755 -0.20028000 0.03791574 0.96950434
1463162954.38553 20.30715008 2.50233466 15.14199783 0.10892661 -0.23959570 0.04357303 0.96375842
1463162954.61875 20.13114354 2.46024933 15.32235376 0.11861589 -0.27251117 0.03961415 0.95399091
1463162954.81885 19.97061190 2.38567700 15.47425949 0.10636073 -0.30437759 0.03772838 0.94584261
1463162954.98536 19.84145392 2.31493375 15.57352497 0.10061733 -0.33250610 0.02239339 0.93745100
1463162955.15202 19.69017003 2.28158946 15.68152728 0.12085753 -0.36352120 0.01899272 0.92351777
1463162955.31880 19.53372947 2.21903227 15.78677297 0.13341588 -0.36831587 0.01007663 0.92002287
1463162955.48537 19.39941907 2.13228218 15.87768397 0.12512578 -0.37339517 0.02263110 0.91891644
1463162955.65328 19.25608394 2.08537373 15.98101892 0.11703612 -0.38175052 0.03485819 0.91616264
1463162955.78547 19.13580698 2.04835557 16.07572337 0.13402738 -0.38335144 0.03295284 0.91323187
1463162955.92090 19.02069386 1.98136147 16.16330833 0.13476576 -0.40293561 0.03666425 0.90450916
1463162956.05234 18.91970756 1.91710546 16.24378660 0.13698259 -0.40854304 0.02864746 0.90194661
1463162956.21911 18.77995880 1.88128686 16.35541015 0.13497699 -0.41292101 0.02422909 0.90038347
1463162956.35217 18.66243992 1.84397800 16.44976048 0.15873865 -0.39170223 0.00643459 0.90627259
1463162956.48550 18.55659903 1.78351448 16.53539185 0.14614044 -0.38187941 -0.00487310 0.91257183
1463162956.61906 18.45846661 1.73022683 16.61615982 0.12211173 -0.38448890 0.00309526 0.91501226
1463162956.75218 18.35042514 1.69735449 16.70631854 0.12721059 -0.37704383 0.01085200 0.91735361
1463162956.88557 18.23420578 1.65566125 16.80117803 0.14375484 -0.37347312 0.01311791 0.91634071
1463162957.05240 18.10306774 1.57154373 16.90052506 0.14125758 -0.38482647 0.01492517 0.91199349
1463162957.21913 17.96824382 1.50640085 16.99790279 0.13323583 -0.39679268 0.01092251 0.90812140
1463162957.38575 17.81557139 1.46985209 17.10666254 0.14734027 -0.39008118 0.00656213 0.90889188
1463162957.55220 17.66979451 1.39963382 17.20895112 0.14876202 -0.37730831 -0.00402724 0.91405256
1463162957.71885 17.54760062 1.31909269 17.30064055 0.14027143 -0.36334504 0.00657145 0.92101092
1463162957.88576 17.41188462 1.28580110 17.40049017 0.14544663 -0.35488180 0.01609238 0.92338790
1463162958.05249 17.26460489 1.22622697 17.51204732 0.14685587 -0.36365995 0.01240909 0.91979933
1463162958.21904 17.13509607 1.14055330 17.59537773 0.14994344 -0.38399264 0.02524778 0.91073002
1463162958.42227 16.96375128 1.09716053 17.70928491 0.13780304 -0.39215889 0.01830702 0.90933304
1463162958.55253 16.83971116 1.06265529 17.79224912 0.16016931 -0.37654127 0.01665873 0.91229653
1463162958.75253 16.67311118 0.98058070 17.89671454 0.14221214 -0.37213855 0.01408943 0.91710964
1463162958.95259 16.51037482 0.92281368 18.00444370 0.13810540 -0.36957008 0.01241029 0.91879858
1463162959.08803 16.39316243 0.88470391 18.08877116 0.16124746 -0.36261846 0.01365572 0.91778027
1463162959.25475 16.25400815 0.80193570 18.18050092 0.17373909 -0.37119859 0.02571613 0.91179220
1463162959.42096 16.11957615 0.72938194 18.26890826 0.17154935 -0.38718078 0.02828440 0.90546223
1463162959.58774 15.97235383 0.68397517 18.37433862 0.19028289 -0.37504514 0.03480607 0.90659920
1463162959.75462 15.83164340 0.61972307 18.48037646 0.19769866 -0.35603981 0.03666417 0.91258240
1463162959.92186 15.71193190 0.55076358 18.57878802 0.18076760 -0.34860307 0.03845847 0.91886883
1463162960.08821 15.57870846 0.51916246 18.68576661 0.17428224 -0.34288211 0.04776207 0.92183314
1463162960.21936 15.46287644 0.48685014 18.77583425 0.17836988 -0.34235118 0.05052064 0.92110125
1463162960.35256 15.34682646 0.42634005 18.85751084 0.16634644 -0.35815344 0.04531061 0.91760663
1463162960.55287 15.19029587 0.36027504 18.96656806 0.16117890 -0.37292914 0.02527227 0.91340381
1463162960.75457 15.00859744 0.31200745 19.09283917 0.18998139 -0.35483730 0.02424229 0.91510102
1463162960.95275 14.84266227 0.22726016 19.20258299 0.16813807 -0.36176914 0.02396872 0.91666689
1463162961.21948 14.61121276 0.15908852 19.36920186 0.17156213 -0.35236852 0.01921812 0.91980081
1463162961.41953 14.43159152 0.07481095 19.48963749 0.17392750 -0.37914287 0.02807531 0.90841163
1463162961.65288 14.22975220 -0.01653998 19.61373470 0.16815930 -0.40380235 0.02388388 0.89894142
1463162961.85257 14.04145792 -0.07073839 19.73308106 0.19599188 -0.38821646 0.01906756 0.90028417
1463162962.08613 13.84140054 -0.17303792 19.86030135 0.17611523 -0.37777832 0.01683689 0.90883634
1463162962.38605 13.56867836 -0.24645247 20.03635788 0.18738361 -0.37310782 0.01754185 0.90849888
1463162962.58598 13.39561778 -0.34836346 20.13291183 0.19997336 -0.39850265 0.02583611 0.89472833
1463162962.85294 13.15478812 -0.42747769 20.26460837 0.22867044 -0.39828302 0.02337346 0.88799445
1463162963.08868 12.94166954 -0.50399041 20.38571687 0.20459429 -0.37925157 0.02724283 0.90197963
1463162963.28638 12.77533848 -0.56301286 20.49471280 0.17071191 -0.36103535 0.03548714 0.91610675
1463162963.48602 12.59089715 -0.61100987 20.61859546 0.17559692 -0.33445098 0.06401142 0.92369411
1463162963.68636 12.41814536 -0.70708938 20.71210836 0.16051247 -0.35775051 0.09216201 0.91529038
1463162963.92137 12.20134691 -0.77323087 20.82656411 0.16858448 -0.34639575 0.07196801 0.92000536
1463162964.18612 11.93841505 -0.87331540 20.94454013 0.17501939 -0.35586151 0.08286599 0.91425600
1463162964.42187 11.70995103 -0.91769960 21.05125528 0.14325999 -0.37275269 0.06357784 0.91459820
1463162964.61946 11.51828780 -0.97078784 21.14620359 0.14528581 -0.39997217 0.06761276 0.90240945
1463162964.81960 11.34153104 -1.06569842 21.21468809 0.14300229 -0.43077309 0.07239709 0.88811236
1463162965.08839 11.08794382 -1.13774858 21.32850677 0.15457140 -0.43149857 0.06150999 0.88664152
1463162965.32000 10.88386305 -1.23281899 21.42729549 0.13963925 -0.42619320 0.06687551 0.89128441
1463162965.48639 10.75056427 -1.28374937 21.50748587 0.13657417 -0.40511204 0.07120402 0.90120016
1463162965.68633 10.57012848 -1.32189682 21.61605587 0.13450157 -0.40791941 0.07792627 0.89968805
1463162965.81965 10.46465813 -1.38478851 21.68505485 0.14480812 -0.39942210 0.09551792 0.90020493
1463162965.98658 10.33866794 -1.44908329 21.76751974 0.13743114 -0.37601995 0.10194598 0.91067486
1463162966.15341 10.17536260 -1.48212623 21.84908608 0.11134785 -0.38198281 0.08798855 0.91320798
1463162966.25335 10.07223359 -1.51802916 21.89367027 0.11627241 -0.38397770 0.06502352 0.91368145
1463162966.38648 9.95514054 -1.59465103 21.95269932 0.11295016 -0.37994731 0.05297582 0.91655653
1463162966.51973 9.85084817 -1.67177522 22.01797374 0.10776338 -0.36496408 0.03078214 0.92425144
1463162966.68667 9.71517395 -1.75168741 22.10683125 0.11156750 -0.37380576 0.03805958 0.91998555
1463162966.78680 9.63036737 -1.79975273 22.16021929 0.12015616 -0.39793138 0.05480770 0.90785970
1463162966.92252 9.53135888 -1.87754689 22.22119034 0.13472542 -0.42855706 0.05471623 0.89173653
1463162967.08861 9.42170895 -1.97603723 22.30138373 0.13069513 -0.44075948 0.07123126 0.88519827
1463162967.25548 9.29770664 -2.04758285 22.39357777 0.12562753 -0.46359457 0.08977541 0.87248964
1463162967.42207 9.16134692 -2.11483035 22.49208624 0.11768807 -0.47502743 0.09620993 0.86674224
1463162967.58837 9.04310600 -2.20327610 22.58799243 0.11557033 -0.48264162 0.09659729 0.86276852
1463162967.78667 8.90789640 -2.29175940 22.70559824 0.10550150 -0.49168743 0.10149010 0.85837793
1463162967.95327 8.79800855 -2.35780545 22.80939832 0.13623217 -0.49544593 0.09471682 0.85264462
1463162968.15389 8.66967501 -2.46518236 22.92248834 0.14427839 -0.51017649 0.09129391 0.84295262
1463162968.35339 8.53905930 -2.54375841 23.02880625 0.13998893 -0.54378316 0.10486589 0.82079603
1463162968.55327 8.40332101 -2.61238029 23.14105093 0.17796895 -0.53545012 0.09675689 0.81991361
1463162968.75350 8.26505486 -2.70225663 23.24249270 0.17229397 -0.56154770 0.09818310 0.80332997
1463162968.92224 8.15721521 -2.75900199 23.33136725 0.16929981 -0.58661927 0.10196326 0.78537819
1463162969.11995 8.03961535 -2.82438595 23.46478732 0.19477624 -0.57874245 0.11538887 0.78345695
1463162969.28659 7.91615065 -2.87985702 23.57024433 0.18329507 -0.58966355 0.11655889 0.77789063
1463162969.45360 7.76319292 -2.89600536 23.67976073 0.15669446 -0.60482400 0.10249159 0.77403505
1463162969.58887 7.62992552 -2.88199295 23.77912854 0.13287504 -0.60293933 0.08632797 0.78189249
1463162969.72007 7.50728857 -2.88178707 23.88421545 0.11906566 -0.57610702 0.07313818 0.80534147
1463162969.85344 7.39796718 -2.88735679 23.98333815 0.10657360 -0.55331567 0.05744139 0.82412640
1463162970.05376 7.24766271 -2.88555352 24.12369153 0.09886093 -0.54190465 0.05720450 0.83264249
1463162970.25607 7.08584466 -2.87840731 24.25164379 0.10413600 -0.55842268 0.04051612 0.82199650
1463162970.38698 6.98137980 -2.87818595 24.31991583 0.11736792 -0.56884472 -0.00468361 0.81401383
1463162970.55368 6.85948496 -2.86419643 24.40502694 0.10231465 -0.58380052 -0.00926895 0.80537119
1463162970.68690 6.75122490 -2.84064651 24.48109975 0.08846812 -0.57901502 -0.03721005 0.80964832
1463162970.82015 6.64220935 -2.83481782 24.55254789 0.09870624 -0.57838439 -0.06412843 0.80722742
1463162970.92019 6.55907317 -2.84051721 24.59753626 0.10104738 -0.58991624 -0.09179864 0.79583998
1463162971.02020 6.49027601 -2.84490774 24.63684550 0.07926296 -0.60706851 -0.12528648 0.78069745
1463162971.12018 6.41939274 -2.85119757 24.67708869 0.06129103 -0.62140781 -0.14487491 0.76753306
1463162971.18712 6.36809626 -2.85792229 24.70535959 0.05084613 -0.63477269 -0.13178370 0.75967845
1463162971.25565 6.31365021 -2.86603181 24.73561630 0.05403360 -0.64356786 -0.13214696 0.75195609
1463162971.32016 6.25685627 -2.87521454 24.76555713 0.05504686 -0.66038840 -0.12595741 0.73823555
1463162971.38708 6.20115215 -2.89010080 24.79711466 0.06497045 -0.66549229 -0.12969595 0.73217335
1463162971.45354 6.14390649 -2.90979909 24.82190353 0.07546561 -0.67846153 -0.13710150 0.71777300
1463162971.52032 6.10047694 -2.93747818 24.84639383 0.07929954 -0.68739855 -0.12890262 0.71033720
1463162971.58689 6.05547848 -2.96448789 24.86871403 0.08256572 -0.69239937 -0.14446556 0.70206532
1463162971.68724 5.98618592 -3.00159259 24.90370069 0.08142489 -0.69991524 -0.14673877 0.69423078
1463162971.75607 5.93165529 -3.01868273 24.92688529 0.08171376 -0.71073648 -0.13797592 0.68493735
1463162971.85355 5.84699179 -3.03598745 24.96373384 0.09023171 -0.71984529 -0.13866197 0.67413192
1463162971.92050 5.78667668 -3.04794088 24.98970778 0.09862989 -0.71997823 -0.13929297 0.67268192
1463162971.98693 5.72433097 -3.06132968 25.01303755 0.10866844 -0.72641462 -0.13687336 0.66466432
1463162972.05387 5.67253789 -3.07603570 25.03227397 0.10335643 -0.73584160 -0.15432962 0.65118120
1463162972.12043 5.62216861 -3.09675015 25.04688883 0.10843331 -0.74379784 -0.17121966 0.63693863
1463162972.18711 5.57606704 -3.11908694 25.05609219 0.10679374 -0.75635128 -0.18974454 0.61686697
1463162972.25556 5.52849396 -3.14286046 25.06381398 0.10826817 -0.77304751 -0.18126789 0.59817848
1463162972.32028 5.47406150 -3.16096863 25.07434246 0.11567675 -0.78118067 -0.18455365 0.58507743
1463162972.38693 5.42395631 -3.17744240 25.08944628 0.12025202 -0.79106941 -0.17284664 0.57434543
1463162972.45365 5.36711133 -3.19137218 25.10770034 0.12471563 -0.79910566 -0.16677544 0.56396995
1463162972.55418 5.28362551 -3.21838749 25.13824136 0.13074945 -0.80621532 -0.16105126 0.55406130
1463162972.62043 5.23424585 -3.23969427 25.15259562 0.13615875 -0.81550127 -0.18071365 0.53269226
1463162972.68696 5.18568488 -3.26841722 25.16398170 0.15028576 -0.82288813 -0.17320572 0.51987411
1463162972.78702 5.11831673 -3.30416575 25.18010449 0.15116929 -0.83330686 -0.18777587 0.49748139
1463162972.88720 5.04124751 -3.32758716 25.19844504 0.14875473 -0.84353180 -0.18343699 0.48236605
1463162972.98698 4.95946496 -3.33811062 25.22349782 0.15061945 -0.84961601 -0.19056402 0.46813648
1463162973.05389 4.89820168 -3.34224670 25.23932331 0.15567955 -0.85324165 -0.19014458 0.45998652
1463162973.15372 4.80733049 -3.35498344 25.26186561 0.15937171 -0.85657212 -0.20335647 0.44668894
1463162973.22052 4.75132938 -3.37268122 25.27374117 0.16040241 -0.85722413 -0.21591528 0.43911097
1463162973.28707 4.69965791 -3.39725709 25.28080514 0.16131515 -0.86031871 -0.22090554 0.43015101
1463162973.35463 4.65077205 -3.42475682 25.28636468 0.16255167 -0.86380617 -0.22554556 0.42017264
1463162973.42066 4.60000067 -3.45043343 25.29219179 0.16385632 -0.86944266 -0.21817398 0.41185032
1463162973.48710 4.54627243 -3.46859780 25.30029380 0.16519251 -0.87634582 -0.21270838 0.39935521
1463162973.55368 4.48723138 -3.48104506 25.31341237 0.16718403 -0.87872533 -0.20958907 0.39492242
1463162973.65395 4.39957335 -3.49871901 25.34085972 0.16336351 -0.88237978 -0.20682880 0.38979499
1463162973.75393 4.31583226 -3.52513510 25.36524241 0.16200396 -0.88747848 -0.20942932 0.37719493
1463162973.82058 4.26489054 -3.54764847 25.37778558 0.16899087 -0.88932231 -0.22030729 0.36333540
1463162973.92059 4.19277363 -3.58419232 25.39454197 0.16431478 -0.89377678 -0.22955516 0.34852282
1463162973.98712 4.14410962 -3.60510696 25.40167710 0.16230396 -0.89962079 -0.23226639 0.33225319
1463162974.08928 4.06762105 -3.62352883 25.41482477 0.16633555 -0.90371852 -0.23831353 0.31437555
1463162974.18713 3.98035513 -3.63140903 25.42808322 0.17385369 -0.90519056 -0.24146596 0.30347841
1463162974.25400 3.92023304 -3.63478511 25.43574363 0.17917046 -0.90502829 -0.24849370 0.29508070
1463162974.32046 3.86289594 -3.64314957 25.44121687 0.18116791 -0.90673406 -0.25034840 0.28694462
1463162974.38711 3.81095994 -3.65585326 25.44384855 0.17547934 -0.90783118 -0.26651944 0.27206055
1463162974.45394 3.76256867 -3.67845531 25.44075611 0.17076543 -0.91292618 -0.26186076 0.26236214
1463162974.55380 3.69269290 -3.71865089 25.43442656 0.16892903 -0.91691269 -0.26096810 0.25025936
1463162974.62050 3.64228413 -3.74231510 25.42910407 0.17318404 -0.92002386 -0.25327246 0.24375489
1463162974.72178 3.55745872 -3.76531297 25.42479921 0.17342811 -0.92380558 -0.24308007 0.23962056
1463162974.82053 3.47140812 -3.77698266 25.41888078 0.17691579 -0.92722369 -0.24012011 0.22649363
1463162974.88719 3.41421881 -3.78685869 25.41211742 0.17576402 -0.93029481 -0.24496756 0.20892457
1463162974.95407 3.36380200 -3.80272236 25.40461843 0.17457151 -0.93391060 -0.25085233 0.18549631
1463162975.05391 3.29228112 -3.83698939 25.38740952 0.18735028 -0.93529547 -0.25235812 0.16259655
1463162975.12068 3.24825278 -3.85945537 25.37366937 0.18844460 -0.93605710 -0.25988085 0.14404057
1463162975.22103 3.18272928 -3.88321389 25.34914574 0.18899853 -0.94103344 -0.25429717 0.11861102
1463162975.32067 3.10834816 -3.89153358 25.32372325 0.18954548 -0.94462971 -0.24957325 0.09726472
1463162975.38753 3.05557091 -3.89112784 25.30342890 0.19294822 -0.94566420 -0.24937782 0.07937825
1463162975.45397 3.00092023 -3.89094275 25.27908156 0.19907794 -0.94494575 -0.25239672 0.06116703
1463162975.55386 2.92495524 -3.90056171 25.23717399 0.20153632 -0.94371358 -0.25978916 0.03601931
1463162975.62064 2.87741241 -3.91670087 25.20587388 0.20396378 -0.94356137 -0.25981012 0.02427808
1463162975.68733 2.83134656 -3.94010544 25.17625947 0.20797675 -0.94375545 -0.25637078 0.01858351
1463162975.75689 2.78044797 -3.96540656 25.14738702 0.20678683 -0.94494938 -0.25335330 0.01104509
1463162975.85397 2.71568667 -3.98529286 25.10615387 0.20252791 -0.94782222 -0.24619852 0.00133149
1463162975.92278 2.66121776 -3.99099230 25.07841213 0.20172209 -0.94865621 -0.24363821 -0.00009757
1463162975.98741 2.60278889 -3.99211117 25.04937599 0.20419514 -0.94921415 -0.23931434 -0.00504907
1463162976.05398 2.54278574 -3.99278469 25.01922245 0.20573031 -0.94824295 -0.24105701 -0.02004668
1463162976.12077 2.48043971 -4.00298580 24.98850877 0.20542612 -0.94831627 -0.24074464 -0.02320286
1463162976.18739 2.43465091 -4.01719372 24.96218970 0.20974850 -0.94186769 -0.25950298 -0.03935774
1463162976.25629 2.39516513 -4.04373935 24.93106256 0.20788090 -0.94884542 -0.23276428 -0.04794476
1463162976.35422 2.34853458 -4.08042430 24.88973502 0.21735300 -0.94669602 -0.22976565 -0.06109061
1463162976.45389 2.30537692 -4.10699678 24.84987113 0.21867438 -0.94671367 -0.22410829 -0.07543348
1463162976.55392 2.25014825 -4.12053203 24.80840574 0.21569080 -0.94754734 -0.21949982 -0.08632120
1463162976.68748 2.19027730 -4.11571576 24.75861941 0.22158955 -0.94387709 -0.22451021 -0.09792482
1463162976.78740 2.14084985 -4.12155541 24.71198643 0.21589603 -0.94353065 -0.22978226 -0.10168054
1463162976.88724 2.10427139 -4.13873644 24.65804703 0.19549459 -0.93937253 -0.25292927 -0.12404799
1463162976.95421 2.08616147 -4.15976304 24.62053750 0.18296498 -0.93415213 -0.27028243 -0.14432958
1463162977.05417 2.05441848 -4.19979192 24.56510837 0.18057797 -0.92829914 -0.28374943 -0.15855145
1463162977.15414 2.01587907 -4.24690313 24.51466458 0.18265474 -0.93031936 -0.28028050 -0.15028632
1463162977.25634 1.99187567 -4.29298065 24.47367490 0.18578219 -0.93315820 -0.26585073 -0.15499724
1463162977.38747 1.95010900 -4.33977126 24.42585225 0.17493871 -0.93355729 -0.27378357 -0.15135984
1463162977.55425 1.88461783 -4.37275274 24.35704123 0.16509387 -0.93545236 -0.26999376 -0.15740480
1463162977.68739 1.80596425 -4.37883403 24.29421260 0.17686519 -0.93380843 -0.26573236 -0.16157606
1463162977.78746 1.73384695 -4.39050688 24.24793125 0.19283641 -0.92838587 -0.26452531 -0.17589816
1463162977.92317 1.66965764 -4.41869698 24.18432451 0.20967925 -0.92493228 -0.25374353 -0.19012918
1463162978.05414 1.60135800 -4.44459687 24.12083674 0.20465191 -0.92643310 -0.24576767 -0.19858894
1463162978.18766 1.52272134 -4.44273143 24.05303511 0.20100054 -0.92591180 -0.24396759 -0.20679928
1463162978.28764 1.45149558 -4.43267208 23.99378765 0.21213570 -0.92484453 -0.23264713 -0.21339251
1463162978.38767 1.38679843 -4.42132502 23.93031943 0.22729648 -0.92197123 -0.22678239 -0.21650661
1463162978.48770 1.31853631 -4.41928359 23.86503089 0.24184971 -0.91137294 -0.24772822 -0.22257315
1463162978.58966 1.25966621 -4.43367574 23.79803901 0.24017607 -0.91088985 -0.25073273 -0.22299830
1463162978.68758 1.20480317 -4.44776433 23.73063306 0.22511835 -0.91443909 -0.24687188 -0.22842319
1463162978.78740 1.13169461 -4.45540784 23.66159624 0.21134480 -0.92301025 -0.22950264 -0.22519766
1463162978.88748 1.07189370 -4.44791451 23.59607193 0.21114424 -0.92618220 -0.21554329 -0.22615421
1463162978.98761 0.99925590 -4.44632345 23.52976412 0.21467234 -0.92378599 -0.21039249 -0.23721347
1463162979.08994 0.93567198 -4.45248421 23.46920333 0.23135429 -0.90901432 -0.22683078 -0.26213727
1463162979.18778 0.87887615 -4.46645641 23.40502363 0.23667983 -0.90261304 -0.23475892 -0.27232447
1463162979.28755 0.81746998 -4.47720407 23.33688753 0.22413652 -0.90676638 -0.22970154 -0.27344973
1463162979.38780 0.75097848 -4.46777550 23.26635425 0.22952532 -0.90534396 -0.23541907 -0.26879043
1463162979.48777 0.67968254 -4.44924171 23.19036362 0.24223040 -0.90291916 -0.23197033 -0.26879580
1463162979.58758 0.60509190 -4.43660643 23.10865306 0.24753644 -0.90270370 -0.23446827 -0.26244307
1463162979.68785 0.54653853 -4.43938160 23.02863941 0.25481837 -0.90208236 -0.24006190 -0.25235948
1463162979.78794 0.48940790 -4.45326747 22.95177681 0.25433347 -0.90293761 -0.24875947 -0.24111593
1463162979.88790 0.42954539 -4.46025063 22.87799988 0.25347833 -0.90417977 -0.25707412 -0.22829929
1463162979.98784 0.35961406 -4.45578614 22.80446513 0.25099640 -0.90615898 -0.25566817 -0.22474540
1463162980.09036 0.30195490 -4.43900949 22.73411763 0.25306284 -0.90585982 -0.25437120 -0.22510547
1463162980.18783 0.23910195 -4.43241381 22.66246435 0.24961811 -0.90414327 -0.25744734 -0.23224260
1463162980.28783 0.18933038 -4.43897578 22.59563206 0.25003832 -0.90159408 -0.25484416 -0.24426094
1463162980.38785 0.14726459 -4.45040327 22.53519572 0.25103503 -0.89720438 -0.26515234 -0.24839474
1463162980.52122 0.09265545 -4.45362341 22.45397740 0.24387571 -0.89604330 -0.27172429 -0.25258058
1463162980.65456 0.02991144 -4.43118954 22.36783980 0.24705440 -0.89293018 -0.27455797 -0.25740577
1463162980.75653 -0.02050029 -4.40711848 22.29778016 0.25582197 -0.88727290 -0.28258075 -0.25971146
1463162980.85459 -0.06797245 -4.38975857 22.22784281 0.26261166 -0.87799060 -0.30154091 -0.26313628
1463162980.95457 -0.11141297 -4.39043389 22.15623991 0.25593948 -0.88027769 -0.29968055 -0.26419263
1463162981.05460 -0.13992169 -4.39752869 22.09553450 0.25113242 -0.88421444 -0.30118025 -0.25374748
1463162981.18796 -0.18517660 -4.39953821 22.02268595 0.25215863 -0.88895677 -0.28896015 -0.25034761
1463162981.32114 -0.24183056 -4.36439704 21.95899895 0.25146141 -0.89705185 -0.27474850 -0.23786216
1463162981.45451 -0.30953237 -4.29977694 21.89980174 0.26127362 -0.89400224 -0.27189498 -0.24201076
1463162981.55465 -0.37596274 -4.24770468 21.84696610 0.26479463 -0.89117514 -0.27568022 -0.24431760
1463162981.65467 -0.43265857 -4.19752088 21.79737196 0.25787009 -0.88429435 -0.29761236 -0.25090516
1463162981.75669 -0.48271098 -4.17776014 21.74013018 0.27003540 -0.88438893 -0.29421366 -0.24161006
1463162981.85464 -0.52466493 -4.16613641 21.68100097 0.25942885 -0.88352811 -0.31071836 -0.23564561
1463162981.95453 -0.56182388 -4.15655424 21.61605018 0.24879031 -0.88276344 -0.31981645 -0.23780144
1463162982.05461 -0.60007437 -4.13829254 21.53933394 0.23756154 -0.88214382 -0.32515149 -0.24426073
1463162982.12126 -0.63207639 -4.12955463 21.48160363 0.23883004 -0.88682728 -0.32185831 -0.23001046
1463162982.18777 -0.66171131 -4.12372570 21.42199589 0.24252973 -0.89099782 -0.31340010 -0.22154593
1463162982.25679 -0.68950679 -4.12242877 21.36406023 0.24354405 -0.89398517 -0.30729020 -0.21690907
1463162982.32122 -0.71770993 -4.12372305 21.30759153 0.24295433 -0.89413582 -0.31154120 -0.21079944
1463162982.38808 -0.74531376 -4.12811371 21.25316101 0.24111589 -0.89250300 -0.31793817 -0.21027803
1463162982.45469 -0.77498782 -4.13052323 21.19790115 0.23809382 -0.89253007 -0.32136345 -0.20839130
1463162982.52116 -0.80828543 -4.12724904 21.14146979 0.23336035 -0.89422555 -0.32386042 -0.20252912
1463162982.59187 -0.84438732 -4.11891111 21.08335252 0.23023970 -0.89804872 -0.31906700 -0.19670897
1463162982.65526 -0.88103696 -4.10682699 21.02281395 0.22661347 -0.90174124 -0.31199468 -0.19536732
1463162982.72166 -0.91973560 -4.09581468 20.96160574 0.22586434 -0.90286443 -0.30902053 -0.19577393
1463162982.78824 -0.96134207 -4.09310044 20.89926880 0.22589511 -0.90607729 -0.29986809 -0.19512682
1463162982.85480 -0.98920973 -4.09439159 20.84159294 0.22986257 -0.90385314 -0.30220282 -0.19719572
1463162982.92140 -1.01917721 -4.10044023 20.78275493 0.22645720 -0.90477144 -0.30208955 -0.19709814
1463162982.98811 -1.04922258 -4.10994314 20.72650550 0.23213325 -0.90219442 -0.31192908 -0.18670733
1463162983.05479 -1.07823478 -4.11550641 20.66978087 0.23391003 -0.89959086 -0.32029417 -0.18284974
1463162983.12123 -1.10925102 -4.11042848 20.61110963 0.23491842 -0.89457804 -0.33622261 -0.17747624
1463162983.18792 -1.14268610 -4.09811454 20.55036407 0.23365280 -0.89314421 -0.34441711 -0.17051875
1463162983.25665 -1.17721732 -4.08289085 20.48707203 0.22615356 -0.89683774 -0.34432836 -0.16116645
1463162983.32131 -1.21258667 -4.06695601 20.42268696 0.23676736 -0.89303020 -0.35111916 -0.15216314
1463162983.38802 -1.24640634 -4.05681674 20.35889344 0.23755927 -0.89327806 -0.35170164 -0.14807383
1463162983.45459 -1.27939856 -4.05509864 20.29731664 0.24202058 -0.89177015 -0.35412308 -0.14411413
1463162983.52133 -1.31634773 -4.06117321 20.23727715 0.23820081 -0.89197124 -0.35882711 -0.13744375
1463162983.59069 -1.34382732 -4.06744055 20.18323718 0.22947724 -0.89231503 -0.36553484 -0.13228139
1463162983.65477 -1.37619928 -4.07014942 20.12999776 0.22202517 -0.89066970 -0.37592399 -0.12686004
1463162983.72150 -1.40800772 -4.06635414 20.07589134 0.20753275 -0.89337979 -0.37725641 -0.12837569
1463162983.78796 -1.44337264 -4.05723588 20.02188139 0.20039856 -0.89474873 -0.37985408 -0.12237646
1463162983.85460 -1.47956605 -4.04531534 19.96569411 0.19796849 -0.89591109 -0.37918870 -0.11986547
1463162983.92338 -1.51610818 -4.03521994 19.90811710 0.18771367 -0.89705659 -0.38145232 -0.12061173
1463162983.98799 -1.55246607 -4.03295369 19.85124329 0.18988442 -0.89730287 -0.37912025 -0.12271638
1463162984.05470 -1.58750858 -4.03750715 19.79688639 0.18827203 -0.89371373 -0.38913659 -0.12000890
1463162984.12158 -1.61993861 -4.04598378 19.74225801 0.18748319 -0.89316804 -0.39234015 -0.11476106
1463162984.18836 -1.64995289 -4.05391414 19.69001082 0.17821897 -0.89236053 -0.40013580 -0.10872915
1463162984.25485 -1.68205931 -4.05815826 19.63632346 0.17285204 -0.89217118 -0.40307408 -0.10809273
1463162984.32183 -1.70753035 -4.05071808 19.58343575 0.18109687 -0.88977772 -0.40355065 -0.11245626
1463162984.38797 -1.73779878 -4.03519131 19.52958636 0.18208392 -0.88810772 -0.40498024 -0.11874815
1463162984.45556 -1.77089044 -4.01556901 19.47244602 0.18885839 -0.88777525 -0.40383552 -0.11447479
1463162984.52144 -1.80287695 -3.99669563 19.41278775 0.19885814 -0.88525190 -0.40529295 -0.11190235
1463162984.59024 -1.83178432 -3.98497354 19.35426749 0.21211077 -0.87945736 -0.41068418 -0.11358821
1463162984.65488 -1.85732300 -3.98546657 19.29614424 0.22335125 -0.87331415 -0.41851282 -0.11083157
1463162984.72145 -1.87725560 -3.99363096 19.23693872 0.21803082 -0.87568354 -0.41564223 -0.11350086
1463162984.78844 -1.90189981 -4.00363747 19.18042481 0.20612980 -0.87841788 -0.41709404 -0.10920210
1463162984.85478 -1.92239427 -4.00741252 19.12833874 0.19822259 -0.88048964 -0.41771906 -0.10467372
1463162984.92164 -1.94807207 -4.00406547 19.07634969 0.19124462 -0.88495796 -0.41189193 -0.10305315
1463162984.98820 -1.97929791 -3.99340654 19.02516758 0.19171477 -0.88630291 -0.40997590 -0.09814458
1463162985.05478 -2.01234327 -3.97990641 18.97003080 0.18661984 -0.89096625 -0.40304176 -0.09439026
1463162985.12179 -2.04567892 -3.96839144 18.91209524 0.19242435 -0.88799503 -0.40656626 -0.09561157
1463162985.18818 -2.07695695 -3.96561928 18.85145467 0.18573881 -0.89299548 -0.39670391 -0.10337400
1463162985.25469 -2.11027130 -3.97360841 18.79455291 0.19289747 -0.88430989 -0.41143423 -0.10727752
1463162985.32156 -2.13624002 -3.98662738 18.73508128 0.18802163 -0.89454118 -0.39102586 -0.10743709
1463162985.38805 -2.16583577 -3.99755925 18.67980095 0.19471220 -0.89097773 -0.39687579 -0.10361203
1463162985.45499 -2.19377537 -4.00408915 18.62421727 0.19389612 -0.89158754 -0.39555770 -0.10492886
1463162985.52157 -2.22303107 -4.00002054 18.56773831 0.18477518 -0.89404836 -0.39380909 -0.10700493
1463162985.58820 -2.25679624 -3.98736493 18.51125744 0.19540950 -0.89016103 -0.39833307 -0.10372670
1463162985.65494 -2.28998265 -3.97033363 18.44883200 0.19630990 -0.89438581 -0.38918358 -0.10036230
1463162985.72164 -2.32299894 -3.95065790 18.38319220 0.20273755 -0.89262939 -0.38988753 -0.10048867
1463162985.78841 -2.35577683 -3.93898572 18.31714317 0.20801275 -0.89380305 -0.38383782 -0.10254426
1463162985.85520 -2.39022867 -3.93663205 18.25617874 0.22113862 -0.88376320 -0.40120040 -0.09538631
1463162985.92377 -2.42118192 -3.93940536 18.19487914 0.21772391 -0.88148491 -0.40907646 -0.09075848
1463162985.98844 -2.44917786 -3.94413074 18.13597103 0.21313500 -0.87710595 -0.42075656 -0.09067818
1463162986.05506 -2.47804715 -3.94695656 18.07879932 0.20488540 -0.87471944 -0.43096169 -0.08461618
1463162986.12155 -2.50780350 -3.94387388 18.02144510 0.19460255 -0.87697489 -0.43212883 -0.07943283
1463162986.18821 -2.54023576 -3.93558173 17.96423549 0.18848597 -0.88027867 -0.42970793 -0.07023962
1463162986.25490 -2.57174215 -3.92434430 17.90578836 0.18468420 -0.88385947 -0.42394979 -0.07036170
1463162986.32163 -2.60338202 -3.91458946 17.84610982 0.18198149 -0.88606305 -0.41928364 -0.07730610
1463162986.38816 -2.63587016 -3.90951109 17.78879264 0.17991550 -0.88326091 -0.42455034 -0.08507401
1463162986.45490 -2.66588180 -3.91163888 17.73392740 0.18324637 -0.87599388 -0.43606328 -0.09436264
1463162986.52156 -2.68949632 -3.92015324 17.67870654 0.18842291 -0.87621282 -0.43115991 -0.10415869
1463162986.58851 -2.71177751 -3.92665461 17.62820733 0.18596157 -0.87043728 -0.44203746 -0.11117612
1463162986.65495 -2.73478464 -3.93139899 17.57701448 0.18747187 -0.86847292 -0.44333838 -0.11857557
1463162986.72181 -2.75346632 -3.92885721 17.52474418 0.19161018 -0.86727299 -0.44004118 -0.13223789
1463162986.78824 -2.77889184 -3.91749016 17.47128278 0.19690547 -0.86490470 -0.43995949 -0.14001337
1463162986.85498 -2.80707231 -3.90238319 17.41256218 0.20236152 -0.86600763 -0.43570269 -0.13872189
1463162986.92179 -2.83458163 -3.88647057 17.34768852 0.20672915 -0.86900447 -0.42705025 -0.14043639
1463162986.98830 -2.86145498 -3.87558837 17.28021366 0.21651421 -0.87294039 -0.41388643 -0.14069364
1463162987.05500 -2.88725368 -3.87010389 17.21820143 0.22463855 -0.85826896 -0.43729609 -0.14725503
1463162987.12166 -2.91043836 -3.87580947 17.15301905 0.22253770 -0.86083293 -0.43490956 -0.14246866
1463162987.18847 -2.93201745 -3.88285235 17.08951625 0.21862857 -0.86042386 -0.43570710 -0.14843065
1463162987.25509 -2.95949596 -3.88660173 17.02738340 0.21127193 -0.86084935 -0.43978080 -0.14455246
1463162987.32166 -2.98347717 -3.88357810 16.96453132 0.20798817 -0.86326954 -0.43656477 -0.14462994
1463162987.38847 -3.01231767 -3.87420313 16.90172981 0.20332280 -0.86743204 -0.43051394 -0.14449650
1463162987.45493 -3.04259423 -3.86133216 16.83677172 0.19830569 -0.87222773 -0.42213007 -0.14730863
1463162987.52166 -3.07264406 -3.85075472 16.77117594 0.19351895 -0.87661569 -0.41264238 -0.15434249
1463162987.59054 -3.10531219 -3.84598241 16.71181917 0.18963412 -0.87172220 -0.42256143 -0.15994108
1463162987.65511 -3.13240322 -3.84865596 16.65327104 0.19376463 -0.86988271 -0.42450007 -0.15987192
1463162987.72186 -3.15574515 -3.85488021 16.59670080 0.19560134 -0.86858380 -0.42451751 -0.16458184
1463162987.78868 -3.17869270 -3.85884041 16.54382505 0.19175830 -0.86405114 -0.43492977 -0.16577236
1463162987.85521 -3.20155580 -3.85592492 16.49005838 0.19240308 -0.85919480 -0.44297406 -0.16893587
1463162987.92182 -3.22837572 -3.84627801 16.43382059 0.19648411 -0.85665984 -0.44337406 -0.17591861
1463162987.98856 -3.25106692 -3.82961499 16.37681845 0.19788126 -0.85488624 -0.44571463 -0.17706210
1463162988.05524 -3.27585755 -3.81161252 16.31225929 0.19691448 -0.85973190 -0.43711739 -0.17610833
1463162988.12190 -3.30067645 -3.79551550 16.24491853 0.19950253 -0.86175372 -0.43272789 -0.17414313
1463162988.18861 -3.32290702 -3.78881143 16.17898377 0.20092986 -0.86375830 -0.42611134 -0.17882369
1463162988.25761 -3.34583805 -3.78812934 16.11281907 0.20913296 -0.86327472 -0.42467423 -0.17513412
1463162988.32193 -3.36784984 -3.79075994 16.05009703 0.20340808 -0.86079034 -0.43303977 -0.17361364
1463162988.38864 -3.39351034 -3.79762530 15.98933652 0.19465573 -0.86058451 -0.44001520 -0.16700321
1463162988.45520 -3.41946077 -3.79925451 15.92921979 0.18842743 -0.86220910 -0.44411804 -0.15443361
1463162988.52195 -3.44678511 -3.79384863 15.86924781 0.18144478 -0.86568761 -0.44104908 -0.15211331
1463162988.58859 -3.47749536 -3.78370409 15.80995706 0.18353270 -0.86775325 -0.43702549 -0.14942813
1463162988.65525 -3.51397199 -3.77136041 15.74752052 0.17953112 -0.87243342 -0.42897842 -0.15035298
1463162988.72189 -3.54115128 -3.76226651 15.68531325 0.17961745 -0.87561825 -0.42216864 -0.15100959
1463162988.78849 -3.56832512 -3.76175224 15.62381797 0.18236110 -0.87615747 -0.41520588 -0.16339094
1463162988.85524 -3.59405436 -3.77013933 15.56455160 0.18788521 -0.87569928 -0.41116459 -0.16968675
1463162988.92389 -3.61701188 -3.78327949 15.50782521 0.19019498 -0.87693664 -0.40727128 -0.17011204
1463162988.98846 -3.63855060 -3.79228921 15.45416983 0.18253843 -0.87588428 -0.41146772 -0.17378364
1463162989.05527 -3.66478591 -3.79215329 15.39959334 0.17629425 -0.87528206 -0.41542354 -0.17385318
1463162989.12181 -3.69123855 -3.78230152 15.34564515 0.17530986 -0.87332531 -0.41875175 -0.17668141
1463162989.18992 -3.72357636 -3.76579674 15.29056342 0.18057463 -0.86965078 -0.42484095 -0.17495853
1463162989.25537 -3.75583746 -3.74592883 15.22939325 0.19045025 -0.86926525 -0.42106834 -0.17552234
1463162989.32211 -3.79407249 -3.73113699 15.16296972 0.20107862 -0.86988357 -0.41714805 -0.16987488
1463162989.38863 -3.81911378 -3.72012717 15.09859961 0.20927310 -0.86877906 -0.41451897 -0.17205153
1463162989.45528 -3.84784280 -3.72058683 15.03370850 0.21476775 -0.86960874 -0.41207147 -0.16689087
1463162989.52203 -3.87200178 -3.72776607 14.96978010 0.21443744 -0.87149148 -0.40723644 -0.16934480
1463162989.59071 -3.89873442 -3.73636358 14.90971859 0.20910669 -0.87315164 -0.40843096 -0.16451372
1463162989.65546 -3.92688037 -3.73941896 14.85218521 0.19844163 -0.87511340 -0.41113185 -0.16052432
1463162989.72205 -3.95704106 -3.73496467 14.79677694 0.19525974 -0.87468770 -0.41404115 -0.15926390
1463162989.78864 -3.99081583 -3.72473350 14.74142884 0.19291335 -0.87579732 -0.41252547 -0.15995698
1463162989.85513 -4.02620517 -3.70927464 14.68411526 0.19035963 -0.87686734 -0.41143492 -0.15996311
1463162989.92183 -4.06361450 -3.69773930 14.62402762 0.18360023 -0.87886565 -0.40926910 -0.16243440
1463162989.98855 -4.10545284 -3.69375377 14.56459156 0.17967266 -0.87530198 -0.41525209 -0.17067477
1463162990.05537 -4.13563783 -3.69447061 14.50871409 0.18161973 -0.87275281 -0.42036449 -0.16914641
1463162990.12204 -4.16653278 -3.70283633 14.45173141 0.18405201 -0.87530171 -0.41394209 -0.16918548
1463162990.18872 -4.19659440 -3.71454009 14.40035687 0.18539663 -0.87315528 -0.41921416 -0.16579337
1463162990.25541 -4.22534186 -3.72459398 14.34915587 0.18577155 -0.87360043 -0.41875078 -0.16419195
1463162990.32209 -4.25563654 -3.72583227 14.29773436 0.18703095 -0.87339471 -0.41862399 -0.16417994
1463162990.38868 -4.29217265 -3.71816082 14.24429162 0.18893075 -0.87217400 -0.41941469 -0.16646020
1463162990.45548 -4.32199606 -3.70085416 14.19090208 0.19377989 -0.87146335 -0.41922708 -0.16507464
1463162990.52215 -4.35762163 -3.68333412 14.13090786 0.19746209 -0.87315825 -0.41532747 -0.16157502
1463162990.58863 -4.39318121 -3.67146474 14.07127486 0.19937266 -0.87263946 -0.41653033 -0.15891319
1463162990.65526 -4.42706229 -3.66734215 14.01455396 0.20787707 -0.86434805 -0.42922071 -0.15955922
1463162990.72195 -4.45777835 -3.67127972 13.95562221 0.20255469 -0.86584479 -0.42953706 -0.15742400
1463162990.78906 -4.48708685 -3.67948409 13.89874749 0.19574757 -0.86628080 -0.43290051 -0.15439435
1463162990.85552 -4.51688915 -3.68959755 13.84420657 0.18407686 -0.86982359 -0.43313452 -0.14804434
1463162990.92203 -4.54840111 -3.69343612 13.79015007 0.17857606 -0.87311562 -0.43067571 -0.14247156
1463162990.98858 -4.58189560 -3.68993377 13.73693721 0.17790419 -0.87568846 -0.42598355 -0.14162567
1463162991.05533 -4.61852050 -3.68117917 13.68386679 0.17903817 -0.87759896 -0.42023702 -0.14548623
1463162991.12191 -4.65804849 -3.67234717 13.62940825 0.17952408 -0.87967946 -0.41435637 -0.14914407
1463162991.18884 -4.70358080 -3.66978063 13.57085533 0.17823599 -0.88188299 -0.40895559 -0.15254393
1463162991.25528 -4.73619166 -3.67320445 13.51968853 0.17894274 -0.88113350 -0.40817825 -0.15803095
1463162991.32233 -4.77158609 -3.68333235 13.46630834 0.18305404 -0.88258397 -0.40262766 -0.15946074
1463162991.38895 -4.80629419 -3.69474112 13.41673759 0.18392881 -0.88067487 -0.40784848 -0.15569708
1463162991.45544 -4.83906882 -3.70449582 13.36804419 0.17909568 -0.87988802 -0.41293824 -0.15232799
1463162991.52204 -4.87172023 -3.70817037 13.31724693 0.17629689 -0.88117642 -0.41096506 -0.15347718
1463162991.58873 -4.90710843 -3.70309803 13.26592216 0.17771177 -0.88251487 -0.40740449 -0.15364770
1463162991.65543 -4.94437601 -3.69071689 13.21383944 0.18331535 -0.88126415 -0.40706147 -0.15514491
1463162991.72220 -4.98295218 -3.67656179 13.15727833 0.19046788 -0.88265242 -0.40030526 -0.15621268
1463162991.78866 -5.02368786 -3.66549059 13.09869879 0.19725151 -0.88288882 -0.39868848 -0.15048813
1463162991.85535 -5.06078525 -3.66072256 13.04303314 0.20518584 -0.87604801 -0.40818369 -0.15435263
1463162991.92420 -5.10230507 -3.66671908 12.98175401 0.20784745 -0.87574473 -0.40920230 -0.14974676
1463162991.98886 -5.12836762 -3.67733025 12.92568574 0.20391544 -0.87943981 -0.40579444 -0.14260081
1463162992.05562 -5.16170672 -3.68828110 12.87004738 0.19482861 -0.88133073 -0.40954377 -0.13255887
1463162992.12211 -5.19711768 -3.69337931 12.81455492 0.18622951 -0.88567106 -0.40760154 -0.12151678
1463162992.18882 -5.23468632 -3.69075546 12.76030624 0.18303322 -0.88739782 -0.40751325 -0.11382836
1463162992.25784 -5.27596801 -3.68245130 12.70581574 0.18177662 -0.89065054 -0.40294148 -0.10647556
1463162992.32199 -5.31733857 -3.67131105 12.64955844 0.18106953 -0.89313570 -0.39830472 -0.10428707
1463162992.38882 -5.35587047 -3.66504015 12.59257866 0.18134379 -0.89524782 -0.39241152 -0.10797672
1463162992.45547 -5.39200485 -3.66359549 12.53952572 0.17968097 -0.89143527 -0.39950366 -0.11599457
1463162992.52214 -5.42521169 -3.66916454 12.48545353 0.18506934 -0.89312393 -0.39111838 -0.12290400
1463162992.59136 -5.45806052 -3.67796037 12.43632020 0.19400056 -0.88879072 -0.39757432 -0.11978937
1463162992.65546 -5.48761266 -3.68661149 12.38899254 0.19517022 -0.88559390 -0.40437083 -0.11881186
1463162992.72228 -5.51766512 -3.68817291 12.33946687 0.20278917 -0.88176820 -0.40959712 -0.11658298
1463162992.78902 -5.54766968 -3.68146852 12.28739070 0.20414670 -0.88173386 -0.40814321 -0.11953510
1463162992.85550 -5.58200579 -3.66781380 12.23110331 0.20130448 -0.88506693 -0.40228712 -0.11957472
1463162992.92443 -5.61289867 -3.65163551 12.17401488 0.21051570 -0.88479317 -0.39848778 -0.11845535
1463162992.98884 -5.64612886 -3.63796862 12.11230013 0.22260743 -0.88354937 -0.39568535 -0.11497630
1463162993.05548 -5.68077318 -3.62849745 12.04301270 0.21996812 -0.88883584 -0.38419454 -0.11823465
1463162993.12223 -5.70268999 -3.62417381 11.98384508 0.22509027 -0.88483707 -0.39104105 -0.11612330
1463162993.18915 -5.72991782 -3.62889039 11.92238388 0.21945808 -0.88714439 -0.39049415 -0.11102840
1463162993.25569 -5.75734121 -3.63404400 11.86541038 0.21173929 -0.88551936 -0.40036063 -0.10360165
1463162993.32235 -5.78537398 -3.63508278 11.80813030 0.20309738 -0.88672826 -0.40369917 -0.09742398
1463162993.38919 -5.81454716 -3.63048672 11.75055251 0.20241767 -0.88878695 -0.40045407 -0.09338830
1463162993.45554 -5.84664846 -3.61992162 11.69204507 0.19865888 -0.89262865 -0.39528544 -0.08659193
1463162993.52240 -5.87908848 -3.60668747 11.63135300 0.19879561 -0.89477920 -0.39051274 -0.08573385
1463162993.58907 -5.91027368 -3.59875867 11.57038485 0.17857661 -0.90165942 -0.38412945 -0.08697847
1463162993.65577 -5.94163035 -3.59609957 11.51188296 0.17406259 -0.89680206 -0.39687416 -0.08910206
1463162993.72243 -5.96839036 -3.60035588 11.45178233 0.17555418 -0.89859366 -0.39178502 -0.09063478
1463162993.78908 -5.99447255 -3.60887147 11.39476626 0.17993075 -0.89642095 -0.39518731 -0.08877723
1463162993.85553 -6.02548509 -3.62088036 11.33538594 0.17070720 -0.90000496 -0.39210732 -0.08427320
1463162993.92234 -6.04570585 -3.62549184 11.28751131 0.16671106 -0.90203047 -0.39091518 -0.07572173
1463162993.98899 -6.07432448 -3.62358957 11.23370063 0.16828432 -0.90537587 -0.38406041 -0.06687692
1463162994.05554 -6.10403867 -3.61370794 11.17882998 0.17196602 -0.90738358 -0.37903981 -0.05840856
1463162994.12225 -6.13286100 -3.59677589 11.11871805 0.17884014 -0.90791561 -0.37523081 -0.05391919
1463162994.18916 -6.16233579 -3.57808235 11.05525640 0.18287954 -0.90697567 -0.37596745 -0.05097730
1463162994.25781 -6.19669509 -3.56542274 10.98717191 0.18775761 -0.90764110 -0.37229772 -0.04826111
1463162994.32244 -6.21985336 -3.56348488 10.93157132 0.19677251 -0.90161508 -0.38339524 -0.03713378
1463162994.38917 -6.24417468 -3.56881622 10.87092618 0.18987267 -0.90415429 -0.38118239 -0.03396134
1463162994.45635 -6.26870211 -3.57713356 10.81470362 0.18392562 -0.90215319 -0.38941169 -0.02548564
1463162994.52263 -6.29383403 -3.58342430 10.75911003 0.17716537 -0.90273772 -0.39166301 -0.01664703
1463162994.59136 -6.32007358 -3.58204760 10.70239694 0.17453167 -0.90529630 -0.38707229 -0.01234326
1463162994.65558 -6.34900368 -3.57253365 10.64485578 0.17493044 -0.90660114 -0.38391734 -0.00901071
1463162994.72244 -6.38010285 -3.55774623 10.58411802 0.17354780 -0.90928792 -0.37817674 -0.00768023
1463162994.78911 -6.41120207 -3.54315147 10.52176301 0.17043103 -0.91141983 -0.37432584 -0.01213740
1463162994.85588 -6.44110107 -3.53446867 10.46071280 0.16262940 -0.91347733 -0.37269876 -0.01436916
1463162994.92235 -6.47390351 -3.53454989 10.39474168 0.16041469 -0.91227300 -0.37611368 -0.02374021
1463162994.98940 -6.48990832 -3.54259335 10.34468263 0.16033644 -0.91421419 -0.37159087 -0.02061202
1463162995.05578 -6.51183390 -3.55157892 10.29160459 0.15658103 -0.91372309 -0.37452065 -0.01807718
1463162995.12234 -6.53361371 -3.55635682 10.23835534 0.15200313 -0.91559989 -0.37189669 -0.01627090
1463162995.18914 -6.55559268 -3.55365478 10.18345555 0.15071271 -0.91790225 -0.36667152 -0.01712108
1463162995.25569 -6.57850422 -3.54183189 10.12681163 0.14887342 -0.91891545 -0.36483075 -0.01815557
1463162995.32235 -6.60246945 -3.52635441 10.06465599 0.14917394 -0.92275380 -0.35496640 -0.01647462
1463162995.38918 -6.62721610 -3.51090529 9.99855395 0.15662830 -0.92353232 -0.34977493 -0.01459920
1463162995.45593 -6.65197118 -3.50232108 9.92908256 0.16207756 -0.92926267 -0.33189614 -0.00683467
1463162995.52241 -6.67565007 -3.50016504 9.86500469 0.16832469 -0.92273139 -0.34673500 -0.00290220
1463162995.59180 -6.70021669 -3.50985223 9.79950768 0.15887327 -0.92932980 -0.33306360 0.01319224
1463162995.65591 -6.72499309 -3.52008909 9.73708974 0.15415718 -0.93022213 -0.33184288 0.02833118
1463162995.72252 -6.76011784 -3.52910912 9.66895887 0.14759346 -0.93536151 -0.31800038 0.04680566
1463162995.78994 -6.78076403 -3.52962947 9.61675724 0.14243262 -0.93957602 -0.30565862 0.05901402
1463162995.85610 -6.81239614 -3.52435325 9.55887855 0.14413549 -0.94272800 -0.29331262 0.06675770
1463162995.92456 -6.84683807 -3.51455088 9.50030886 0.14462299 -0.94465957 -0.28443838 0.07614002
1463162995.98939 -6.87958496 -3.50545381 9.43961395 0.14058612 -0.94709828 -0.27732008 0.07958617
1463162996.05582 -6.90917087 -3.49844747 9.37748666 0.13945844 -0.94748919 -0.27819748 0.07363246
1463162996.12243 -6.93631180 -3.49845096 9.31783756 0.14202779 -0.94386328 -0.29011400 0.06916702
1463162996.18926 -6.96229723 -3.51048481 9.25703916 0.14227402 -0.94875885 -0.27347664 0.06946418
1463162996.28908 -6.99532025 -3.52539078 9.17942287 0.13722297 -0.94860472 -0.27451691 0.07719716
1463162996.38951 -7.02982708 -3.52619955 9.10202704 0.14158626 -0.94771222 -0.27476618 0.07936263
1463162996.48917 -7.06917411 -3.50559410 9.02000940 0.14348730 -0.94673494 -0.27747439 0.07818122
1463162996.59152 -7.10532157 -3.47799111 8.93201861 0.15504646 -0.94595104 -0.27340007 0.07993516
1463162996.68914 -7.14049326 -3.46176749 8.84246479 0.16372501 -0.94184471 -0.28138944 0.08332253
1463162996.78988 -7.16901947 -3.46395687 8.75389299 0.15789252 -0.94196335 -0.28263542 0.08883816
1463162996.88943 -7.20520051 -3.47218649 8.66514578 0.13710940 -0.94459880 -0.28314094 0.09362332
1463162996.99479 -7.23106122 -3.47044135 8.59307254 0.11651823 -0.94849010 -0.27680939 0.10082955
1463162997.08921 -7.27158693 -3.45321800 8.51466481 0.11962720 -0.94882133 -0.27559377 0.09734215
1463162997.18925 -7.31896332 -3.43401992 8.42887699 0.12224798 -0.95158335 -0.26505832 0.09637765
1463162997.28945 -7.36735186 -3.42246152 8.33804568 0.12199734 -0.95027392 -0.27093858 0.09321167
1463162997.38940 -7.41271690 -3.43371982 8.25098456 0.12570075 -0.95007714 -0.26866027 0.09682153
1463162997.48924 -7.45892356 -3.45249295 8.17242373 0.12507474 -0.94836265 -0.26636003 0.11839308
1463162997.59169 -7.50589921 -3.46148882 8.09627056 0.12206767 -0.94820612 -0.26145036 0.13284704
1463162997.68951 -7.55756738 -3.45203789 8.01656070 0.12154383 -0.94853555 -0.25752957 0.13851325
1463162997.78923 -7.60597659 -3.43222020 7.93607452 0.12145435 -0.95110117 -0.24309026 0.14684187
1463162997.85597 -7.64169152 -3.42206617 7.87716470 0.12824644 -0.95067345 -0.23452455 0.15738829
1463162997.92491 -7.67489996 -3.41394539 7.81534440 0.14505609 -0.94852977 -0.23215131 0.15923499
1463162997.98927 -7.71027908 -3.41423543 7.75317942 0.15799003 -0.94326227 -0.24457937 0.15961321
1463162998.05614 -7.73338127 -3.42136451 7.69841017 0.15793160 -0.94299396 -0.24033271 0.16751174
1463162998.15617 -7.77756863 -3.43153092 7.62140733 0.15028928 -0.94062998 -0.24171481 0.18493873
1463162998.25867 -7.82500196 -3.42868297 7.54524493 0.14616579 -0.94117485 -0.23868512 0.18935382
1463162998.35620 -7.87647607 -3.41350885 7.46635338 0.13685771 -0.94497911 -0.22980160 0.18834988
1463162998.45616 -7.92778488 -3.39834506 7.38131714 0.13188231 -0.94589686 -0.22981749 0.18727014
1463162998.52265 -7.95723492 -3.39374143 7.32123285 0.12709689 -0.94868238 -0.22931556 0.17681204
1463162998.59142 -7.98170016 -3.39667834 7.26215321 0.13041954 -0.94965678 -0.23380160 0.16272540
1463162998.65614 -8.00442606 -3.40747065 7.20591651 0.13602034 -0.95169126 -0.22883630 0.15302342
1463162998.75842 -8.03735605 -3.41971624 7.12674844 0.12602274 -0.95639234 -0.22225095 0.14155029
1463162998.85618 -8.07587214 -3.41524694 7.04691361 0.13037325 -0.95886526 -0.21627324 0.12963841
1463162998.95618 -8.11229759 -3.39049526 6.97084383 0.13712670 -0.95754940 -0.22512397 0.11668167
1463162999.05635 -8.15179835 -3.36574198 6.88187302 0.14530896 -0.95765247 -0.22538253 0.10483206
1463162999.15599 -8.18865606 -3.35327416 6.79035112 0.16409164 -0.95262767 -0.23904449 0.09182697
1463162999.25896 -8.21190928 -3.35976134 6.70307614 0.16962961 -0.95436060 -0.23165959 0.08219174
1463162999.35610 -8.23585360 -3.36833717 6.62276959 0.16384494 -0.95533008 -0.23664441 0.06707231
1463162999.45607 -8.26533749 -3.36606700 6.54478965 0.15721906 -0.95834735 -0.23174218 0.05610776
1463162999.55603 -8.29806675 -3.34551479 6.46584342 0.16035841 -0.95898024 -0.23127137 0.03399477
1463162999.65626 -8.33515566 -3.32242181 6.38162857 0.15922227 -0.96059850 -0.22750106 0.01191889
1463162999.75602 -8.37054442 -3.30672727 6.30021826 0.15736843 -0.95683162 -0.24415940 -0.00972676
1463162999.85606 -8.39710510 -3.30949388 6.22524251 0.16733888 -0.95348900 -0.24933444 -0.02624435
1463162999.95619 -8.41580352 -3.31226503 6.15645492 0.16493272 -0.94928287 -0.26415481 -0.04337591
1463163000.05608 -8.43760532 -3.30389741 6.08275934 0.16347344 -0.94699821 -0.26911509 -0.06362309
1463163000.15609 -8.45689209 -3.27868710 6.00284739 0.16751234 -0.94592308 -0.26681414 -0.07732626
1463163000.25632 -8.47852067 -3.24927434 5.91399049 0.18092482 -0.94323981 -0.26123781 -0.09653844
1463163000.35612 -8.49615310 -3.22892041 5.82401120 0.17667831 -0.94361176 -0.25702089 -0.11100394
1463163000.45636 -8.50606996 -3.22468354 5.73710095 0.18096365 -0.94124219 -0.26081415 -0.11528779
1463163000.55617 -8.51033213 -3.22559324 5.65521586 0.17782866 -0.93861755 -0.26617015 -0.12855935
1463163000.65628 -8.51715336 -3.21461025 5.57695122 0.17544153 -0.93617954 -0.27067661 -0.13972228
1463163000.75834 -8.52988434 -3.18638607 5.49837633 0.17694098 -0.93368042 -0.27223615 -0.15106368
1463163000.85644 -8.54656725 -3.15576198 5.41227184 0.17681805 -0.93029149 -0.27164125 -0.17176772
1463163000.95629 -8.54328751 -3.13214154 5.32363249 0.17286442 -0.92522316 -0.27989579 -0.18904590
1463163001.05621 -8.53805168 -3.13180440 5.23732746 0.17820223 -0.92082989 -0.27581847 -0.21033411
1463163001.15640 -8.52797279 -3.13604270 5.15844426 0.18010454 -0.91538530 -0.27746430 -0.22944644
1463163001.25637 -8.51692812 -3.12480470 5.07899518 0.17127926 -0.91341498 -0.27453724 -0.24691251
1463163001.35636 -8.50405368 -3.08957283 5.00155553 0.17029683 -0.90758829 -0.27459032 -0.26810940
1463163001.45619 -8.48784386 -3.04699508 4.91426870 0.18327837 -0.90106037 -0.27070005 -0.28499251
1463163001.55668 -8.46126096 -3.01835298 4.82013202 0.18160812 -0.89748695 -0.25973310 -0.30671548
1463163001.65652 -8.43602838 -3.00916291 4.72284088 0.18287053 -0.89394605 -0.24758986 -0.32575773
1463163001.75895 -8.39978222 -3.00029742 4.64235560 0.18169620 -0.88416820 -0.25870547 -0.34395430
1463163001.85650 -8.37464715 -2.98751528 4.55902874 0.16783546 -0.88151260 -0.25920817 -0.35718050
1463163001.95630 -8.35307144 -2.95947024 4.47194819 0.15215226 -0.87983498 -0.25006617 -0.37444225
1463163002.05645 -8.32722533 -2.92665246 4.38129422 0.14479592 -0.87459849 -0.24386656 -0.39324384
1463163002.15704 -8.30005213 -2.90965504 4.28786932 0.13072303 -0.86721271 -0.24369809 -0.41408314
1463163002.25872 -8.26863163 -2.91089125 4.19767173 0.14400048 -0.85735330 -0.22466138 -0.44015502
1463163002.35654 -8.24241507 -2.91334634 4.11418508 0.15032623 -0.84386912 -0.22346736 -0.46405741
1463163002.45645 -8.21544174 -2.90414328 4.03497971 0.13574447 -0.83678789 -0.21617258 -0.48438505
1463163002.55641 -8.19227765 -2.87344266 3.95421000 0.13113009 -0.82660132 -0.21557507 -0.50305323
1463163002.65653 -8.16838077 -2.83963248 3.86063445 0.12962076 -0.82416953 -0.20120076 -0.51328481
1463163002.75871 -8.13258961 -2.81575152 3.76912970 0.12326509 -0.82200156 -0.19044728 -0.52234948
1463163002.85647 -8.10029289 -2.81012517 3.67258858 0.11966681 -0.82395360 -0.18256103 -0.52292618
1463163002.95645 -8.07052848 -2.80825844 3.57979150 0.12328243 -0.82144596 -0.18741472 -0.52431260
1463163003.05639 -8.04817647 -2.79988319 3.48043742 0.11268742 -0.82417264 -0.17607126 -0.52634581
1463163003.15670 -8.02285938 -2.76717487 3.39539395 0.10619625 -0.82702779 -0.16927144 -0.52544701
1463163003.25642 -8.00100002 -2.72741779 3.30465618 0.10670979 -0.81436632 -0.17571874 -0.54271857
1463163003.35664 -7.97862982 -2.69930147 3.21406488 0.10553803 -0.79492877 -0.19454966 -0.56488972
1463163003.45658 -7.95211525 -2.69347290 3.12844344 0.10409219 -0.78638024 -0.19065449 -0.57829214
1463163003.55663 -7.92603006 -2.69184967 3.05228967 0.13588563 -0.77270713 -0.19120804 -0.58982902
1463163003.65641 -7.89946402 -2.68739032 2.97829193 0.11149709 -0.76572076 -0.19057571 -0.60408693
1463163003.78982 -7.87032904 -2.65353699 2.87425847 0.10437375 -0.76181640 -0.18986442 -0.61048619
1463163003.88980 -7.84120672 -2.62246329 2.78699252 0.11216374 -0.76079460 -0.17715547 -0.61418793
1463163003.98982 -7.80798254 -2.60043784 2.68936744 0.11491594 -0.75265892 -0.17570278 -0.62404119
1463163004.09208 -7.76715914 -2.59357329 2.60912468 0.11753776 -0.74957932 -0.17466779 -0.62754034
1463163004.19001 -7.73457571 -2.59735292 2.51973113 0.11342521 -0.75495293 -0.17353968 -0.62214530
1463163004.32338 -7.69762390 -2.57851391 2.41010602 0.11585872 -0.75229173 -0.18365253 -0.62201740
1463163004.45673 -7.67130909 -2.52880130 2.30116817 0.12151081 -0.75085722 -0.18149496 -0.62330422
1463163004.59247 -7.63957788 -2.47673420 2.18839437 0.11763845 -0.74571738 -0.19068530 -0.62745988
1463163004.69008 -7.61101978 -2.45958971 2.10426807 0.12350344 -0.73121837 -0.18697939 -0.64428666
1463163004.82328 -7.56915949 -2.44775885 1.99351502 0.12471705 -0.72252882 -0.17642588 -0.65671278
1463163004.95655 -7.53238333 -2.41255577 1.87248185 0.11728008 -0.71781543 -0.17576574 -0.66339490
1463163005.05685 -7.50251309 -2.36482088 1.78903137 0.11688481 -0.72414088 -0.16623641 -0.65903215
1463163005.15689 -7.46703083 -2.31125881 1.69190011 0.12696138 -0.72494750 -0.15000951 -0.66017352
1463163005.25714 -7.42743761 -2.26589425 1.59579004 0.14654658 -0.71611279 -0.15980815 -0.66345152
1463163005.35684 -7.38318942 -2.24111561 1.50712873 0.15202712 -0.70934870 -0.17023061 -0.66688358
1463163005.45661 -7.34142751 -2.22125190 1.41344461 0.13903953 -0.70373992 -0.18297730 -0.67226293
1463163005.55671 -7.30706152 -2.18864913 1.33689091 0.13126338 -0.70431705 -0.18614221 -0.67235295
1463163005.65677 -7.27474299 -2.14465820 1.25154230 0.13454151 -0.69841975 -0.18169366 -0.67904039
1463163005.75888 -7.23658816 -2.10867601 1.17075513 0.12834260 -0.67754103 -0.18648322 -0.69977878
1463163005.85666 -7.19305515 -2.09241059 1.09199355 0.13130955 -0.65936003 -0.18252476 -0.71741680
1463163005.95671 -7.14669133 -2.08431099 1.01693601 0.13352044 -0.64367832 -0.18194745 -0.73126304
1463163006.05685 -7.10013612 -2.06289126 0.94510467 0.12901259 -0.63530004 -0.18247966 -0.73922309
1463163006.15709 -7.05234924 -2.02047101 0.87305189 0.12339745 -0.63523985 -0.17935014 -0.74099725
1463163006.25912 -6.99490192 -1.96970401 0.80191127 0.12317467 -0.63168250 -0.16712458 -0.74691003
1463163006.35690 -6.92863088 -1.92281110 0.73160631 0.13040687 -0.61993299 -0.17423146 -0.75387037
1463163006.45709 -6.85806816 -1.90001126 0.65859525 0.13931972 -0.61758431 -0.17305004 -0.75447552
1463163006.55707 -6.79159505 -1.88424727 0.57572247 0.13716794 -0.61970407 -0.18404725 -0.75051878
1463163006.65750 -6.73015902 -1.85912648 0.51018199 0.12009035 -0.62797472 -0.19107791 -0.74479211
1463163006.75680 -6.66940489 -1.81383730 0.43793875 0.11387195 -0.63249600 -0.18676398 -0.74303513
1463163006.85694 -6.60547923 -1.76599572 0.36618921 0.11182123 -0.62603190 -0.18741565 -0.74863572
1463163006.95691 -6.54067774 -1.73134999 0.30022161 0.11947125 -0.60775607 -0.20501448 -0.75784447
1463163007.05685 -6.47336087 -1.71351448 0.23488222 0.12503214 -0.60758982 -0.20862731 -0.75609273
1463163007.15700 -6.40572538 -1.69411406 0.17870671 0.13109552 -0.59575904 -0.20759969 -0.76471400
1463163007.25891 -6.33480025 -1.64950406 0.12093005 0.13170107 -0.58665896 -0.20645990 -0.77191995
1463163007.35678 -6.25752615 -1.59631332 0.08178983 0.12875268 -0.58131612 -0.20287701 -0.77739001
1463163007.45676 -6.16890292 -1.54535720 0.03421822 0.13231083 -0.57810737 -0.19274234 -0.78175194
1463163007.52369 -6.11018720 -1.51758909 0.00309070 0.16270146 -0.56298348 -0.19623295 -0.78617458
1463163007.62364 -6.02004099 -1.49733696 -0.04360389 0.15574057 -0.55644359 -0.19977890 -0.79133040
1463163007.72350 -5.93506203 -1.47646109 -0.09196445 0.15802860 -0.55301438 -0.20761590 -0.79126335
1463163007.82364 -5.85217908 -1.43936461 -0.13959622 0.15096970 -0.55672320 -0.21150741 -0.78900700
1463163007.92370 -5.76596974 -1.39125437 -0.18611763 0.14447763 -0.55998868 -0.20863572 -0.78867612
1463163008.02375 -5.67557368 -1.35191832 -0.23297080 0.12788047 -0.54750700 -0.20873940 -0.80019406
1463163008.12355 -5.58964655 -1.33238229 -0.27072714 0.13467474 -0.52945044 -0.20241723 -0.81275593
1463163008.22372 -5.50562755 -1.31944476 -0.31140706 0.13859848 -0.51813926 -0.20616811 -0.81842341
1463163008.32353 -5.42076125 -1.29486996 -0.34520953 0.13401869 -0.50448879 -0.20795910 -0.82721404
1463163008.42553 -5.33405608 -1.24736168 -0.37660100 0.13508850 -0.49801188 -0.20722199 -0.83114037
1463163008.52375 -5.23854453 -1.19313182 -0.40999659 0.13065047 -0.48868132 -0.19592605 -0.84007976
1463163008.62359 -5.13590629 -1.14998099 -0.43221450 0.14493334 -0.47325158 -0.18468613 -0.84906908
1463163008.69046 -5.06495250 -1.13570618 -0.45800166 0.14246544 -0.48129326 -0.18304006 -0.84531458
1463163008.75928 -4.99680186 -1.12645926 -0.48416977 0.15003506 -0.48008675 -0.18734748 -0.84374588
1463163008.85703 -4.89765999 -1.11244930 -0.52310319 0.14484074 -0.48249910 -0.18990147 -0.84270589
1463163008.95710 -4.80121193 -1.07756495 -0.55866077 0.13907467 -0.48598048 -0.18703948 -0.84231671
1463163009.05718 -4.70321301 -1.03196520 -0.59352480 0.12477590 -0.49286812 -0.18054509 -0.84197117
1463163009.15727 -4.60580194 -0.99276184 -0.62628305 0.11371937 -0.48035986 -0.18711210 -0.84930052
1463163009.25711 -4.51123691 -0.97079368 -0.66316647 0.12389394 -0.47247296 -0.19284320 -0.85101768
1463163009.35739 -4.42129280 -0.96018915 -0.69584690 0.13275635 -0.46396684 -0.19500919 -0.85386295
1463163009.45734 -4.33179641 -0.94052595 -0.71943609 0.12911057 -0.45112661 -0.19423481 -0.86144534
1463163009.55712 -4.23953550 -0.90374117 -0.74097751 0.11297554 -0.44559301 -0.19121219 -0.86724927
1463163009.65710 -4.14062643 -0.86056588 -0.75422394 0.10752962 -0.44283432 -0.17620191 -0.87251821
1463163009.75715 -4.03584291 -0.82361873 -0.76574074 0.11893346 -0.42781114 -0.16592893 -0.88051124
1463163009.85719 -3.93003522 -0.80646636 -0.78933396 0.11982376 -0.42988890 -0.16948667 -0.87869908
1463163009.95717 -3.82801270 -0.79607366 -0.80601917 0.12750605 -0.42952661 -0.18032477 -0.87563238
1463163010.05712 -3.72924673 -0.77393147 -0.82704208 0.12317246 -0.43474261 -0.18816288 -0.87202187
1463163010.15775 -3.63359514 -0.73356218 -0.84692850 0.12137394 -0.43837618 -0.19202542 -0.86960964
1463163010.25713 -3.53721698 -0.69550953 -0.86442667 0.11467613 -0.42797675 -0.18769028 -0.87661716
1463163010.35734 -3.44084582 -0.67267626 -0.88279458 0.11148002 -0.41027733 -0.18685786 -0.88562343
1463163010.45735 -3.34402761 -0.66326672 -0.90557330 0.11020867 -0.40713359 -0.18027716 -0.88859239
1463163010.59068 -3.22383816 -0.64495126 -0.92770863 0.11229482 -0.39864254 -0.18384550 -0.89144536
1463163010.69067 -3.13338178 -0.61277930 -0.93760697 0.10667042 -0.39193894 -0.18217885 -0.89544188
1463163010.79048 -3.03720666 -0.57351701 -0.94639610 0.09046118 -0.39371789 -0.17903250 -0.89707879
1463163010.89063 -2.93285914 -0.54284583 -0.94840645 0.09266151 -0.39723497 -0.15624851 -0.89955802
1463163010.99067 -2.82964987 -0.52477044 -0.95434522 0.10366253 -0.39300228 -0.14779677 -0.90164261
1463163011.09289 -2.73153671 -0.51623428 -0.96242348 0.11195861 -0.39359586 -0.15735425 -0.89876983
1463163011.19050 -2.63598082 -0.50358998 -0.96976941 0.10613990 -0.39756070 -0.16724803 -0.89593968
1463163011.29065 -2.54225517 -0.47478651 -0.97518950 0.09554233 -0.39822993 -0.16934169 -0.89644184
1463163011.42402 -2.41783857 -0.42852885 -0.97561449 0.09954563 -0.38530339 -0.16998144 -0.90151998
1463163011.52407 -2.32373953 -0.41189067 -0.97748545 0.09335880 -0.36645777 -0.17721405 -0.90861874
1463163011.62414 -2.22882321 -0.41126357 -0.98456811 0.09243921 -0.35887689 -0.16202973 -0.91455384
1463163011.72406 -2.13747629 -0.40539730 -0.98644552 0.10227634 -0.34772408 -0.15792212 -0.91852497
1463163011.82390 -2.04834925 -0.38561643 -0.98917121 0.09784835 -0.33677507 -0.16557167 -0.92173438
1463163011.92387 -1.95760211 -0.34900526 -0.99032895 0.10128848 -0.33235194 -0.17405740 -0.92140483
1463163012.02392 -1.86061705 -0.31224349 -0.99422289 0.10047321 -0.33216793 -0.16932153 -0.92244231
1463163012.12394 -1.75821171 -0.28882215 -0.99459102 0.09868303 -0.33329870 -0.16596058 -0.92283840
1463163012.22406 -1.65797905 -0.28115052 -1.00400128 0.10335816 -0.33965675 -0.16583646 -0.92002644
1463163012.32400 -1.56478886 -0.27884337 -1.01448119 0.10755853 -0.34127774 -0.17553064 -0.91714212
1463163012.42623 -1.47233079 -0.26728795 -1.01874797 0.10106332 -0.33780889 -0.19311429 -0.91562996
1463163012.52409 -1.38121453 -0.24395062 -1.02202688 0.10606093 -0.33318631 -0.20133275 -0.91498802
1463163012.62409 -1.29347749 -0.21916493 -1.02794056 0.11077491 -0.31833898 -0.20883733 -0.91802842
1463163012.72416 -1.21026795 -0.19808584 -1.03699831 0.12651505 -0.29244059 -0.21177468 -0.92391771
1463163012.82396 -1.13266465 -0.19005166 -1.03910090 0.13559479 -0.26950102 -0.21056676 -0.92986284
1463163012.92602 -1.05914671 -0.18641322 -1.04318514 0.13553694 -0.24985589 -0.21650804 -0.93398396
1463163013.02395 -0.98529775 -0.17552682 -1.04260753 0.12436026 -0.23193863 -0.22075273 -0.93915240
1463163013.12395 -0.90878060 -0.15170394 -1.03989957 0.11868565 -0.22354163 -0.22086258 -0.94189308
1463163013.22408 -0.82644592 -0.12526744 -1.03677523 0.11861107 -0.22353807 -0.21206724 -0.94392247
1463163013.32401 -0.74329086 -0.10795358 -1.03776677 0.12016688 -0.22351903 -0.21121481 -0.94392133
1463163013.42412 -0.65919573 -0.10513136 -1.04124574 0.11766128 -0.22382578 -0.20741690 -0.94500586
1463163013.52402 -0.57616633 -0.10596349 -1.05091397 0.11212771 -0.22169055 -0.20609971 -0.94646901
1463163013.65754 -0.47531397 -0.09768888 -1.04781285 0.10792557 -0.20935907 -0.20682068 -0.94960311
1463163013.75761 -0.39871442 -0.08218715 -1.04699134 0.09892934 -0.19943268 -0.20681666 -0.95271531
1463163013.89068 -0.30166631 -0.05460421 -1.04697624 0.11044778 -0.17697630 -0.20246371 -0.95681196
1463163013.99103 -0.23512669 -0.04649214 -1.04234674 0.11966060 -0.15536735 -0.19728846 -0.96053089
1463163014.12431 -0.15441826 -0.04431422 -1.02911031 0.13170533 -0.13324598 -0.19410587 -0.96292374
1463163014.25771 -0.07685807 -0.03893877 -1.00854969 0.13155574 -0.12022296 -0.19275822 -0.96492684
1463163014.39109 0.00258907 -0.02946484 -0.97651143 0.11612254 -0.12735320 -0.18191974 -0.96809190
1463163014.49100 0.06658586 -0.02197523 -0.95096948 0.10770250 -0.14171441 -0.17210450 -0.96886389
1463163014.62441 0.14910164 -0.03110682 -0.92086946 0.09571375 -0.15767618 -0.17492955 -0.96714877
1463163014.76012 0.21052283 -0.06051637 -0.88466241 0.08107350 -0.15811715 -0.17998785 -0.96748665
1463163014.85767 0.24847530 -0.08509259 -0.85783386 0.06000064 -0.14794390 -0.19329005 -0.96806584
1463163015.02442 0.29116339 -0.11637293 -0.80360051 0.04880358 -0.14137708 -0.18582590 -0.97113308
1463163015.19109 0.30726038 -0.14914320 -0.74312847 0.03414769 -0.12808858 -0.16691210 -0.97701975
1463163015.32441 0.30701443 -0.18170083 -0.69512476 0.02614791 -0.10765099 -0.15276383 -0.98203399
1463163015.45772 0.29606969 -0.21889086 -0.65664343 0.00885058 -0.08217396 -0.15744461 -0.98406316
1463163015.65776 0.26163732 -0.25078405 -0.60320186 -0.00146805 -0.06868402 -0.15630560 -0.98531665
1463163015.82447 0.21082199 -0.26971780 -0.54809147 -0.00635716 -0.07330787 -0.14474892 -0.98672858
1463163015.95761 0.15860039 -0.29179511 -0.49898440 -0.01302962 -0.09207810 -0.14523150 -0.98501760
1463163016.09120 0.10258448 -0.31730926 -0.45145286 -0.00836085 -0.10024204 -0.16509829 -0.98113413
1463163016.35759 -0.00576273 -0.35134159 -0.38845865 -0.00802946 -0.12184661 -0.16748754 -0.97828261
1463163016.49108 -0.05666440 -0.36236892 -0.36616289 -0.01490472 -0.14429089 -0.15794254 -0.97673545
1463163016.62450 -0.10638033 -0.37049320 -0.34339869 -0.01425755 -0.17126417 -0.15405545 -0.97300166
1463163016.75804 -0.15854023 -0.37889817 -0.32712068 -0.01187631 -0.19396074 -0.16613343 -0.96676671
1463163016.89114 -0.21058356 -0.39516028 -0.31176264 -0.00178332 -0.21756567 -0.18858472 -0.95765223
1463163017.02426 -0.26551235 -0.41371437 -0.28888500 0.00280040 -0.22574424 -0.18856879 -0.95575808
1463163017.29106 -0.36446409 -0.42786806 -0.21657186 0.02048156 -0.26998269 -0.18184543 -0.94531587
1463163017.39112 -0.40130519 -0.43395407 -0.18440307 0.01976473 -0.29652434 -0.18269365 -0.93717965
1463163017.49108 -0.44214593 -0.43755688 -0.15148150 0.02551559 -0.30311168 -0.19502623 -0.93243607
1463163017.62432 -0.49759041 -0.43339562 -0.11508431 0.02950777 -0.30549738 -0.22028073 -0.92589257
1463163017.75989 -0.55613838 -0.42058105 -0.09220007 0.03191284 -0.31563427 -0.22526206 -0.92120225
1463163017.85796 -0.60026410 -0.40310932 -0.08671618 0.04928352 -0.32841839 -0.22762130 -0.91536935
1463163017.99141 -0.65972639 -0.38029913 -0.08838055 0.07441208 -0.33718274 -0.20500108 -0.91583033
1463163018.12457 -0.71755916 -0.36083954 -0.09690972 0.07698168 -0.35941267 -0.19337368 -0.90967190
1463163018.25999 -0.77438015 -0.34321803 -0.10246420 0.08547078 -0.37198391 -0.20457454 -0.90137227
1463163018.42682 -0.83096510 -0.31829020 -0.10051796 0.10517690 -0.37809045 -0.20431279 -0.89679525
1463163018.79120 -0.92561929 -0.24132420 -0.09714876 0.14538491 -0.37198507 -0.17557741 -0.89981271
1463163019.02445 -0.95887228 -0.19321964 -0.10749790 0.15803417 -0.36660015 -0.18649362 -0.89769129
1463163019.32506 -0.94395197 -0.14534617 -0.14496862 0.15444286 -0.35814475 -0.20227912 -0.89831114
1463163019.49129 -0.90620898 -0.10750914 -0.18972092 0.15498834 -0.35518368 -0.21546439 -0.89632487
1463163019.62479 -0.86332400 -0.08125080 -0.23525175 0.14959021 -0.34505111 -0.20451858 -0.90373373
1463163019.72482 -0.82829732 -0.06501991 -0.27249897 0.14477379 -0.33701771 -0.19736696 -0.90912370
1463163019.82462 -0.79368749 -0.05118391 -0.30942270 0.14766137 -0.32788075 -0.18589671 -0.91440295
1463163019.95798 -0.74831692 -0.03495818 -0.35285298 0.14845300 -0.32119482 -0.17445809 -0.91889062
1463163020.09155 -0.70659872 -0.01702371 -0.38712296 0.15094861 -0.30137902 -0.17382390 -0.92529479
1463163020.22483 -0.65716822 0.00573908 -0.41780236 0.15245045 -0.29839038 -0.18492953 -0.92386315
1463163020.32467 -0.61513612 0.02764137 -0.43486562 0.14551414 -0.27562340 -0.19547068 -0.92986482
1463163020.42464 -0.56082761 0.05106067 -0.45416968 0.13394278 -0.26410352 -0.19987463 -0.93400150
1463163020.52503 -0.50125240 0.06833261 -0.47314579 0.12411398 -0.26343951 -0.19408665 -0.93676343
1463163020.62471 -0.44225766 0.08180398 -0.49328281 0.13285691 -0.24786675 -0.18680903 -0.94128290
1463163020.72476 -0.38151240 0.08817771 -0.51307418 0.13182635 -0.23971510 -0.17826219 -0.94518838
1463163020.82475 -0.32262248 0.09176942 -0.53053115 0.12803845 -0.23419642 -0.17320578 -0.94802845
1463163020.92692 -0.26839548 0.09911004 -0.54535802 0.12469829 -0.22376918 -0.17435291 -0.95077797
1463163021.02494 -0.21582549 0.11263542 -0.55877486 0.12166362 -0.21121943 -0.17815263 -0.95333413
1463163021.12476 -0.16292668 0.12663227 -0.57244753 0.12020005 -0.20013308 -0.18471106 -0.95466252
1463163021.22482 -0.10836620 0.13319552 -0.58583189 0.11605435 -0.19453365 -0.18670684 -0.95594383
1463163021.32479 -0.05996799 0.13092075 -0.59757225 0.13637975 -0.17518534 -0.17834920 -0.95859388
1463163021.42499 -0.01257379 0.11779769 -0.60556426 0.15336370 -0.16868316 -0.17057693 -0.95860789
1463163021.52488 0.03005179 0.09700516 -0.60801811 0.16713067 -0.17173473 -0.16355992 -0.95698624
1463163021.65830 0.08029984 0.06687927 -0.59899845 0.15427510 -0.18383225 -0.17213156 -0.95539292
1463163021.82513 0.12613517 0.03821499 -0.57208247 0.15122932 -0.18942731 -0.17316597 -0.95459967
1463163021.99156 0.15780021 0.00630020 -0.53749695 0.14305245 -0.20531911 -0.16712615 -0.95365031
1463163022.15829 0.17124619 -0.02447375 -0.50058026 0.13672262 -0.21140230 -0.15942307 -0.95456811
1463163022.32502 0.16972451 -0.05168759 -0.47202342 0.15820910 -0.21212729 -0.14383781 -0.95356310
1463163022.49148 0.15819683 -0.07734537 -0.43719445 0.15173784 -0.19039436 -0.14475108 -0.95904783
1463163022.69165 0.14506897 -0.10664343 -0.39761533 0.15493049 -0.18634517 -0.12241073 -0.96243838
1463163022.85844 0.13522312 -0.13014713 -0.36305560 0.15209588 -0.19505799 -0.12066741 -0.96138369
1463163023.02564 0.12431406 -0.15711461 -0.31952239 0.14491683 -0.20793779 -0.12569972 -0.95914575
1463163023.15819 0.11229962 -0.18192258 -0.28416754 0.12803943 -0.22837632 -0.12934631 -0.95640979
1463163023.32494 0.08220891 -0.20764200 -0.24603270 0.11912637 -0.22449674 -0.13663817 -0.95746547
1463163023.49155 0.04634349 -0.23107557 -0.22258120 0.11145672 -0.23205809 -0.12917624 -0.95762203
1463163023.62515 0.00981523 -0.24445407 -0.20986231 0.09328165 -0.23985462 -0.12371874 -0.95836421
1463163023.76478 -0.03501066 -0.25026647 -0.19438470 0.08105438 -0.25777089 -0.11878381 -0.95544480
1463163023.89157 -0.08939104 -0.24855323 -0.17441504 0.07516179 -0.26275438 -0.12388113 -0.95392049
1463163024.02497 -0.14488951 -0.24083950 -0.15442230 0.07691950 -0.26260103 -0.13901402 -0.95173483
1463163024.15836 -0.19671777 -0.23456464 -0.14112374 0.07048688 -0.25675933 -0.13620679 -0.95422951
1463163024.32522 -0.24908188 -0.22106088 -0.14235416 0.07123416 -0.26130625 -0.13602079 -0.95296542
1463163024.52517 -0.29772701 -0.19920672 -0.16732048 0.06987938 -0.26977003 -0.13791158 -0.95043222
1463163024.69183 -0.33763650 -0.17603562 -0.20530653 0.09181699 -0.27296201 -0.12194173 -0.94983767
1463163024.85837 -0.38169852 -0.16047499 -0.25664306 0.10484852 -0.27172935 -0.10945820 -0.95036248
1463163025.02593 -0.42794562 -0.14635255 -0.32587977 0.10673491 -0.27549367 -0.10042917 -0.95006572
1463163025.19565 -0.47555849 -0.12958358 -0.40865060 0.10356402 -0.27734936 -0.12044575 -0.94754665
1463163025.49184 -0.55673389 -0.09785908 -0.55833611 0.11914546 -0.27763151 -0.14734453 -0.94181457
1463163025.69185 -0.59515912 -0.08012808 -0.63654828 0.13005782 -0.28139938 -0.13576116 -0.94099323
1463163025.92555 -0.62986936 -0.06040346 -0.71535211 0.11365727 -0.29383129 -0.13650980 -0.93920726
1463163026.19192 -0.65290698 -0.03961248 -0.79368218 0.11782539 -0.30298843 -0.14292750 -0.93481919
1463163026.59197 -0.58975615 -0.00737701 -0.82370493 0.11948335 -0.29251429 -0.15552476 -0.93593331
1463163026.79197 -0.52160228 0.00210532 -0.80216585 0.10833672 -0.27891378 -0.14449037 -0.94318227
1463163026.92738 -0.47681874 -0.00311582 -0.78491065 0.09294415 -0.25567624 -0.13499842 -0.95276779
1463163027.05870 -0.44029353 -0.01797564 -0.76828295 0.07414436 -0.23090253 -0.12337532 -0.96227084
1463163027.26107 -0.39619920 -0.03670798 -0.73042030 0.04526629 -0.21717723 -0.12433410 -0.96712256
1463163027.45872 -0.35309475 -0.04635919 -0.67109788 0.02545100 -0.21634797 -0.13503014 -0.96659850
1463163027.62533 -0.30985402 -0.05488336 -0.59968017 0.02819790 -0.22128692 -0.12697682 -0.96649566
