1464104820.72602 -0.11749312 -0.15209802 -0.14801115 0.14973132 -0.11188399 -0.00696534 0.98235126
1464104820.85915 -0.07997589 -0.18719960 -0.14650222 0.18148343 -0.10784255 0.01095241 0.97740155
1464104820.99488 -0.03385345 -0.20887883 -0.14306768 0.19705587 -0.10915417 0.03123432 0.97379606
1464104821.12585 0.01692164 -0.21295023 -0.13341928 0.20286080 -0.09998883 0.04163872 0.97319882
1464104821.25920 0.06524212 -0.20003092 -0.11828127 0.18829000 -0.09253916 0.04459209 0.97672664
1464104821.39245 0.11013651 -0.17958946 -0.10544184 0.17149935 -0.09055379 0.03835467 0.98026369
1464104821.52577 0.15160789 -0.15653536 -0.09706656 0.15675909 -0.08211498 0.02493739 0.98390134
1464104821.66131 0.18911020 -0.13138881 -0.09124570 0.13722397 -0.06573707 0.02931511 0.98792148
1464104821.85905 0.22714340 -0.09041679 -0.08058946 0.11883247 -0.04540865 0.02164695 0.99163920
1464104821.99459 0.23923008 -0.05801838 -0.07239533 0.08766717 -0.03373023 0.00779404 0.99554809
1464104822.16109 0.24520841 -0.02579048 -0.06868854 0.06958123 -0.02452497 -0.01780676 0.99711579
1464104822.45904 0.24176767 0.00803052 -0.07768079 0.06012960 -0.03053302 -0.04763583 0.99658567
1464104822.79238 0.21626837 0.03304010 -0.08815524 0.05490198 -0.01720147 -0.06741123 0.99606506
1464104822.99433 0.18502677 0.05560362 -0.09414812 0.04196595 0.00214902 -0.06899026 0.99673195
1464104823.16124 0.14100507 0.08081846 -0.10258113 0.03594255 -0.00151731 -0.06976873 0.99691432
1464104823.32810 0.09166588 0.10703520 -0.11379473 0.03070841 0.00046477 -0.06356838 0.99750481
1464104823.49453 0.03980618 0.12656490 -0.12885508 0.02077375 -0.00948453 -0.06758992 0.99745180
1464104823.66079 -0.01094618 0.13077350 -0.14555612 0.02673153 -0.02638571 -0.06503152 0.99717607
1464104823.72561 -0.03087421 0.12829173 -0.15350069 0.03153328 -0.03744252 -0.06895048 0.99641836
1464104823.89230 -0.07534656 0.11182023 -0.17525554 0.04048728 -0.06925714 -0.07472917 0.99397172
1464104824.02552 -0.10365251 0.08725919 -0.19274027 0.05283611 -0.09333527 -0.07052695 0.99172719
1464104824.19271 -0.12174345 0.03853279 -0.21352521 0.08559041 -0.11909647 -0.06186245 0.98725040
1464104824.32840 -0.12817782 -0.00973555 -0.22892804 0.11954015 -0.14434034 -0.04955904 0.98103003
1464104824.49416 -0.11953099 -0.06728025 -0.24636774 0.15066462 -0.14832014 -0.03501553 0.97676774
1464104824.66105 -0.09604055 -0.11263407 -0.25691916 0.17017779 -0.14676666 -0.01683524 0.97427698
1464104824.85876 -0.04742699 -0.14406371 -0.25091812 0.16853059 -0.12601730 0.01472602 0.97749692
1464104825.02537 -0.00037681 -0.15323580 -0.22980847 0.15417506 -0.10346323 0.03397879 0.98202386
1464104825.19216 0.04681315 -0.15511649 -0.20174657 0.15083273 -0.08398070 0.03754912 0.98426968
1464104825.35873 0.09531562 -0.14814068 -0.17129724 0.14527031 -0.06145598 0.04652602 0.98638483
1464104825.52537 0.13685423 -0.13176866 -0.14089949 0.13653300 -0.04166152 0.04613677 0.98868319
1464104825.69207 0.17359671 -0.10591488 -0.11386268 0.13090612 -0.02087255 0.05586273 0.98959956
1464104825.85857 0.20163109 -0.07436674 -0.08999592 0.13411735 -0.00208789 0.04834419 0.98978332
1464104826.02542 0.21642976 -0.03583194 -0.07038187 0.10691389 0.00332720 0.03398378 0.99368177
1464104826.16099 0.21945494 -0.00394647 -0.05896698 0.08340348 0.00264114 0.01715638 0.99636466
1464104826.32833 0.21352637 0.03280067 -0.04989477 0.06088389 -0.00578598 -0.00305674 0.99812340
1464104826.45862 0.20365394 0.06189417 -0.04605580 0.03384550 -0.02018348 -0.02105744 0.99900135
1464104826.75858 0.15725056 0.10821338 -0.05341569 0.00540768 -0.06246993 -0.06456416 0.99594163
1464104826.89197 0.12590968 0.11473948 -0.06622823 0.00819496 -0.07239769 -0.07254543 0.99470024
1464104827.05960 0.07540563 0.11549671 -0.08329716 0.02197906 -0.07912937 -0.07815544 0.99355281
1464104827.22516 0.02044224 0.10785895 -0.09828116 0.03917586 -0.08049827 -0.08236433 0.99257312
1464104827.39210 -0.03463310 0.09275065 -0.11345268 0.05053541 -0.06986079 -0.05819578 0.99457473
1464104827.59198 -0.08821331 0.07675333 -0.14509330 0.06325965 -0.05943925 -0.02678495 0.99586533
1464104827.85874 -0.12869493 0.08496013 -0.20770302 0.08252822 -0.05613551 -0.02206744 0.99476174
1464104828.16132 -0.15048175 0.11942466 -0.28922597 0.08912035 -0.05399755 -0.02715451 0.99418532
1464104828.79171 -0.16748297 0.15037058 -0.35178397 0.05541208 -0.03495014 -0.01941540 0.99766278
1464104829.05841 -0.16046537 0.11386508 -0.27455265 0.06191182 -0.00917591 -0.02122457 0.99781373
1464104829.29148 -0.14818220 0.07802703 -0.19916728 0.05958695 0.00900329 -0.00710335 0.99815724
1464104829.49895 -0.13032377 0.05026025 -0.13002711 0.05854703 0.01996556 -0.00343971 0.99807905
1464104829.79155 -0.09900298 0.00020148 -0.01307627 0.06336856 0.01302899 -0.01579652 0.99778011
1464104829.92486 -0.08629567 -0.02082150 0.03515563 0.05381976 0.00639282 -0.01686525 0.99838776
1464104830.05837 -0.07656733 -0.04276340 0.07826566 0.04983344 -0.00039692 -0.01349490 0.99866629
1464104830.19157 -0.07015318 -0.06320788 0.11710487 0.04676567 -0.00861380 -0.01490185 0.99875758
1464104830.35827 -0.06361565 -0.08624231 0.16115841 0.04772161 -0.01369691 -0.02051349 0.99855608
1464104830.49147 -0.05799623 -0.10371706 0.19387794 0.04849426 -0.01814521 -0.03537216 0.99803200
1464104830.62484 -0.05077420 -0.11851856 0.22206107 0.05586745 -0.02627873 -0.04041531 0.99727371
1464104830.82611 -0.03677705 -0.12526957 0.24949445 0.04431355 -0.03831563 -0.03990526 0.99748473
1464104831.05812 -0.01158564 -0.12577070 0.26054250 0.04354167 -0.05903880 -0.04402847 0.99633330
1464104831.22475 0.02029727 -0.12026484 0.25633756 0.05368815 -0.07692371 -0.05652833 0.99398434
1464104831.35809 0.05515584 -0.10984680 0.24368087 0.05732211 -0.08861806 -0.06674620 0.99217234
1464104831.66005 0.13429149 -0.08544631 0.18264962 0.06569922 -0.12281151 -0.07034533 0.98775122
1464104831.82465 0.16861757 -0.07133400 0.14387976 0.07329468 -0.12351038 -0.06075655 0.98776602
1464104831.99139 0.19556638 -0.05241394 0.10601735 0.07191009 -0.10215620 -0.04804960 0.99100166
1464104832.15809 0.21070478 -0.03273254 0.06116659 0.07951686 -0.08205860 -0.03200501 0.99293461
1464104832.32462 0.21788670 -0.00320720 0.00901312 0.07280710 -0.06354185 -0.02155314 0.99508644
1464104832.49125 0.21799546 0.02987632 -0.04785029 0.05766276 -0.04902174 -0.01746889 0.99697879
1464104832.65963 0.21221352 0.06276361 -0.09940647 0.04257777 -0.05611160 -0.02395714 0.99722850
1464104832.85799 0.20731818 0.09454566 -0.15486277 0.04075689 -0.07399298 -0.04317069 0.99548993
1464104833.09129 0.20987565 0.12408077 -0.21514872 0.04370584 -0.09621209 -0.06338693 0.99237852
1464104833.45819 0.18633158 0.13234423 -0.26372500 0.05022178 -0.12750772 -0.07639652 0.98761487
1464104833.72516 0.13928403 0.10563812 -0.25147060 0.08115016 -0.11337850 -0.06262808 0.98824981
1464104833.99336 0.06774912 0.09199989 -0.23894361 0.08792974 -0.10805177 -0.05375772 0.98878880
1464104834.19107 0.00100219 0.08706361 -0.22652587 0.08322839 -0.13331065 -0.07624495 0.98462582
1464104834.35765 -0.06209402 0.07815832 -0.20719316 0.09055955 -0.15924611 -0.09395027 0.97857702
1464104834.52435 -0.13297079 0.06270410 -0.17988552 0.08905408 -0.18139582 -0.09568892 0.97468382
1464104834.66116 -0.19681509 0.04455619 -0.15353779 0.08946193 -0.20172397 -0.09949976 0.97025966
1464104834.79094 -0.25892253 0.02746893 -0.13379575 0.08691859 -0.22462002 -0.10974531 0.96433758
1464104834.92438 -0.31883595 0.01498863 -0.11785094 0.08216615 -0.24598502 -0.12620657 0.95750300
1464104835.19093 -0.45193986 -0.00023949 -0.07738368 0.08796161 -0.27810824 -0.14699904 0.94515070
1464104835.33144 -0.52528774 -0.01568061 -0.05735435 0.09640197 -0.28812674 -0.14365160 0.94183537
1464104835.45921 -0.59475478 -0.03417150 -0.04487263 0.09811601 -0.29728560 -0.14501410 0.93859759
1464104835.59095 -0.66031408 -0.05394391 -0.03608387 0.10088138 -0.31576826 -0.14700203 0.93193549
1464104835.75741 -0.74195625 -0.06957467 -0.01773651 0.10683404 -0.33186149 -0.15604290 0.92417804
1464104835.92433 -0.83057759 -0.07891671 0.00838437 0.10057177 -0.34914944 -0.16514423 0.91690096
1464104836.06100 -0.90572786 -0.08875276 0.02240998 0.09701649 -0.36849231 -0.17549779 0.90774542
1464104836.19083 -0.97663806 -0.10044806 0.02537599 0.09239308 -0.39294908 -0.19170436 0.89459710
1464104836.32652 -1.04482826 -0.10756587 0.02404130 0.08845675 -0.41770252 -0.20539841 0.88063131
1464104836.49317 -1.13231016 -0.10778708 0.02110130 0.09803649 -0.43728316 -0.21687101 0.86725962
1464104836.62888 -1.20859941 -0.10691963 0.01582254 0.10713516 -0.44872640 -0.21685591 0.86031400
1464104836.76077 -1.28204788 -0.11068617 0.00721588 0.11146375 -0.45349294 -0.21919879 0.85666322
1464104836.89096 -1.34757486 -0.11525486 -0.00737983 0.11016733 -0.46673066 -0.21259411 0.85136913
1464104837.02407 -1.40869410 -0.11788571 -0.02483548 0.11024360 -0.48507350 -0.21642829 0.84006479
1464104837.19070 -1.48409879 -0.11063444 -0.04276913 0.11316429 -0.50553645 -0.22717732 0.82463156
1464104837.35727 -1.56594221 -0.10124788 -0.06025431 0.11039420 -0.52230885 -0.23287711 0.81288058
1464104837.52461 -1.64548151 -0.09902776 -0.08319953 0.10529310 -0.53649854 -0.24574849 0.80043136
1464104837.72398 -1.73043561 -0.09256842 -0.11392855 0.09899381 -0.55551268 -0.26277529 0.78265895
1464104837.92399 -1.82061674 -0.07370287 -0.14693327 0.10351098 -0.57052054 -0.27806145 0.76581566
1464104838.15945 -1.93617574 -0.05666568 -0.18966915 0.10432618 -0.57385646 -0.27636094 0.76382553
1464104838.39057 -2.04417026 -0.04536102 -0.23170552 0.08595775 -0.58037525 -0.28636650 0.75747612
1464104838.69064 -2.18938031 -0.02048021 -0.26571033 0.06892086 -0.59173750 -0.29608001 0.74661454
1464104838.99287 -2.34871807 -0.01077697 -0.29429623 0.04815836 -0.60124274 -0.30635046 0.73643556
1464104839.25714 -2.47955418 -0.00118969 -0.31926289 0.04060604 -0.60360170 -0.33139966 0.72400994
1464104839.52383 -2.62891624 0.01758656 -0.34207389 0.04688154 -0.60240548 -0.33370722 0.72356703
1464104839.72373 -2.72791230 0.02536588 -0.36623778 0.03341947 -0.59492796 -0.34931748 0.72313287
1464104839.92375 -2.81679991 0.03692903 -0.39536164 0.02734497 -0.59932011 -0.36953072 0.70958770
1464104840.09030 -2.89809006 0.04995099 -0.42360557 0.02215976 -0.59975412 -0.38270098 0.70238444
1464104840.25708 -2.97640098 0.05540280 -0.45871754 0.01246541 -0.60203570 -0.37693611 0.70378747
1464104840.39033 -3.02970020 0.05007331 -0.49564395 0.01067957 -0.60828710 -0.35967037 0.70746730
1464104840.52438 -3.07714006 0.04389846 -0.53274111 0.00002023 -0.60279579 -0.34197362 0.72089616
1464104840.62359 -3.11320479 0.04222525 -0.55997450 -0.00717600 -0.59422971 -0.31934059 0.73814710
1464104840.72434 -3.14815644 0.04399407 -0.58705999 -0.01033210 -0.57660185 -0.29796550 0.76068398
1464104840.82363 -3.18433316 0.04872690 -0.61791545 -0.01114266 -0.56604412 -0.27789913 0.77604250
1464104840.92357 -3.22053606 0.05218580 -0.64855803 -0.00499404 -0.55232477 -0.25843591 0.79254229
1464104841.02365 -3.25639742 0.05625106 -0.67709920 -0.00847135 -0.53993267 -0.24613277 0.80487242
1464104841.12366 -3.29151018 0.05903959 -0.70395474 -0.01134799 -0.52666476 -0.23260636 0.81755106
1464104841.22413 -3.32674771 0.06071035 -0.72801646 -0.00788835 -0.51645984 -0.22606517 0.82589439
1464104841.32601 -3.36322354 0.06289492 -0.75006630 0.00213723 -0.50682170 -0.21548062 0.83468275
1464104841.42371 -3.40372600 0.06519494 -0.76945391 0.02122717 -0.49437696 -0.19644076 0.84649386
1464104841.52362 -3.44556997 0.06590012 -0.78942816 0.04551245 -0.48194545 -0.17799564 0.85672326
1464104841.65965 -3.50747879 0.06838020 -0.81692560 0.06659779 -0.46839783 -0.16174170 0.86602993
1464104841.79033 -3.56725803 0.07094758 -0.84529905 0.08172783 -0.45763340 -0.15635223 0.87146211
1464104841.92360 -3.62391598 0.07282290 -0.87644311 0.08899538 -0.44700955 -0.15358116 0.87674119
1464104842.02764 -3.66740434 0.07683827 -0.89867176 0.09692729 -0.43311159 -0.14615357 0.88411458
1464104842.12362 -3.71421447 0.08373533 -0.92224328 0.10546803 -0.42279759 -0.13945644 0.88919660
1464104842.22344 -3.76335480 0.09156431 -0.94620732 0.11095493 -0.40974490 -0.13203666 0.89574798
1464104842.32629 -3.81266309 0.09780074 -0.97006670 0.11591931 -0.39159708 -0.13121878 0.90332501
1464104842.45872 -3.87817073 0.10071986 -0.99961134 0.12322256 -0.36984886 -0.12033098 0.91298876
1464104842.59002 -3.93991616 0.09870116 -1.02213246 0.14753149 -0.35585676 -0.11994308 0.91499403
1464104842.72346 -4.00523430 0.10228381 -1.03619783 0.16358702 -0.33774048 -0.11663480 0.91954716
1464104842.85791 -4.08369812 0.10475870 -1.04616072 0.17246654 -0.32583449 -0.11031183 0.92299430
1464104842.95713 -4.14455178 0.09751224 -1.05307632 0.18394465 -0.31288898 -0.08996814 0.92745382
1464104843.09042 -4.22387931 0.08578189 -1.06579471 0.18296164 -0.30620973 -0.08071674 0.93072308
1464104843.22334 -4.29570238 0.07257029 -1.08284496 0.20089729 -0.29674688 -0.07517199 0.93055400
1464104843.35665 -4.36518736 0.06671872 -1.09640275 0.21191261 -0.27883237 -0.06981523 0.93406177
1464104843.49201 -4.43623003 0.06619973 -1.10744492 0.21938202 -0.25396813 -0.06384504 0.93983804
1464104843.59008 -4.49123688 0.06272163 -1.11818952 0.22849176 -0.23527795 -0.04857806 0.94343838
1464104843.68998 -4.54519217 0.05677560 -1.12933681 0.22526857 -0.21896266 -0.03694860 0.94865390
1464104843.82568 -4.61508079 0.04750626 -1.14699452 0.21942747 -0.20523217 -0.02247861 0.95353346
1464104843.95659 -4.68770930 0.04419152 -1.16107221 0.23074822 -0.20051027 -0.03001827 0.95165634
1464104844.09024 -4.75808805 0.04779266 -1.16792478 0.23892779 -0.18695279 -0.02803572 0.95245796
1464104844.22534 -4.83199099 0.05022446 -1.17092438 0.24086425 -0.17680846 -0.02260358 0.95405045
1464104844.35660 -4.90802450 0.04727254 -1.17529702 0.24376253 -0.16801611 -0.02784958 0.95476427
1464104844.48988 -4.97727285 0.04567992 -1.18523024 0.23709878 -0.16649058 -0.03739537 0.95638206
1464104844.62319 -5.04526842 0.04791553 -1.19853232 0.23251849 -0.16809544 -0.04452374 0.95692043
1464104844.75658 -5.11461265 0.05515134 -1.21303327 0.23425144 -0.16223002 -0.04228481 0.95761144
1464104844.88974 -5.18788923 0.06083772 -1.23140357 0.23412689 -0.15540632 -0.03177150 0.95917884
1464104845.02321 -5.26267456 0.06060016 -1.25214612 0.22789804 -0.15291375 -0.02790872 0.96119768
1464104845.15946 -5.32757602 0.06068725 -1.27692413 0.22143231 -0.15113470 -0.02871606 0.96296491
1464104845.28979 -5.39378586 0.06490353 -1.29805874 0.22265197 -0.15815975 -0.03466151 0.96135850
1464104845.42576 -5.46284704 0.07546691 -1.31189430 0.21945416 -0.16516827 -0.03817877 0.96078182
1464104845.55652 -5.53468778 0.08408754 -1.32142252 0.21056628 -0.16342824 -0.03520008 0.96317912
1464104845.68980 -5.60831984 0.08264774 -1.33134803 0.20193377 -0.15556667 -0.03114479 0.96646354
1464104845.82494 -5.67772590 0.07439353 -1.34833573 0.21254534 -0.15321941 -0.03540985 0.96441404
1464104845.95678 -5.74543763 0.07315767 -1.36464316 0.21288694 -0.16054222 -0.04439901 0.96277415
1464104846.08966 -5.81025397 0.07798795 -1.37536389 0.21481432 -0.15450141 -0.04639453 0.96324019
1464104846.22386 -5.87723927 0.08227516 -1.38781546 0.22081597 -0.14826461 -0.03939813 0.96317480
1464104846.35857 -5.94827600 0.08204292 -1.40276840 0.21807221 -0.14641877 -0.03864714 0.96411226
1464104846.48972 -6.01113620 0.07619372 -1.42466622 0.22153021 -0.14779960 -0.03424607 0.96327922
1464104846.62293 -6.07494499 0.07704950 -1.44686042 0.22489806 -0.16397799 -0.04424440 0.95946574
1464104846.75631 -6.13732733 0.08511248 -1.46409722 0.23220682 -0.18060863 -0.05409225 0.95421934
1464104846.88951 -6.20382559 0.09678506 -1.47584108 0.22794785 -0.19590926 -0.05959428 0.95189698
1464104847.02799 -6.27549102 0.10228198 -1.48789411 0.22327993 -0.20715506 -0.06519599 0.95025383
1464104847.16046 -6.34302978 0.10343369 -1.50464836 0.21042568 -0.22213989 -0.07051615 0.94942213
1464104847.28964 -6.40322877 0.10461886 -1.52459036 0.21181179 -0.24183496 -0.08315673 0.94325849
1464104847.45624 -6.47544500 0.11776864 -1.54439014 0.21293000 -0.25911427 -0.10985039 0.93565672
1464104847.62307 -6.55161820 0.13219469 -1.56477348 0.21270654 -0.26416534 -0.11694689 0.93343239
1464104847.75625 -6.60944522 0.13877246 -1.58381017 0.21673407 -0.26745144 -0.11679762 0.93158703
1464104847.88939 -6.66432071 0.14739578 -1.60424159 0.20657128 -0.27119850 -0.12394246 0.93188945
1464104848.02269 -6.71482886 0.15550753 -1.62419559 0.19760959 -0.27798479 -0.13563089 0.93020383
1464104848.18952 -6.77337886 0.16743898 -1.64450669 0.19824466 -0.28350523 -0.15055494 0.92609775
1464104848.35612 -6.83390972 0.18183405 -1.66311817 0.20063647 -0.28813452 -0.15680192 0.92311249
1464104848.49214 -6.89029291 0.19272211 -1.68085330 0.19492302 -0.30000053 -0.16141758 0.91975489
1464104848.58943 -6.93080599 0.19928318 -1.69680757 0.19017651 -0.30787731 -0.17214776 0.91619300
1464104848.68940 -6.96772555 0.20460815 -1.71480709 0.18594318 -0.32433911 -0.17906257 0.91003619
1464104848.78943 -6.99738825 0.21015872 -1.73191856 0.18431312 -0.33337342 -0.18673773 0.90554948
1464104848.88935 -7.02366099 0.21753635 -1.74821497 0.18420113 -0.34485279 -0.19809917 0.89883436
1464104849.02278 -7.05817734 0.22600040 -1.76666544 0.18498313 -0.34727316 -0.20322684 0.89659436
1464104849.18937 -7.10202642 0.23733597 -1.78965765 0.18667983 -0.34752378 -0.20328962 0.89613124
1464104849.32522 -7.14134402 0.24563144 -1.80845083 0.18001905 -0.34426691 -0.19586429 0.90039470
1464104849.45921 -7.17817699 0.25082464 -1.82610626 0.17644483 -0.33650092 -0.19001660 0.90527789
1464104849.58930 -7.21136487 0.25491611 -1.83858348 0.16074742 -0.32348444 -0.18359835 0.91422630
1464104849.75678 -7.24910764 0.25694805 -1.85287459 0.16000435 -0.31359769 -0.18299055 0.91791588
1464104849.92255 -7.28592281 0.26050551 -1.86518130 0.15578616 -0.30523083 -0.17539312 0.92293124
1464104850.05870 -7.31859266 0.26450873 -1.87117554 0.15037894 -0.29779249 -0.17063318 0.92714083
1464104850.18922 -7.35611947 0.26636004 -1.87626075 0.14212525 -0.28893041 -0.16178090 0.93281647
1464104850.28924 -7.38777437 0.26668170 -1.87927510 0.13016667 -0.28282155 -0.15638573 0.93734312
1464104850.38920 -7.41715336 0.26580174 -1.88161327 0.11996395 -0.27530106 -0.15516502 0.94113856
1464104850.52263 -7.45069213 0.26541857 -1.88517268 0.11022311 -0.26451125 -0.15385140 0.94562911
1464104850.65572 -7.47864894 0.26585018 -1.88977044 0.10221385 -0.25196104 -0.15319178 0.95005276
1464104850.78913 -7.50478082 0.26736310 -1.89441292 0.09639509 -0.22977241 -0.14739304 0.95717706
1464104850.92248 -7.53541359 0.27052168 -1.89969344 0.09502294 -0.21469876 -0.14328177 0.96142884
1464104851.02249 -7.56077924 0.27259206 -1.90276290 0.09262356 -0.19838211 -0.13591354 0.96622612
1464104851.12258 -7.58552232 0.27389241 -1.90823887 0.09186236 -0.17769529 -0.12543147 0.97172663
1464104851.22251 -7.60884226 0.27478498 -1.91552038 0.08662597 -0.15466046 -0.11398404 0.97753963
1464104851.32508 -7.62977676 0.27472049 -1.92067586 0.07866665 -0.12980162 -0.10168329 0.98317018
1464104851.45573 -7.65711877 0.27498726 -1.92461055 0.07380172 -0.10549119 -0.09148415 0.98744902
1464104851.58911 -7.68343789 0.27475117 -1.92530677 0.07217813 -0.07934305 -0.08681696 0.99043315
1464104851.72238 -7.71138950 0.27437591 -1.92111021 0.07054142 -0.05827967 -0.08129924 0.99248064
1464104851.82461 -7.73318963 0.27265142 -1.91424554 0.06827480 -0.03947246 -0.07492874 0.99406547
1464104851.92280 -7.75605620 0.26857769 -1.90535092 0.06489618 -0.01727005 -0.06080002 0.99588834
1464104852.02244 -7.78244256 0.26170691 -1.89585228 0.06122595 0.00488955 -0.04253587 0.99720518
1464104852.12247 -7.80939172 0.25246785 -1.88652512 0.05837661 0.02701705 -0.03163279 0.99742750
1464104852.22322 -7.83300160 0.24347960 -1.87640745 0.04911302 0.05431456 -0.01765516 0.99715903
1464104852.32470 -7.85586348 0.23351274 -1.86608543 0.04560401 0.07434470 -0.00724072 0.99616299
1464104852.42230 -7.87522194 0.22692028 -1.85591796 0.04013336 0.09703193 -0.00135001 0.99447086
1464104852.52239 -7.89268588 0.22094762 -1.84289249 0.03486621 0.11870197 0.00482216 0.99230587
1464104852.62237 -7.91072453 0.21530528 -1.82867495 0.03158243 0.14083713 0.00674929 0.98950589
1464104852.72237 -7.92926480 0.20838298 -1.81320443 0.02990523 0.16623510 0.01373400 0.98553688
1464104852.82236 -7.94726247 0.20122128 -1.79712362 0.02366375 0.19448457 0.02692357 0.98025043
1464104852.92236 -7.96522338 0.19250237 -1.78010274 0.01978682 0.22400814 0.03907914 0.97360241
1464104853.02230 -7.98047935 0.18234303 -1.76182174 0.01114736 0.25987387 0.05919327 0.96376214
1464104853.12232 -7.99662547 0.16935567 -1.74478223 0.00852308 0.28301360 0.07258156 0.95632765
1464104853.22220 -8.00634296 0.15622061 -1.72825764 0.00856537 0.31626369 0.09111407 0.94424687
1464104853.35558 -8.01572188 0.14021535 -1.70174751 0.00902498 0.34688265 0.09725389 0.93280902
1464104853.45559 -8.02039523 0.13063052 -1.67901011 0.00964314 0.37048125 0.10607169 0.92271309
1464104853.55552 -8.02444259 0.12297431 -1.65261837 0.00814432 0.39014688 0.11446661 0.91357347
1464104853.65804 -8.02790228 0.11522804 -1.62357742 0.00153602 0.40663972 0.11799828 0.90593498
1464104853.75547 -8.02797690 0.10435722 -1.59113995 -0.00908119 0.42634499 0.13276340 0.89471859
1464104853.85541 -8.02633149 0.09013240 -1.55992938 -0.01965175 0.44299443 0.14755570 0.88407978
1464104853.95535 -8.02160757 0.07416827 -1.53305350 -0.02411361 0.46167448 0.16139637 0.87190964
1464104854.05547 -8.01838619 0.05724287 -1.50949440 -0.02063831 0.47888272 0.16895776 0.86121930
1464104854.15767 -8.01410647 0.04502626 -1.48593661 -0.02587609 0.49881467 0.17597113 0.84826205
1464104854.25546 -8.01032437 0.03575280 -1.46065270 -0.03089186 0.51794714 0.18215819 0.83522144
1464104854.35544 -8.00597011 0.02814046 -1.43291060 -0.03621970 0.54065917 0.19507834 0.81750855
1464104854.42206 -8.00212106 0.02146998 -1.41409271 -0.03852423 0.55652738 0.20010118 0.80545185
1464104854.49087 -7.99515718 0.01389678 -1.39688879 -0.03720180 0.58122481 0.20707446 0.78607500
1464104854.55537 -7.99151148 0.00600102 -1.38090488 -0.03729967 0.60074921 0.21785294 0.76827678
1464104854.65805 -7.98598926 -0.00479638 -1.35830332 -0.04491807 0.62949118 0.23089755 0.74054678
1464104854.75538 -7.97846184 -0.01651859 -1.33699090 -0.04629919 0.65272941 0.24413608 0.71568028
1464104854.85538 -7.96973862 -0.02690809 -1.31715183 -0.04859381 0.67140857 0.25584881 0.69382315
1464104854.95534 -7.95963955 -0.03440191 -1.29859090 -0.05149653 0.68854209 0.26031246 0.67490393
1464104855.05537 -7.94597223 -0.03950689 -1.28009500 -0.05360736 0.70485994 0.26712223 0.65493849
1464104855.15794 -7.92942844 -0.04287891 -1.26159275 -0.05580326 0.72201594 0.27324157 0.63318088
1464104855.25522 -7.90924340 -0.04782734 -1.24175862 -0.05535814 0.73727649 0.27823039 0.61314493
1464104855.35532 -7.88418757 -0.05489017 -1.22130250 -0.05207840 0.75220100 0.28786891 0.59043458
1464104855.45538 -7.85587136 -0.06360698 -1.20276890 -0.05286928 0.76579956 0.29340592 0.56979719
1464104855.52196 -7.83758850 -0.06838277 -1.19244845 -0.05680889 0.77584978 0.30374862 0.55006059
1464104855.62191 -7.81189852 -0.07617125 -1.17895280 -0.05840507 0.79087289 0.31175977 0.52336867
1464104855.72174 -7.79179510 -0.08216091 -1.16733335 -0.06137805 0.80369498 0.31767568 0.49938890
1464104855.82386 -7.76891482 -0.08609266 -1.15625755 -0.06579659 0.81684111 0.31934635 0.47587742
1464104855.92198 -7.74747589 -0.08708581 -1.14513634 -0.07246945 0.82946947 0.32158481 0.45090109
1464104856.02199 -7.72545907 -0.08845024 -1.13367298 -0.07630636 0.84141442 0.32552998 0.42453427
1464104856.12538 -7.69979277 -0.09142621 -1.12349761 -0.07477063 0.85428346 0.33073248 0.39398622
1464104856.22174 -7.67933079 -0.09552725 -1.11604715 -0.07533445 0.86536353 0.33744810 0.36276639
1464104856.32424 -7.65762747 -0.10082948 -1.11244967 -0.07250636 0.87757325 0.34291301 0.32713710
1464104856.42214 -7.63408758 -0.10590121 -1.11324399 -0.06722217 0.88862203 0.33875961 0.30178467
1464104856.55515 -7.60244108 -0.10572008 -1.11606212 -0.07472675 0.89797691 0.33361805 0.27704220
1464104856.65778 -7.57881843 -0.09945967 -1.12159315 -0.07856015 0.90492772 0.33656186 0.24831478
1464104856.75918 -7.55457655 -0.08903370 -1.13101860 -0.08167122 0.90960457 0.33880440 0.22618777
1464104856.85511 -7.52784075 -0.07815588 -1.14265429 -0.08505492 0.91320009 0.34412365 0.20102279
1464104856.95516 -7.49829975 -0.06941687 -1.15898317 -0.08096738 0.91899711 0.34325428 0.17625292
1464104857.05501 -7.46916414 -0.06155198 -1.17634448 -0.08242167 0.92109717 0.34661674 0.15698252
1464104857.15705 -7.44240395 -0.05649539 -1.19456270 -0.08421190 0.92536593 0.34134831 0.14173070
1464104857.25503 -7.42003592 -0.05103762 -1.20934494 -0.08687153 0.92764137 0.34054071 0.12635999
1464104857.35507 -7.40092580 -0.04347497 -1.22509833 -0.09027792 0.92994552 0.34173320 0.10133925
1464104857.45512 -7.38336798 -0.03400749 -1.24069698 -0.09372640 0.93131511 0.34238990 0.08146580
1464104857.55635 -7.36673859 -0.02153143 -1.25746042 -0.09839103 0.93220250 0.34302827 0.06040959
1464104857.65739 -7.34703152 -0.01220968 -1.27164871 -0.10308493 0.93254329 0.34380607 0.03916500
1464104857.75502 -7.32597762 -0.00215658 -1.28852681 -0.10440181 0.93402875 0.34107177 0.01898932
1464104857.88836 -7.29789717 0.01041578 -1.31204097 -0.10694831 0.93446703 0.33955333 -0.00607987
1464104858.05498 -7.27023451 0.02054113 -1.34433139 -0.10746716 0.93635592 0.33215904 -0.03686147
1464104858.28835 -7.24641186 0.03742712 -1.38541234 -0.11163305 0.93651900 0.32616205 -0.06394171
1464104858.52167 -7.22860817 0.05989261 -1.43268963 -0.10944327 0.93410372 0.32828013 -0.08777563
1464104858.72162 -7.20439414 0.08683245 -1.48629073 -0.10609976 0.93540765 0.32379541 -0.09440289
1464104858.95581 -7.18508973 0.11536495 -1.55074188 -0.11460638 0.93271964 0.32214737 -0.11454483
1464104859.18883 -7.17808531 0.13739550 -1.60961052 -0.12450865 0.93003331 0.31640304 -0.13937271
1464104859.38817 -7.17876695 0.16585772 -1.66002659 -0.12716506 0.92232343 0.32057676 -0.17429596
1464104859.55572 -7.18247557 0.19044979 -1.70842926 -0.13214124 0.91240505 0.31895221 -0.21982994
1464104859.72141 -7.18530425 0.21145648 -1.76379147 -0.13660780 0.90374141 0.30872301 -0.26321071
1464104859.92446 -7.19402912 0.23107943 -1.81440897 -0.14362372 0.88998298 0.30922642 -0.30278959
1464104860.15795 -7.21416354 0.25089059 -1.85809955 -0.15484573 0.87209706 0.30828415 -0.34703084
1464104860.35476 -7.24488167 0.26069542 -1.89415864 -0.16079613 0.85806270 0.28736181 -0.39407637
1464104860.52143 -7.28067027 0.27196775 -1.92971952 -0.16655495 0.84296693 0.27421245 -0.43182606
1464104860.68802 -7.32456802 0.28332492 -1.96884269 -0.16653562 0.82614738 0.26077819 -0.47089397
1464104860.88793 -7.37387626 0.29204694 -2.01768800 -0.17022040 0.80979164 0.25094574 -0.50228354
1464104861.15744 -7.42362729 0.29950777 -2.07455100 -0.18294663 0.80111386 0.23676594 -0.51835220
1464104861.45469 -7.48488742 0.32369258 -2.13558797 -0.19367940 0.79237876 0.22554745 -0.53268427
1464104861.75454 -7.55083724 0.35292184 -2.21789893 -0.20469824 0.79430848 0.21251915 -0.53104452
1464104862.08780 -7.60614079 0.38417847 -2.30504538 -0.19636901 0.79787516 0.21552309 -0.52762130
1464104862.38783 -7.64668198 0.42361016 -2.38412096 -0.18796780 0.80457512 0.21265119 -0.52163824
1464104862.58783 -7.66811593 0.44929931 -2.45105049 -0.18748655 0.81527278 0.20120655 -0.50960280
1464104862.75451 -7.67576120 0.46955174 -2.50520025 -0.19480072 0.82434077 0.20775944 -0.48923511
1464104862.92113 -7.67283808 0.49005365 -2.55438001 -0.20137925 0.83348258 0.20965638 -0.46989083
1464104863.08784 -7.66037674 0.52040990 -2.61138029 -0.20188128 0.83988474 0.20400357 -0.46067355
1464104863.22108 -7.63963438 0.54068470 -2.65924027 -0.20082438 0.84572009 0.19309916 -0.45512616
1464104863.35439 -7.61278963 0.56213649 -2.70747729 -0.19079376 0.85075045 0.19228165 -0.45038781
1464104863.48971 -7.58001870 0.58103073 -2.74972305 -0.17902047 0.85388040 0.19815308 -0.44673850
1464104863.62110 -7.54539043 0.59891315 -2.78951348 -0.17830769 0.86514677 0.19542059 -0.42607302
1464104863.75521 -7.51084021 0.61686187 -2.82643398 -0.17785916 0.87387424 0.19653661 -0.40753318
1464104863.88768 -7.47594958 0.63860989 -2.86390015 -0.16984245 0.88246904 0.20139119 -0.38967104
1464104864.02096 -7.43634931 0.65869786 -2.90758697 -0.16659855 0.89215704 0.19689426 -0.37085494
1464104864.15466 -7.39334134 0.67618738 -2.94999420 -0.16082647 0.89793836 0.19653400 -0.35946618
1464104864.28880 -7.35145585 0.69025283 -2.98874380 -0.15744739 0.90576146 0.20081200 -0.33835045
1464104864.45418 -7.30247671 0.70765706 -3.02405856 -0.15246935 0.91110444 0.20904556 -0.32084538
1464104864.62099 -7.25403474 0.72595095 -3.05267571 -0.15818097 0.91664093 0.21069043 -0.30059563
1464104864.78746 -7.20201631 0.74377243 -3.07390126 -0.15863542 0.91922906 0.21346744 -0.29031773
1464104864.95426 -7.14231373 0.75417027 -3.09217076 -0.16080579 0.92218774 0.21181467 -0.28079499
1464104865.12081 -7.08930169 0.76889774 -3.10698546 -0.14815267 0.92580771 0.22043649 -0.26895840
1464104865.28751 -7.04212581 0.77943013 -3.11997798 -0.15702504 0.92931562 0.21674387 -0.25443605
1464104865.45404 -6.99573292 0.79437463 -3.13013908 -0.16686858 0.93647864 0.21429431 -0.22190219
1464104865.62072 -6.94759376 0.80837704 -3.13892848 -0.15941624 0.94218684 0.21927175 -0.19695259
1464104865.78739 -6.89955159 0.81781498 -3.14810405 -0.15303485 0.94881180 0.22410748 -0.16159309
1464104865.95419 -6.85710766 0.82165378 -3.14861823 -0.15071007 0.95231654 0.23059750 -0.13116587
1464104866.15692 -6.80741254 0.82472073 -3.13832945 -0.14962882 0.95529379 0.23183959 -0.10618569
1464104866.35415 -6.74825771 0.82211988 -3.11638844 -0.15096860 0.95732039 0.22717646 -0.09558767
1464104866.49009 -6.70190971 0.81923198 -3.09480757 -0.14393731 0.95696656 0.23350740 -0.09471725
1464104866.62060 -6.65360529 0.81555962 -3.07102110 -0.14489673 0.95645934 0.23925724 -0.08334535
1464104866.78746 -6.59453891 0.81129086 -3.04129456 -0.14861743 0.95507139 0.24886062 -0.06180530
1464104866.88730 -6.56517275 0.80831792 -3.02646055 -0.14629322 0.95613433 0.24864664 -0.05079643
1464104867.05377 -6.51931848 0.80578727 -3.00605025 -0.14700115 0.95906849 0.24128318 -0.01899246
1464104867.25391 -6.46761331 0.80553944 -2.98908589 -0.13850383 0.96164935 0.23662897 0.00734550
1464104867.45387 -6.41347535 0.80973320 -2.97848745 -0.14064381 0.96253358 0.22875503 0.03767695
1464104867.62045 -6.35867147 0.81818171 -2.97653350 -0.14356805 0.95985383 0.23614322 0.04801274
1464104867.78716 -6.29335438 0.82231728 -2.98336219 -0.14095020 0.96078531 0.23424785 0.04639586
1464104867.92045 -6.24063817 0.81659645 -2.98570462 -0.13609807 0.96129626 0.23275992 0.05665365
1464104868.05400 -6.18919138 0.81027171 -2.98306894 -0.12691377 0.96119217 0.23415219 0.07193925
1464104868.18718 -6.13558340 0.80639121 -2.97650779 -0.12857163 0.96051372 0.22982328 0.08979971
1464104868.32477 -6.07932435 0.80794929 -2.96556025 -0.13021648 0.95980733 0.22746683 0.10036131
1464104868.45382 -6.02465662 0.80994643 -2.95234341 -0.13095790 0.95902177 0.23136098 0.09797635
1464104868.58712 -5.96740374 0.80818095 -2.93839168 -0.13388309 0.95759421 0.23264891 0.10470496
1464104868.72032 -5.91160349 0.80668940 -2.92279957 -0.12775677 0.95529629 0.24519486 0.10472191
1464104868.85380 -5.85639748 0.80321583 -2.90628379 -0.12805545 0.95248811 0.24483045 0.12816496
1464104868.95382 -5.81551697 0.80121083 -2.89316682 -0.12707491 0.95170914 0.23963641 0.14379180
1464104869.05380 -5.77490560 0.80019198 -2.88027431 -0.12683886 0.95063744 0.23178033 0.16272139
1464104869.18700 -5.72298858 0.80298337 -2.86738242 -0.12054334 0.94967142 0.23074941 0.17420739
1464104869.32261 -5.66535969 0.80235457 -2.86062501 -0.11161530 0.95143730 0.23021319 0.17120449
1464104869.45363 -5.60831322 0.79634553 -2.85331726 -0.10863529 0.95201129 0.22568171 0.17589949
1464104869.55365 -5.56663940 0.79173464 -2.84203988 -0.10707515 0.94775388 0.22762213 0.19617765
1464104869.68698 -5.51519503 0.78650096 -2.82290732 -0.10875241 0.94357439 0.22813603 0.21399589
1464104869.82252 -5.46209635 0.78060978 -2.80435982 -0.10669727 0.94570943 0.21451763 0.21961684
1464104869.95359 -5.40602362 0.77134168 -2.78585762 -0.10357106 0.95023493 0.18547541 0.22787164
1464104870.08694 -5.34903664 0.76327212 -2.76365699 -0.09829404 0.94761505 0.19200653 0.23557905
1464104870.22024 -5.29570533 0.75370949 -2.74176125 -0.08681856 0.94687157 0.20521828 0.23190996
1464104870.35408 -5.23963854 0.74112985 -2.72160084 -0.07950306 0.94400477 0.20414157 0.24669918
1464104870.48836 -5.18090515 0.73490163 -2.70252743 -0.07159964 0.93985641 0.20460461 0.26397040
1464104870.58689 -5.13727800 0.73413057 -2.68874772 -0.07290821 0.93330513 0.20791599 0.28354341
1464104870.72104 -5.07503521 0.73703146 -2.67598689 -0.07050608 0.92785589 0.21565008 0.29598544
1464104870.88797 -4.99124530 0.73438400 -2.66752008 -0.06557412 0.92416407 0.21760408 0.30703302
1464104871.05550 -4.91455534 0.72764355 -2.65957866 -0.06739159 0.91768709 0.22598153 0.31975166
1464104871.18773 -4.85634152 0.72530968 -2.65029590 -0.07108238 0.91184138 0.22979824 0.33269409
1464104871.35346 -4.78106333 0.72745011 -2.63476503 -0.06984075 0.91083589 0.22628097 0.33807865
1464104871.48680 -4.71592566 0.73067188 -2.62002859 -0.07329264 0.91012819 0.22680472 0.33890187
1464104871.62182 -4.65326651 0.73184213 -2.60622112 -0.08710079 0.90719645 0.23943816 0.33477966
1464104871.75345 -4.59392782 0.72740480 -2.59619987 -0.07403744 0.90918436 0.25545593 0.32038185
1464104871.92015 -4.52115104 0.72268521 -2.58366381 -0.07699618 0.90849894 0.25355085 0.32313036
1464104872.08658 -4.44403913 0.72881711 -2.56871047 -0.07893856 0.90477401 0.25033194 0.33539024
1464104872.25333 -4.36055297 0.74022278 -2.55778841 -0.08143245 0.90253212 0.25271534 0.33902726
1464104872.41992 -4.27400418 0.74132420 -2.54866092 -0.08113176 0.89728669 0.26152650 0.34626309
1464104872.58673 -4.19450298 0.73667592 -2.53575657 -0.08667218 0.89227312 0.25890442 0.35959021
1464104872.75632 -4.11619730 0.73793607 -2.51998980 -0.09879210 0.88933966 0.25304643 0.36780781
1464104872.88669 -4.05117068 0.73912860 -2.50821201 -0.10062230 0.89380832 0.24262446 0.36347657
1464104873.01992 -3.98603630 0.74018260 -2.49690131 -0.09669151 0.89828319 0.24695186 0.35036100
1464104873.15571 -3.92189957 0.74026976 -2.48560901 -0.09537318 0.89778305 0.25904032 0.34320208
1464104873.32255 -3.85140867 0.74443951 -2.47227354 -0.10238331 0.89350728 0.27264748 0.34179782
1464104873.49003 -3.78948321 0.75415182 -2.46157652 -0.11149878 0.89064503 0.27602504 0.34369991
1464104873.65486 -3.72969409 0.77116352 -2.44975054 -0.12446612 0.88574762 0.29285698 0.33792620
1464104873.82245 -3.65663280 0.78783209 -2.44617684 -0.12343952 0.88656001 0.30806209 0.32229147
1464104873.95312 -3.59972256 0.79753316 -2.44685266 -0.11599803 0.88795514 0.31993424 0.30939007
1464104874.08658 -3.55107843 0.80725968 -2.44387528 -0.13034847 0.88717700 0.32029276 0.30551399
1464104874.25315 -3.49515924 0.82153469 -2.43638372 -0.13703134 0.88605162 0.33776637 0.28644165
1464104874.41983 -3.43398731 0.83665247 -2.43462596 -0.15428323 0.88793309 0.32770503 0.28351531
1464104874.61977 -3.35942105 0.85488447 -2.42941173 -0.15974918 0.88664337 0.33749470 0.27283890
1464104874.85317 -3.27940621 0.86997880 -2.43103023 -0.16717998 0.88120750 0.34120838 0.28124906
1464104875.05294 -3.21030466 0.89432818 -2.44070621 -0.18334312 0.87292993 0.33286629 0.30590632
1464104875.21966 -3.14745065 0.92163271 -2.45526237 -0.19677319 0.85995668 0.32966575 0.33626674
1464104875.35302 -3.09528170 0.94345774 -2.47262146 -0.19989323 0.84763340 0.32531497 0.36841618
1464104875.51964 -3.03868924 0.96149235 -2.49320521 -0.20401462 0.83376825 0.31981020 0.40116079
1464104875.68639 -2.98989018 0.98016618 -2.50235378 -0.21532214 0.81515283 0.31623049 0.43492587
1464104875.82211 -2.95230833 1.00149956 -2.50687770 -0.22542449 0.79634336 0.31810159 0.46242018
1464104875.98891 -2.90489745 1.02457551 -2.51335888 -0.22821143 0.78431721 0.31483129 0.48337079
1464104876.15534 -2.86135939 1.04210480 -2.51532484 -0.23095990 0.77030067 0.30627940 0.50939898
1464104876.32182 -2.83280211 1.05205370 -2.50641346 -0.23997732 0.74327969 0.30948835 0.54236810
1464104876.48993 -2.81006600 1.05591316 -2.49687686 -0.24335847 0.72172194 0.30094355 0.57387025
1464104876.68636 -2.78628247 1.06172334 -2.48497873 -0.24472269 0.69814741 0.29399106 0.60520265
1464104876.85331 -2.76049146 1.06417132 -2.47367488 -0.23623025 0.68873204 0.27286565 0.62879868
1464104877.05281 -2.74233832 1.06112189 -2.45223180 -0.23492097 0.67495484 0.26089797 0.64898409
1464104877.21943 -2.73713742 1.05212546 -2.42568300 -0.23564929 0.65937291 0.25176318 0.66806593
1464104877.35281 -2.73828664 1.04279311 -2.39728029 -0.23593807 0.65013504 0.24415273 0.67974046
1464104877.45359 -2.74002038 1.03291078 -2.37136883 -0.23365977 0.64570188 0.23998414 0.68620682
1464104877.55280 -2.74272009 1.02034013 -2.34363510 -0.23270127 0.64249413 0.23491443 0.69127897
1464104877.65589 -2.74607089 1.00601744 -2.31545530 -0.22844100 0.64252616 0.22905924 0.69462703
1464104877.75277 -2.75244881 0.99427752 -2.28605162 -0.22725195 0.63868877 0.23179471 0.69764204
1464104877.85273 -2.76151263 0.98262310 -2.25717787 -0.22958170 0.63059876 0.23115589 0.70441777
1464104877.95272 -2.76931826 0.97054049 -2.23073260 -0.22696906 0.62854136 0.22715513 0.70839350
1464104878.05300 -2.77702169 0.95982387 -2.20392541 -0.22942439 0.61907910 0.21622864 0.71927095
1464104878.18599 -2.78389408 0.94768580 -2.16929427 -0.23072626 0.60896126 0.20049161 0.73193899
1464104878.28606 -2.78553784 0.93826435 -2.14558925 -0.22723420 0.60087901 0.19072123 0.74224958
1464104878.38629 -2.78394885 0.92793334 -2.12093971 -0.22084329 0.59120229 0.18223282 0.75398892
1464104878.51922 -2.77857432 0.91253308 -2.08802907 -0.21388824 0.57836558 0.17478206 0.76759123
1464104878.65466 -2.77317212 0.89699699 -2.05612084 -0.21263091 0.57081660 0.17545531 0.77341576
1464104878.78728 -2.77173830 0.88082698 -2.02725915 -0.21533843 0.56174192 0.17735493 0.77885853
1464104878.91968 -2.77244184 0.86578910 -1.99745436 -0.21531045 0.54729712 0.16659750 0.79142438
1464104879.05249 -2.77727877 0.85180715 -1.96637549 -0.21599812 0.54191490 0.15491630 0.79729166
1464104879.18583 -2.78553660 0.83907117 -1.92956076 -0.21932526 0.53354494 0.15396715 0.80219720
1464104879.32170 -2.79687688 0.82366396 -1.89036629 -0.22464791 0.53100884 0.15327180 0.80254015
1464104879.41971 -2.80681036 0.80893376 -1.85748496 -0.22198558 0.53012574 0.16316150 0.80191485
1464104879.51911 -2.81772081 0.79297649 -1.82516110 -0.21906929 0.52431558 0.18047055 0.80282763
1464104879.62163 -2.82752021 0.77867957 -1.79513705 -0.21650021 0.51890169 0.19203142 0.80435852
1464104879.71916 -2.83552873 0.76662912 -1.76860950 -0.21517986 0.51278130 0.19260696 0.80848966
1464104879.85282 -2.84347385 0.75558087 -1.73446861 -0.21561724 0.49977164 0.19636415 0.81558484
1464104880.01913 -2.84437963 0.74552798 -1.69762483 -0.21539534 0.49170208 0.19367070 0.82117329
1464104880.15232 -2.84094007 0.73485240 -1.66273320 -0.21363000 0.48716221 0.20163611 0.82242209
1464104880.25449 -2.83540396 0.72326959 -1.63395156 -0.20997110 0.48170352 0.20084584 0.82676164
1464104880.35254 -2.83136860 0.71233431 -1.60752186 -0.21177046 0.47977384 0.21775719 0.82313555
1464104880.48570 -2.82911605 0.69471700 -1.57568599 -0.20735479 0.47481461 0.21890650 0.82682225
1464104880.61894 -2.83541125 0.68269554 -1.54683739 -0.21739444 0.47095664 0.24032847 0.82047652
1464104880.72077 -2.84080796 0.67405541 -1.52380179 -0.22380240 0.46660231 0.25289660 0.81745831
1464104880.81898 -2.84590471 0.66659308 -1.50047929 -0.23190677 0.47165695 0.26795950 0.80743834
1464104880.91902 -2.84854323 0.65860320 -1.47553923 -0.23219484 0.48375396 0.27975330 0.79611919
1464104881.01902 -2.84931719 0.64785640 -1.44779557 -0.22546157 0.50115624 0.28996611 0.78353632
1464104881.11892 -2.84938395 0.63542441 -1.41968679 -0.22327199 0.51328172 0.30433970 0.77075862
1464104881.21887 -2.84860822 0.62237874 -1.39186811 -0.22336748 0.52793022 0.31911992 0.75469141
1464104881.32087 -2.84606463 0.60874313 -1.36621607 -0.22301903 0.54035352 0.33142122 0.74056773
1464104881.42065 -2.84110396 0.59624167 -1.34163574 -0.21738736 0.55183761 0.34673825 0.72662960
1464104881.51899 -2.83366172 0.58532205 -1.32149692 -0.21271159 0.56331181 0.35303600 0.71609997
1464104881.61900 -2.82408467 0.57811744 -1.30130465 -0.20659206 0.57469330 0.36451726 0.70297547
1464104881.71894 -2.81285721 0.57211064 -1.28168253 -0.19883551 0.58356844 0.37974053 0.68971694
1464104881.82118 -2.79868211 0.56559904 -1.26239094 -0.19012103 0.59781597 0.38551237 0.67664634
1464104881.91893 -2.78289768 0.55760637 -1.24225856 -0.18363886 0.60844123 0.39624369 0.66262129
1464104882.02053 -2.76435124 0.54689046 -1.22149183 -0.17594379 0.62190777 0.40284553 0.64806635
1464104882.11879 -2.74782010 0.53477327 -1.20260786 -0.17430270 0.62901274 0.40447791 0.64059283
1464104882.21889 -2.72740983 0.52274560 -1.18288865 -0.16889053 0.63360679 0.41103125 0.63330225
1464104882.32302 -2.70896587 0.51269166 -1.16662109 -0.16558323 0.64221555 0.41252744 0.62446977
1464104882.41952 -2.69024279 0.50483663 -1.14863819 -0.16412477 0.64895269 0.41708308 0.61478873
1464104882.51898 -2.66952715 0.49810159 -1.13023841 -0.16003099 0.66099056 0.41626135 0.60349652
1464104882.61898 -2.64783905 0.49214034 -1.10785372 -0.15802624 0.67208612 0.42035586 0.58875199
1464104882.71916 -2.62569979 0.48436489 -1.08452231 -0.15526071 0.68690251 0.42337955 0.56992001
1464104882.82343 -2.60585698 0.47473219 -1.06219448 -0.15357254 0.70061794 0.42867570 0.54935154
1464104882.91957 -2.58298722 0.46505592 -1.04295024 -0.15058658 0.71549797 0.43294177 0.52720750
1464104883.01860 -2.55900370 0.45534075 -1.02424767 -0.14145612 0.72645795 0.44205304 0.50679198
1464104883.15465 -2.52732126 0.44533738 -1.00307488 -0.13631235 0.73887838 0.44570761 0.48664402
1464104883.28529 -2.49374817 0.44221957 -0.98576266 -0.13461970 0.75121076 0.44813382 0.46554916
1464104883.41862 -2.45293754 0.43986995 -0.97012918 -0.12344415 0.76978041 0.44452594 0.44113075
1464104883.51866 -2.41615448 0.43674674 -0.95621212 -0.11100057 0.77428700 0.44962679 0.43127052
1464104883.61866 -2.37812372 0.43182553 -0.94360420 -0.10397868 0.78117499 0.45605307 0.41348479
1464104883.71869 -2.34307491 0.42426799 -0.93270150 -0.10454761 0.78699710 0.46305388 0.39406403
1464104883.85324 -2.29532280 0.41239001 -0.91912755 -0.09937316 0.79209601 0.46673512 0.38061426
1464104883.98804 -2.25165746 0.40651089 -0.90644443 -0.09929590 0.79700121 0.46862745 0.36785554
1464104884.08531 -2.21834258 0.40666125 -0.89714889 -0.10081971 0.80261335 0.47248035 0.34987071
1464104884.18531 -2.18200038 0.41002208 -0.88852386 -0.10040701 0.80963263 0.47770975 0.32589390
1464104884.28529 -2.14299970 0.41228993 -0.88290540 -0.10003596 0.81982792 0.47769462 0.29947093
1464104884.38524 -2.10455988 0.41367722 -0.87919980 -0.09882586 0.82861756 0.48246576 0.26618259
1464104884.48987 -2.07037217 0.41315497 -0.87840662 -0.09140644 0.83582646 0.49406415 0.22122296
1464104884.58537 -2.03798775 0.41300352 -0.88020679 -0.08228788 0.83997373 0.50391939 0.18367927
1464104884.68533 -2.00733395 0.41497466 -0.88460071 -0.07920811 0.84488671 0.50547482 0.15616568
1464104884.78534 -1.97747292 0.42172878 -0.89092423 -0.07539863 0.84789814 0.50802687 0.13150089
1464104884.88529 -1.94924125 0.43216469 -0.90095032 -0.07085256 0.85357350 0.50596857 0.10192157
1464104884.98817 -1.92003934 0.44427573 -0.91212725 -0.06410063 0.85490885 0.50948090 0.07383206
1464104885.08526 -1.88789992 0.45491085 -0.92612369 -0.05514112 0.85768786 0.50916539 0.04562457
1464104885.21843 -1.84705208 0.46465127 -0.94593940 -0.05209034 0.85773033 0.51118440 0.01660706
1464104885.35411 -1.81023550 0.47089483 -0.96936956 -0.04181814 0.85842576 0.51113798 -0.00971676
1464104885.48754 -1.77851510 0.47532259 -0.99580814 -0.03376843 0.86094470 0.50668737 -0.03003047
1464104885.61861 -1.75065661 0.48165952 -1.02078974 -0.02903618 0.86070289 0.50543140 -0.05372658
1464104885.75188 -1.72201844 0.49097343 -1.04702679 -0.02428408 0.86141532 0.50158219 -0.07608703
1464104885.85179 -1.69862313 0.49879980 -1.06846521 -0.01570640 0.86075436 0.49876046 -0.10046517
1464104885.95381 -1.67261627 0.50551970 -1.09347755 -0.01382529 0.86666201 0.48410721 -0.11977493
1464104886.11844 -1.63304663 0.51042940 -1.12766780 -0.01450571 0.86799863 0.47546353 -0.14248647
1464104886.28505 -1.59328518 0.50994950 -1.15596733 -0.00675966 0.87411083 0.46198483 -0.14984851
1464104886.42026 -1.55703983 0.50695158 -1.17832981 -0.02381162 0.88765354 0.44059364 -0.13183872
1464104886.55169 -1.51814734 0.50362180 -1.19823799 -0.03069542 0.89771574 0.42347729 -0.11760624
1464104886.68489 -1.47445808 0.49860425 -1.21915969 -0.03197662 0.90922354 0.40223918 -0.10243873
1464104886.85213 -1.42060185 0.48946285 -1.24039726 -0.02471190 0.91768550 0.38491584 -0.09530184
1464104887.02132 -1.37152059 0.47300473 -1.25203245 -0.01364158 0.92198501 0.37698147 -0.08742150
1464104887.18511 -1.32243703 0.45280364 -1.25713836 -0.01091752 0.93297507 0.35317549 -0.06859594
1464104887.35211 -1.27187231 0.43617434 -1.25070109 -0.03460068 0.93947510 0.33764813 -0.04672341
1464104887.51834 -1.21313783 0.41511608 -1.23462963 -0.04929306 0.94527804 0.32088803 -0.03241141
1464104887.65348 -1.16446494 0.39419561 -1.21660232 -0.04692441 0.94862427 0.31239463 -0.01787976
1464104887.82014 -1.11144847 0.37401809 -1.19195889 -0.05276569 0.95035902 0.30658788 -0.00611486
1464104887.98775 -1.06617936 0.36006213 -1.15972264 -0.06781682 0.95069044 0.30238655 0.01228571
1464104888.11837 -1.03127067 0.35625097 -1.13148493 -0.07888771 0.94827163 0.30554982 0.03459710
1464104888.28495 -0.99318378 0.34751804 -1.09259283 -0.07911613 0.94816615 0.30322516 0.05268858
1464104888.45246 -0.95620209 0.33956787 -1.05085103 -0.07000193 0.94631217 0.30763399 0.07038700
1464104888.58479 -0.93000511 0.33730668 -1.00915734 -0.06488059 0.93764643 0.33244886 0.07802210
1464104888.71815 -0.90600898 0.34115061 -0.96937553 -0.06661949 0.92799386 0.35511914 0.09099248
1464104888.85133 -0.88556464 0.35153696 -0.93695183 -0.07438901 0.91874142 0.37502716 0.09866664
1464104889.01814 -0.85424428 0.36811772 -0.90626946 -0.09207590 0.91367588 0.37948022 0.11275273
1464104889.18478 -0.82021559 0.38951346 -0.88587654 -0.11404490 0.90136420 0.39861073 0.12508327
1464104889.35136 -0.78118329 0.41105147 -0.88291771 -0.13027047 0.89415649 0.40998286 0.12420883
1464104889.55127 -0.74403776 0.43714288 -0.89345741 -0.13659065 0.88563715 0.42810553 0.11711317
1464104889.78469 -0.70133008 0.47023183 -0.93294370 -0.14631469 0.88784144 0.42022918 0.11720506
1464104889.98711 -0.66116377 0.50566232 -0.99120489 -0.14386946 0.89245599 0.41207259 0.11410549
1464104890.11805 -0.62695946 0.52091352 -1.03693749 -0.12663598 0.89875266 0.40301082 0.11742772
1464104890.25115 -0.59247066 0.52960542 -1.07928490 -0.12178171 0.90301407 0.39056983 0.13111068
1464104890.41819 -0.55230399 0.54090021 -1.12175698 -0.12392343 0.90213707 0.38248520 0.15651443
1464104890.58507 -0.51184010 0.55997079 -1.16109981 -0.12558704 0.90128465 0.37501751 0.17684952
1464104890.71793 -0.47477028 0.57906856 -1.19490126 -0.12745321 0.90191962 0.36393341 0.19454858
1464104890.85153 -0.43124187 0.59240973 -1.23392426 -0.11794256 0.90776551 0.34412100 0.20888291
1464104890.98694 -0.38872275 0.59977183 -1.27276177 -0.11185858 0.90967614 0.33086761 0.22473009
1464104891.11792 -0.34727232 0.59768602 -1.30799151 -0.09752831 0.91282707 0.31475679 0.24117035
1464104891.28446 -0.29932928 0.59834606 -1.34819563 -0.08642253 0.91380344 0.29276123 0.26792774
1464104891.45114 -0.25014900 0.60164487 -1.38618901 -0.07260391 0.91174374 0.27281752 0.29836660
1464104891.58439 -0.20951304 0.60494391 -1.41723836 -0.05081757 0.91052516 0.25632537 0.32040415
1464104891.75112 -0.15837377 0.60240403 -1.45161299 -0.03837688 0.90335799 0.24074494 0.35286460
1464104891.95110 -0.09428097 0.59934406 -1.47795702 -0.02235022 0.88931480 0.23516648 0.39155636
1464104892.18433 -0.01084394 0.60645894 -1.49351041 -0.00627829 0.87727069 0.22659310 0.42309843
1464104892.45106 0.09756855 0.61897163 -1.50861746 0.01128338 0.86921405 0.22563229 0.43980642
1464104892.68425 0.18383464 0.61913497 -1.52658360 0.02012826 0.85904341 0.21934580 0.46208948
1464104892.85102 0.23970081 0.63391731 -1.54215394 0.02631338 0.84743226 0.21912245 0.48285766
1464104893.01769 0.29446787 0.65237022 -1.57196591 0.03419332 0.83965883 0.21122119 0.49918881
1464104893.15362 0.33890853 0.66400095 -1.60114375 0.04355171 0.82823118 0.19885002 0.52210634
1464104893.28415 0.37894660 0.67327537 -1.62810856 0.04854900 0.81337202 0.19135122 0.54722360
1464104893.45098 0.42186769 0.68895063 -1.65299838 0.04882595 0.79335069 0.18603391 0.57758298
1464104893.61746 0.46558250 0.70538062 -1.68013308 0.04959766 0.77524001 0.18321111 0.60247546
1464104893.75408 0.50254122 0.72574940 -1.70415360 0.05253479 0.76451670 0.17323373 0.61866339
1464104893.88407 0.54177289 0.74850051 -1.73286891 0.04950587 0.75336344 0.16207064 0.63539421
1464104894.01756 0.57905598 0.76788613 -1.76462460 0.04889863 0.73966922 0.15796725 0.65233789
1464104894.15388 0.60887158 0.78339446 -1.79911431 0.05646571 0.72983436 0.16101795 0.66198690
1464104894.28411 0.63266579 0.79606586 -1.83449689 0.06675881 0.71674808 0.16316131 0.67468054
1464104894.41748 0.64978100 0.81159388 -1.86808548 0.07833186 0.69945800 0.14910630 0.69454297
1464104894.55086 0.66067105 0.83197288 -1.90734206 0.08193395 0.67899270 0.14158942 0.71568721
1464104894.68415 0.66777848 0.84789571 -1.94671000 0.08082835 0.65108048 0.13120072 0.74320076
1464104894.85074 0.67949013 0.86377192 -1.99560868 0.09259611 0.62864634 0.12837134 0.76141352
1464104895.01787 0.69854212 0.88211753 -2.04028039 0.10613788 0.61024092 0.12191532 0.77554975
1464104895.18404 0.72456937 0.90313954 -2.07417024 0.11864386 0.58470865 0.11236552 0.79461526
1464104895.35072 0.75320327 0.92330425 -2.10514636 0.12400894 0.55639495 0.09412646 0.81620258
1464104895.51827 0.77819487 0.93551665 -2.13045030 0.12812831 0.52407774 0.09265445 0.83686368
1464104895.71724 0.80661893 0.94418227 -2.15616309 0.13291371 0.49426021 0.10392445 0.85278397
1464104895.88399 0.83251826 0.95522062 -2.17066645 0.13823481 0.46701039 0.10208498 0.86739327
1464104896.05053 0.86245376 0.96547837 -2.18452915 0.14209219 0.43269206 0.09136975 0.88557267
1464104896.18397 0.88544396 0.97207900 -2.19521912 0.14346430 0.40138835 0.07855529 0.90118503
1464104896.38389 0.92016818 0.97894637 -2.20093238 0.13280206 0.36302379 0.07114337 0.91951942
1464104896.61767 0.96163735 0.97681093 -2.18170334 0.13805774 0.32347216 0.06055686 0.93415132
1464104896.85051 1.00346485 0.97201462 -2.13823845 0.13759788 0.28501931 0.04858678 0.94734901
1464104897.11739 1.04999513 0.95049891 -2.09028823 0.14247957 0.25239774 0.04314486 0.95610327
1464104897.41719 1.09934098 0.93475871 -2.03628957 0.13986944 0.21827142 0.04354844 0.96483038
1464104897.65048 1.14157041 0.92406962 -1.98374299 0.13817426 0.18122512 0.03460761 0.97307124
1464104897.91700 1.17971502 0.91753877 -1.93266027 0.11893561 0.14359695 0.01863686 0.98228657
1464104898.35050 1.19729051 0.93353228 -1.90590055 0.10099075 0.10575605 0.00702817 0.98922552
1464104898.68360 1.15960003 0.95177669 -1.92354552 0.09630540 0.06051542 0.00852005 0.99347399
1464104898.78359 1.14585377 0.95652032 -1.92893035 0.09493378 0.04853201 -0.00052174 0.99429973
1464104899.11684 1.09179837 0.96726855 -1.94539528 0.09343766 0.01389644 -0.01621394 0.99539610
1464104899.48645 1.01069710 0.96637933 -1.96956264 0.09666332 0.01491695 -0.01047470 0.99515022
1464104899.75061 0.92877241 0.96720370 -1.98742211 0.10328496 0.01524686 -0.00482935 0.99452322
1464104900.05011 0.84148849 0.95703675 -2.00224420 0.10895528 0.01715919 0.00391749 0.99389082
1464104900.35021 0.77283982 0.94720373 -1.98444071 0.10940857 -0.00109995 -0.00098983 0.99399576
1464104900.65327 0.71482256 0.91409414 -1.92800709 0.10532104 0.00147411 0.00690981 0.99441317
1464104900.95031 0.64653728 0.86975172 -1.86976323 0.11802135 0.00401858 -0.00240454 0.99300002
1464104901.24994 0.54755384 0.83037182 -1.79747770 0.12554471 0.02343810 -0.00315464 0.99180604
1464104901.61650 0.41549715 0.77776005 -1.70091895 0.11022426 0.03731502 0.00770281 0.99317615
1464104902.04990 0.27844334 0.70216425 -1.52432547 0.11480976 0.01135213 0.00801986 0.99329025
1464104902.48631 0.14067633 0.60823249 -1.32279875 0.11185339 -0.00780441 -0.00431098 0.99368472
1464104902.84984 0.03631178 0.50442087 -1.13099278 0.10430332 0.00568054 0.00680695 0.99450602
1464104903.18311 -0.03097877 0.41943517 -0.93328341 0.11859545 0.01053725 0.00875538 0.99284814
1464104903.45021 -0.07692084 0.33011540 -0.78550817 0.11514557 -0.00046210 0.00375921 0.99334141
1464104903.68304 -0.12124909 0.26021243 -0.65180212 0.12458506 0.00250482 0.00055573 0.99220561
1464104903.88292 -0.15740851 0.19782680 -0.53424258 0.13090792 0.01317501 0.00447223 0.99129689
1464104904.01645 -0.17239947 0.15380870 -0.46431225 0.12052884 0.02032637 0.02199337 0.99225800
1464104904.18294 -0.18797369 0.10588498 -0.37729791 0.11126085 0.02027341 0.02586709 0.99324766
1464104904.34974 -0.19900041 0.06591062 -0.28505575 0.11484346 0.01036425 0.00949833 0.99328412
1464104904.48527 -0.20218565 0.03425242 -0.21578341 0.11816410 -0.00187915 0.00058005 0.99299213
1464104904.61617 -0.20320955 -0.00395964 -0.15594353 0.12223813 -0.01410011 0.00273772 0.99239686
1464104904.74965 -0.19493102 -0.04222433 -0.10705118 0.12572073 -0.01491507 0.00260754 0.99195012
1464104904.88423 -0.18275614 -0.07182128 -0.05841871 0.10197695 -0.02113002 -0.00027692 0.99456229
1464104905.04960 -0.15586345 -0.10326711 -0.00002423 0.10091842 -0.02173971 0.00697387 0.99463271
1464104905.18458 -0.12615245 -0.12140264 0.04377096 0.10953316 -0.02268401 0.00180044 0.99372264
1464104905.31623 -0.08956288 -0.13282107 0.08315985 0.10479904 -0.01886620 0.00338449 0.99430869
1464104905.44950 -0.04806166 -0.14191274 0.11184224 0.10058771 -0.01044125 0.00983573 0.99482478
1464104905.58272 -0.00254310 -0.14737885 0.13275755 0.09891508 -0.00448487 0.01828130 0.99491783
1464104905.71621 0.04425928 -0.14978762 0.14327096 0.11483395 -0.00302796 0.02509273 0.99306312
1464104905.84951 0.08976184 -0.14275882 0.14407766 0.11316146 -0.01119512 0.01654358 0.99337579
1464104905.98665 0.13207263 -0.12916547 0.14024953 0.09800177 -0.01715954 0.00994228 0.99498862
1464104906.18281 0.18403588 -0.10832124 0.12383986 0.08825854 -0.01669262 0.01856692 0.99578464
1464104906.38266 0.22308327 -0.08066193 0.09883182 0.07587570 0.00093571 0.02341403 0.99684191
1464104906.54942 0.24474933 -0.05207247 0.06530677 0.07194607 0.02310112 0.02661470 0.99678571
1464104906.71615 0.25566078 -0.01644135 0.02278217 0.05675333 0.03360303 0.02611700 0.99748073
1464104906.88321 0.25869163 0.01562467 -0.01875063 0.04245882 0.03730670 0.02962496 0.99796183
1464104907.11636 0.25164444 0.05136008 -0.07005403 0.04528506 0.04151826 0.02348060 0.99783474
1464104907.38295 0.23470607 0.09241211 -0.12663998 0.04995914 0.04444909 0.01950539 0.99757100
1464104907.58258 0.20992407 0.12244696 -0.17180949 0.03279372 0.04029745 0.02172639 0.99841307
1464104907.81840 0.16840568 0.14326287 -0.21003726 0.02709261 0.03425977 0.01374457 0.99895112
1464104908.04936 0.10586617 0.15197796 -0.21858747 0.03362129 0.03600428 0.00865310 0.99874843
1464104908.24920 0.04496022 0.14717891 -0.21053482 0.02719757 0.04080211 0.02186050 0.99855776
1464104908.51582 -0.02720629 0.12729695 -0.18780380 0.03094783 0.03578341 0.02012773 0.99867745
1464104908.78252 -0.06945793 0.10230183 -0.14314079 0.04016180 0.03110044 0.00698109 0.99868466
1464104909.04918 -0.08118021 0.06265608 -0.06704377 0.04717016 0.02659617 0.01629532 0.99839976
1464104909.28247 -0.07190946 0.03154158 0.00243258 0.03878271 0.03184986 0.01062945 0.99868338
1464104909.48243 -0.05643672 0.00874483 0.06056629 0.03426551 0.04171730 0.01507291 0.99842794
1464104909.64906 -0.03885585 -0.00716197 0.11131483 0.03415926 0.05386081 0.01826452 0.99779686
1464104909.78234 -0.02239177 -0.02012050 0.15562340 0.03563559 0.06566794 0.02290148 0.99694200
1464104909.91558 -0.00756759 -0.03278531 0.20243169 0.03348697 0.06940378 0.01985409 0.99682875
1464104910.04887 0.00711600 -0.04517367 0.24704164 0.02846817 0.07042143 0.01159421 0.99704361
1464104910.18237 0.01966343 -0.05716594 0.28848906 0.02712125 0.07081148 0.00542403 0.99710619
1464104910.31646 0.03175412 -0.06501394 0.32108494 0.02098750 0.07130166 -0.00106137 0.99723341
1464104910.61586 0.05068868 -0.06718895 0.34366058 0.00739414 0.08364911 0.00657710 0.99644613
1464104910.84894 0.04809524 -0.05765674 0.31082891 0.01084714 0.08871334 0.02702935 0.99563131
1464104911.01604 0.04059107 -0.04522465 0.26836747 0.01970784 0.08624170 0.02945176 0.99564379
1464104911.15184 0.03300940 -0.02957850 0.22475223 0.01636205 0.07895415 0.02587894 0.99640795
1464104911.28221 0.02498987 -0.01179961 0.17482355 0.01869603 0.06781470 0.01968189 0.99732856
1464104911.38223 0.01945117 0.00360907 0.13508216 0.00782186 0.06266668 0.01783691 0.99784445
1464104911.51555 0.00837836 0.02036680 0.08259969 0.00860290 0.05231151 0.02054496 0.99838239
1464104911.68228 -0.01102354 0.03895557 0.01923715 0.01388011 0.04052944 0.02349971 0.99880552
1464104911.88213 -0.03920290 0.05919221 -0.05729347 0.01775683 0.03340486 0.02385108 0.99899947
1464104912.08206 -0.06794129 0.07270511 -0.14182358 0.02842902 0.04076116 0.03343719 0.99820452
1464104912.31779 -0.10974289 0.07508876 -0.24541726 0.03370169 0.03344632 0.04631049 0.99779802
1464104912.58201 -0.14796954 0.05583181 -0.33326006 0.05644666 0.01038811 0.03384143 0.99777784
1464104912.81740 -0.16013217 0.02828149 -0.38313048 0.09892301 -0.00932424 0.01773716 0.99489331
1464104913.15181 -0.13649977 -0.01079944 -0.43429989 0.12965206 0.00266741 0.03232884 0.99102880
1464104913.41535 -0.08942266 -0.01627357 -0.44473794 0.11987420 0.02191839 0.09206108 0.98826844
1464104913.61517 -0.04460465 -0.00666419 -0.43220561 0.11428273 0.06555216 0.11309864 0.98481017
1464104913.78196 -0.01147314 0.00472723 -0.40975743 0.11334206 0.09214504 0.11249114 0.98285737
1464104914.11523 0.02622221 0.03316064 -0.33800159 0.10131900 0.11633390 0.09953276 0.98300260
1464104914.38178 0.04586823 0.06319981 -0.26858322 0.08854483 0.13839716 0.08161463 0.98302853
1464104914.68184 0.05189753 0.09302026 -0.19728334 0.07526610 0.15151076 0.04961910 0.98433605
1464104914.94850 0.04526324 0.11406862 -0.11943234 0.03583714 0.14668372 0.02354452 0.98825363
1464104915.31712 0.02275723 0.09602711 -0.00863838 0.03122997 0.13310522 0.02106512 0.99038576
1464104915.51513 -0.00222062 0.07779990 0.03388645 0.02190393 0.11360008 0.01428881 0.99318229
1464104915.74833 -0.03993221 0.05203393 0.08091168 0.01498208 0.09372754 0.01938499 0.99529639
1464104915.94838 -0.06952917 0.01954788 0.13058712 0.01713034 0.09618776 0.03052509 0.99474755
1464104916.11499 -0.08974450 -0.01719811 0.17535559 0.02798528 0.09304148 0.03360084 0.99470151
1464104916.28164 -0.09590054 -0.05148989 0.21756576 0.04011850 0.09860321 0.04420255 0.99333481
1464104916.44830 -0.08567261 -0.07229498 0.25827839 0.04432489 0.10550680 0.03445805 0.99283244
1464104916.58161 -0.07014699 -0.07536657 0.29309821 0.02616318 0.11056482 0.02732307 0.99314871
1464104916.74829 -0.04482144 -0.07473124 0.33725606 0.00089688 0.11198290 0.02696633 0.99334377
1464104916.91532 -0.01588693 -0.08753305 0.37291827 -0.00075278 0.11542619 0.02755546 0.99293349
1464104917.08144 0.01402072 -0.11140911 0.40002404 -0.00346678 0.11684457 0.04094704 0.99229969
1464104917.21650 0.04026862 -0.13475879 0.41482490 0.00306817 0.12184988 0.05448025 0.99104747
1464104917.38150 0.07092876 -0.16661807 0.42129279 0.00834987 0.13158874 0.05994594 0.98945499
1464104917.54814 0.09834156 -0.19723737 0.41303754 0.02491211 0.15006903 0.06440835 0.98626073
1464104917.78147 0.10890122 -0.23149545 0.37901171 0.02896879 0.15471630 0.05499673 0.98600154
1464104917.94868 0.09798266 -0.24649075 0.34348538 0.04998373 0.13569866 0.05904437 0.98772530
1464104918.18146 0.07394020 -0.23893912 0.27891907 0.06407801 0.11320458 0.04814947 0.99033346
1464104918.34801 0.05229237 -0.21724588 0.23818328 0.06097186 0.09214212 0.05173464 0.99252999
1464104918.48132 0.03329591 -0.19644452 0.20669415 0.05317145 0.07386838 0.05718201 0.99420646
1464104918.61495 0.01535758 -0.17505355 0.17275607 0.05620963 0.05748493 0.05525578 0.99523000
1464104918.74808 0.00007822 -0.15024788 0.13680355 0.05884551 0.03667069 0.04444267 0.99660289
1464104918.84831 -0.00799156 -0.12713973 0.10863780 0.05745878 0.01971650 0.03847022 0.99741154
1464104918.98373 -0.01189535 -0.09024101 0.07083509 0.05200761 0.00546424 0.01658860 0.99849395
1464104919.24813 -0.00000412 -0.00001011 0.00001684 -0.00005238 0.00003962 -0.00003893 1.00000000
