1461161715.02885 1.15004458 -1.36044983 4.90871715 0.04340567 0.56856803 0.02367540 -0.82114908
1461161715.18147 1.12233932 -1.49479341 4.97245591 0.01188600 0.52912765 0.03997020 -0.84751698
1461161715.24136 1.17912362 -1.50704760 5.05811848 -0.02185908 0.48599488 0.07737635 -0.87025517
1461161715.28137 1.21584742 -1.47222554 5.10384455 0.01053378 0.47174547 0.13610835 -0.87110261
1461161715.32334 1.23932349 -1.54322266 5.16324788 -0.02648486 0.44634983 0.10797299 -0.88792579
1461161715.40154 1.30395123 -1.64812883 5.27753547 -0.05210959 0.41012315 0.07491206 -0.90745346
1461161716.34136 1.25953320 -1.59725866 5.36530416 -0.06960211 0.37571306 0.06351427 -0.92193339
1461161716.58130 1.14485901 -1.68302440 5.23500041 -0.08018624 0.39678676 0.06812201 -0.91186064
1461161716.72130 1.03224866 -1.76017787 5.10144850 -0.07226826 0.42778636 0.07621832 -0.89775659
1461161717.08128 0.78337267 -1.97067442 4.74060489 -0.02493334 0.47007105 0.05399311 -0.88062267
1461161717.26132 0.59827112 -2.05395382 4.53008547 -0.03452533 0.48320671 0.05956406 -0.87279517
1461161717.40126 0.38887621 -2.12196941 4.33896765 -0.04976234 0.50260099 0.03342013 -0.86243785
1461161717.72132 -0.19551072 -2.14856058 3.90122661 -0.07543303 0.52702469 0.05664891 -0.84459797
1461161717.90132 -0.52915408 -2.21096760 3.66080998 -0.07479540 0.53635668 0.04362821 -0.83953782
1461161718.06123 -0.82530712 -2.26320490 3.46188471 -0.05043383 0.53870611 0.02058399 -0.84073090
1461161718.22137 -1.12114800 -2.30433276 3.22440030 -0.03033186 0.54580315 -0.00386333 -0.83735534
1461161718.36121 -1.33436921 -2.33453273 2.96193288 -0.03101886 0.56785693 -0.01308847 -0.82243847
1461161718.52312 -1.55233716 -2.33807296 2.64049126 -0.02084491 0.58334641 -0.02647537 -0.81152419
1461161718.66124 -1.76970673 -2.31649693 2.30470313 -0.02730711 0.60693702 -0.01829196 -0.79407001
1461161718.82308 -1.99025644 -2.28920062 1.87656520 -0.03729504 0.62107845 -0.01736521 -0.78266793
1461161718.98120 -2.19553582 -2.26952488 1.42439523 -0.06432850 0.62320048 -0.01068171 -0.77933876
1461161719.32296 -2.65428244 -2.29838770 0.48296189 -0.04515844 0.64452466 -0.02850123 -0.76271643
1461161719.48122 -2.85134117 -2.26613539 -0.00297766 -0.04245722 0.65266926 -0.03474992 -0.75565380
1461161719.58125 -2.99260233 -2.20582617 -0.36109224 -0.01763964 0.67571166 -0.04027207 -0.73585376
1461161719.86128 -3.31364102 -2.19602869 -1.29058459 -0.01112340 0.69515087 -0.03080308 -0.71811747
1461161720.00114 -3.42517671 -2.23754949 -1.71463990 -0.00015147 0.69112940 -0.03597704 -0.72183501
1461161720.14129 -3.50148859 -2.26739270 -2.16124572 -0.00242935 0.68398021 -0.05284296 -0.72758009
1461161720.26131 -3.57314304 -2.24324450 -2.53993714 0.00023795 0.67208321 -0.06574143 -0.73755147
1461161720.40125 -3.67877350 -2.20117797 -3.00027115 0.00062759 0.66686162 -0.06380734 -0.74244448
1461161720.54118 -3.81239847 -2.11929714 -3.44069282 0.00935571 0.66981730 -0.06238176 -0.73984172
1461161720.68120 -3.96747603 -1.96361855 -3.83873753 0.02165904 0.66832759 -0.06232264 -0.74093523
1461161720.80118 -4.10867700 -1.79081286 -4.17424515 0.01072136 0.66320733 -0.04853236 -0.74678357
1461161720.92291 -4.26474827 -1.60676702 -4.51443563 0.02122177 0.66121046 -0.04610762 -0.74848143
1461161721.04109 -4.39994657 -1.44732898 -4.86356520 0.02256064 0.66292269 -0.02624850 -0.74788739
1461161721.18109 -4.52672856 -1.33170555 -5.23910534 0.02819625 0.66319790 -0.01824390 -0.74769023
1461161721.30112 -4.63988598 -1.24267937 -5.54050775 0.05679160 0.66383084 -0.02968631 -0.74513224
1461161721.44108 -4.77811799 -1.15235942 -5.86644482 0.05889097 0.64860010 -0.04105790 -0.75773611
1461161721.58115 -4.91246989 -1.05805843 -6.17407418 0.06531402 0.62863653 -0.05180474 -0.77321825
1461161721.70102 -4.97734292 -0.96623272 -6.38178367 0.08970759 0.61048317 -0.04206501 -0.78580747
1461161721.90107 -5.01286166 -0.82668970 -6.63835505 0.11817448 0.59128249 -0.03199640 -0.79711733
1461161722.18105 -4.85521708 -0.61885992 -6.77038511 0.13272833 0.56727539 -0.02585983 -0.81235035
1461161722.40107 -4.60146220 -0.50242267 -6.76900849 0.13652266 0.54094793 -0.00758155 -0.82986711
1461161722.58100 -4.43464177 -0.49075864 -6.63201428 0.10838938 0.51832765 0.00428715 -0.84827461
1461161722.82101 -4.23403382 -0.52323391 -6.28947444 0.08852808 0.50123096 0.00470700 -0.86076021
1461161722.96110 -4.12343942 -0.58575357 -5.97830184 0.06025914 0.47620263 -0.00144503 -0.87726724
1461161723.12096 -4.03260612 -0.61700153 -5.53838573 0.06529135 0.45683646 -0.00173246 -0.88714964
1461161723.24105 -3.95208277 -0.61014926 -5.15244996 0.07653202 0.42045595 0.00084164 -0.90407905
1461161723.40106 -3.89378557 -0.60648454 -4.67536785 0.07103145 0.39325710 0.01643667 -0.91653326
1461161723.62273 -3.95139678 -0.58531024 -4.01881950 0.08312471 0.37693978 0.02697297 -0.92210582
1461161723.76098 -3.97693795 -0.58026544 -3.51224623 0.07876439 0.34910471 0.02150855 -0.93351993
1461161723.94116 -4.01698189 -0.62266130 -2.88843895 0.06707023 0.33482297 0.01818533 -0.93971509
1461161724.14096 -4.16253190 -0.68567681 -2.35519354 0.06522445 0.33890494 0.03120873 -0.93803797
1461161724.32261 -4.36429343 -0.69205988 -1.84236080 0.07612843 0.32665773 0.02818774 -0.94164996
1461161724.48094 -4.58080566 -0.67744035 -1.37197266 0.07699080 0.31319327 0.03293607 -0.94599028
1461161724.62275 -4.76459884 -0.70162775 -0.97240421 0.06320210 0.29011660 0.03527461 -0.95425026
1461161724.78090 -4.99495156 -0.71458051 -0.54954750 0.07247621 0.28063152 0.04234366 -0.95613815
1461161724.94098 -5.24994612 -0.70747869 -0.19020913 0.08427633 0.27811652 0.04582667 -0.95574506
1461161725.10190 -5.50640856 -0.67711867 0.18914121 0.09173380 0.27586698 0.03617802 -0.95612419
1461161725.24084 -5.73119205 -0.65661123 0.51834581 0.09887400 0.27271890 0.01927245 -0.95680557
1461161725.36087 -5.95946450 -0.65994281 0.73957888 0.09764831 0.29562120 0.01591887 -0.95016814
1461161725.50085 -6.19940743 -0.65003274 0.98234488 0.10443717 0.29617182 0.03504707 -0.94876068
1461161725.64095 -6.47084784 -0.61996878 1.22583572 0.11706523 0.28978786 0.03691138 -0.94918717
1461161725.76230 -6.69094569 -0.57741603 1.43971991 0.12227680 0.27320923 0.04835019 -0.95292568
1461161725.88082 -6.90321423 -0.55996400 1.65565348 0.11390448 0.25103508 0.05064512 -0.95991783
1461161726.00165 -7.14051767 -0.54459851 1.82173900 0.11285860 0.24709365 0.05491157 -0.96082901
1461161726.12327 -7.34142937 -0.52106959 1.98199872 0.11932416 0.23181665 0.05769042 -0.96368802
1461161726.26079 -7.53882989 -0.48197392 2.17124287 0.13934395 0.21311565 0.05273195 -0.96560050
1461161726.42327 -7.75520513 -0.43280791 2.37266933 0.15022238 0.21087420 0.04975028 -0.96461921
1461161726.56082 -7.93218735 -0.38803945 2.56369594 0.15792744 0.20993484 0.04054972 -0.96402386
1461161726.70155 -8.10143859 -0.38169380 2.74219897 0.15685871 0.22067210 0.04426626 -0.96163385
1461161726.84083 -8.26089377 -0.42125406 2.93454286 0.14564589 0.22355702 0.03686873 -0.96304218
1461161726.96152 -8.39522612 -0.46863960 3.10138742 0.13491058 0.23083164 0.03266400 -0.96304151
1461161727.06140 -8.48543642 -0.51686546 3.25902676 0.11784213 0.22290786 0.04698923 -0.96654919
1461161727.16078 -8.57790265 -0.56008620 3.43403073 0.09851113 0.21610700 0.03431624 -0.97078098
1461161727.28116 -8.68234669 -0.57664728 3.65025360 0.09102189 0.20603938 0.03489878 -0.97367595
1461161727.40074 -8.80518324 -0.60396694 3.85619818 0.07637686 0.19205558 0.02249406 -0.97814889
1461161727.54127 -8.95168925 -0.61501462 4.04778797 0.07174426 0.18986952 0.01729352 -0.97903180
1461161727.64093 -9.09618179 -0.63098090 4.16648677 0.06308129 0.21890613 0.01371898 -0.97360806
1461161727.74078 -9.20773428 -0.60520412 4.26635538 0.07206385 0.23606669 0.02701105 -0.96868453
1461161727.88081 -9.35264150 -0.53294459 4.40076505 0.08257946 0.26186292 0.05231600 -0.96014139
1461161728.00078 -9.48536768 -0.46625838 4.49504202 0.09311373 0.28926770 0.05601099 -0.95106088
1461161728.14109 -9.63234605 -0.41017200 4.57774247 0.09264024 0.31591567 0.04796711 -0.94303459
1461161728.34066 -9.78189136 -0.36823282 4.67599394 0.09523672 0.33532998 0.06076591 -0.93530277
1461161728.72323 -9.95859120 -0.45002654 4.74254588 0.07297393 0.34823469 0.06775722 -0.93210319
1461161729.04066 -10.16342522 -0.46568368 4.80212052 0.05885721 0.38595846 0.05732360 -0.91885031
1461161729.22071 -10.34640281 -0.37456313 4.84606067 0.06690913 0.44060664 0.07111904 -0.89237382
1461161729.34069 -10.49893211 -0.25653241 4.89622658 0.08955284 0.47283716 0.09285359 -0.87165562
1461161729.48068 -10.69495309 -0.12659769 4.98751074 0.11370071 0.49902531 0.09299505 -0.85404790
1461161729.62066 -10.89832125 -0.12712105 5.06772239 0.09761034 0.53329975 0.07550169 -0.83687699
1461161729.78062 -11.10682840 -0.16421009 5.13821322 0.08021721 0.56830372 0.08574682 -0.81439767
1461161729.96143 -11.31469853 -0.20835551 5.24515381 0.07252454 0.59413160 0.08487727 -0.79658250
1461161730.10063 -11.50296242 -0.21598153 5.32098537 0.06177230 0.63031102 0.07918556 -0.76981936
1461161730.28138 -11.68019464 -0.23125669 5.42466610 0.05576362 0.65845376 0.09347726 -0.74470872
1461161730.46082 -11.87177044 -0.28304043 5.48298874 0.05446610 0.68670812 0.08493955 -0.71989630
1461161730.60068 -12.04618619 -0.29837913 5.45663336 0.04941781 0.71534675 0.07784399 -0.69265953
1461161730.72269 -12.20382292 -0.27263561 5.38634375 0.04426397 0.74830688 0.08062992 -0.65694470
1461161730.82284 -12.33994642 -0.21733862 5.34464923 0.04689148 0.76540549 0.09198496 -0.63521208
1461161730.98049 -12.56671942 -0.17236031 5.28388771 0.05257272 0.78519404 0.08796298 -0.61071183
1461161731.12282 -12.75010441 -0.19184476 5.19142416 0.05397489 0.80434630 0.08018870 -0.58624527
1461161731.18249 -12.82094594 -0.19286843 5.16378092 0.05445452 0.81247716 0.07953381 -0.57496951
1461161731.34056 -12.99117861 -0.18247055 5.04158920 0.06287754 0.83736574 0.07087659 -0.53836933
1461161731.46062 -13.09379108 -0.13977098 4.93778411 0.06508194 0.86005641 0.07512910 -0.50042275
1461161731.60131 -13.21466937 -0.05943034 4.83013094 0.07488996 0.88141950 0.09075491 -0.45744366
1461161731.74061 -13.32687114 -0.00140963 4.71780549 0.08467131 0.90169437 0.10001675 -0.41203723
1461161731.90127 -13.42982339 0.07059010 4.55328739 0.08867583 0.91875826 0.12375222 -0.36428731
1461161732.06066 -13.51120467 0.13425825 4.31006059 0.08353290 0.93661887 0.12809798 -0.31521146
1461161732.24051 -13.62589027 0.16087689 3.98910021 0.08089150 0.94983754 0.11075927 -0.28106512
1461161732.46057 -13.79686952 0.19013753 3.59553754 0.06864107 0.95690786 0.09863093 -0.26436280
1461161732.62251 -13.91098233 0.17742112 3.23803908 0.07884981 0.96464800 0.08291821 -0.23740579
1461161732.78049 -14.02359634 0.20344373 2.85947794 0.08160467 0.97300608 0.06233080 -0.20667540
1461161732.94122 -14.09212570 0.26238649 2.46477746 0.08823483 0.98005291 0.06165326 -0.16706222
1461161733.08055 -14.12262305 0.30158953 2.06836593 0.10097062 0.98481314 0.06459664 -0.12559970
1461161733.28063 -14.11333802 0.35605368 1.48848366 0.10982028 0.98795536 0.06921728 -0.08421809
1461161733.46048 -14.10672536 0.50085265 0.86305127 0.11959193 0.98813802 0.07511428 -0.06032303
1461161733.64043 -14.11469579 0.54966538 0.22017697 0.09573363 0.99013066 0.08850522 -0.05141174
1461161733.82274 -14.16481466 0.53145737 -0.41446533 0.10390041 0.98928732 0.08558928 -0.05647817
1461161734.00061 -14.22417405 0.58667740 -1.06909734 0.11588554 0.98836536 0.07942962 -0.05826996
1461161734.16180 -14.23788296 0.59088675 -1.63079705 0.11232622 0.99048581 0.07049443 -0.03675893
1461161734.32353 -14.24597735 0.62353756 -2.18571211 0.11288870 0.98890228 0.09462709 -0.01934280
1461161734.54034 -14.30367325 0.70955961 -3.00617547 0.11618071 0.98894987 0.09065171 -0.01620056
1461161734.76038 -14.35938912 0.78279251 -3.79973555 0.08683979 0.99141793 0.09367786 -0.02781728
1461161734.96065 -14.46055092 0.87107972 -4.51020083 0.09159037 0.98927130 0.11000375 -0.02920076
1461161735.14039 -14.59988093 0.99958711 -5.17135140 0.09111915 0.98828519 0.11467959 -0.04287505
1461161735.30032 -14.69579801 1.07194078 -5.77469960 0.10067186 0.98522923 0.13157504 -0.04331908
1461161735.48039 -14.74318433 1.06693094 -6.45237336 0.10845141 0.98405194 0.13899434 -0.02367798
1461161735.64045 -14.82642185 1.14684378 -7.06505891 0.09611829 0.98609506 0.13340766 -0.02408755
1461161735.78113 -14.90468268 1.21112140 -7.61113976 0.09342722 0.98636696 0.13096251 -0.03464660
1461161735.94050 -14.98601827 1.20508432 -8.19941802 0.08130708 0.98753529 0.12932291 -0.03793139
1461161736.08033 -15.07471469 1.24004180 -8.71924979 0.08899493 0.98660523 0.13035463 -0.04120316
1461161736.20114 -15.18447344 1.28595304 -9.19481997 0.10355539 0.98604759 0.11670794 -0.05801462
1461161736.32223 -15.25783083 1.33582149 -9.66885131 0.10828392 0.98616526 0.11254150 -0.05556145
1461161736.44040 -15.30374298 1.34397048 -10.10621902 0.11378878 0.98527962 0.11715075 -0.05051617
1461161736.58052 -15.33129486 1.39346225 -10.62357664 0.11009884 0.98440424 0.13332455 -0.03242075
1461161736.72253 -15.37101280 1.46192561 -11.16644393 0.10428744 0.98597668 0.12730390 -0.02770969
1461161736.88050 -15.45672202 1.54120202 -11.78144097 0.09391145 0.98622574 0.12318582 -0.05800585
1461161737.06029 -15.52430253 1.59402600 -12.43644056 0.09313898 0.98299772 0.14399293 -0.06562505
1461161737.22028 -15.61746772 1.64804353 -13.02545472 0.10150332 0.98046015 0.14155072 -0.09142410
1461161737.38064 -15.71117287 1.73549647 -13.63235694 0.10342886 0.97816817 0.14570099 -0.10611655
1461161737.54049 -15.78284055 1.76627988 -14.23427925 0.11593597 0.97456591 0.15342759 -0.11506570
1461161737.68027 -15.83640279 1.74608218 -14.75905147 0.12752473 0.97322551 0.14590321 -0.12361962
1461161737.80083 -15.89556556 1.79335481 -15.24715728 0.12578806 0.97351465 0.13194727 -0.13797285
1461161737.90057 -15.94120171 1.87867420 -15.65933321 0.12127835 0.97226165 0.14098506 -0.14185222
1461161738.00021 -16.01196954 1.90173511 -16.02070648 0.11400773 0.97222108 0.13490962 -0.15358319
1461161738.10029 -16.07713265 1.91312532 -16.36876940 0.12114308 0.96977654 0.14019937 -0.15875122
1461161738.18084 -16.12625921 1.92246557 -16.66576475 0.13354493 0.96988014 0.14590395 -0.14216297
1461161738.26018 -16.19127158 1.93112819 -16.91721741 0.13618377 0.96766978 0.14591355 -0.15420248
1461161738.34020 -16.27939744 1.94545691 -17.18819065 0.13704453 0.96702435 0.13566866 -0.16636321
1461161738.42220 -16.35898203 1.97927301 -17.45992367 0.14564949 0.96615851 0.12741932 -0.17055285
1461161738.52212 -16.44367910 2.04843064 -17.79083084 0.15056193 0.96464226 0.13503960 -0.16899915
1461161738.62234 -16.53481937 2.12003299 -18.10078061 0.14638167 0.96092735 0.15371557 -0.17765857
1461161738.76088 -16.65943284 2.17113018 -18.51538245 0.14851422 0.95609933 0.16516230 -0.19115181
1461161738.90020 -16.78246458 2.22120653 -18.94227130 0.15386334 0.95189427 0.16255305 -0.20928420
1461161739.00017 -16.89347116 2.27349700 -19.23046207 0.15765941 0.94681567 0.15179642 -0.23588438
1461161739.10018 -17.00158006 2.30690307 -19.51764773 0.14916266 0.94393909 0.13942496 -0.25940350
1461161739.20022 -17.10633064 2.28592005 -19.86485116 0.12969122 0.94431164 0.13094548 -0.27259678
1461161739.28011 -17.19135287 2.26750297 -19.99805802 0.14128873 0.94219314 0.12777655 -0.27564966
1461161739.36015 -17.27036806 2.24183698 -20.20493948 0.15361560 0.94307205 0.12016515 -0.26940247
1461161739.44018 -17.32281745 2.23696448 -20.41754661 0.15484208 0.94947822 0.12412520 -0.24312130
1461161739.52218 -17.37456986 2.23801104 -20.61665570 0.14802292 0.95715071 0.12106149 -0.21747608
1461161739.60017 -17.44515094 2.24090872 -20.79789033 0.14117500 0.96314586 0.11091107 -0.20029579
1461161739.68018 -17.51361907 2.26549458 -20.97221660 0.13349478 0.96741095 0.11366088 -0.18269208
1461161739.76053 -17.59671115 2.28606036 -21.13086992 0.12836767 0.96827667 0.11084941 -0.18350600
1461161739.84111 -17.66055088 2.30954618 -21.28644008 0.12797048 0.97016138 0.11715556 -0.16936653
1461161739.92239 -17.72380773 2.33795269 -21.44129237 0.12442948 0.97174287 0.12848396 -0.15402915
1461161740.00114 -17.79555981 2.36664896 -21.57566229 0.10903147 0.97359741 0.14369569 -0.13989917
1461161740.08013 -17.87996322 2.38308452 -21.70447289 0.10281387 0.97648653 0.14218006 -0.12525251
1461161740.16125 -17.96938453 2.40776134 -21.82813134 0.08987753 0.97919846 0.14426267 -0.11081825
1461161740.24077 -18.06316721 2.43809355 -21.94694171 0.09053034 0.97931404 0.14754748 -0.10477601
1461161740.32172 -18.13221497 2.46903478 -22.07428232 0.09191022 0.98119784 0.14976195 -0.07984151
1461161740.40066 -18.20340997 2.51710159 -22.19944081 0.07779546 0.97916393 0.17357805 -0.07110927
1461161740.50117 -18.29011018 2.56726631 -22.35946194 0.07753869 0.97825987 0.18495330 -0.05279819
1461161740.60011 -18.38006758 2.62055454 -22.52644095 0.08414233 0.97649979 0.19434091 -0.03999801
1461161740.72245 -18.49520283 2.67699284 -22.73622340 0.08038733 0.97429662 0.20785841 -0.03284607
1461161740.84096 -18.58925467 2.73264378 -22.96596218 0.07971484 0.97379809 0.21249427 -0.01445729
1461161740.98024 -18.71671637 2.80551025 -23.25933257 0.07913102 0.97337453 0.21511752 -0.00218354
1461161741.12220 -18.80807755 2.84999461 -23.57051455 0.08518975 0.97276724 0.21473781 0.01882246
1461161741.26029 -18.84789441 2.89090617 -23.88456924 0.09221849 0.96762888 0.23031365 0.04632186
1461161741.44041 -18.93978724 2.92745415 -24.36652803 0.09231473 0.96851220 0.22774285 0.03994113
1461161741.58042 -18.99616769 3.00490386 -24.73144916 0.08872252 0.96792317 0.23437572 0.01791829
1461161741.72186 -19.02816574 3.06229907 -25.15302927 0.08600614 0.97001281 0.22732327 0.00148893
1461161741.90117 -19.04328405 3.10614901 -25.67704585 0.08375998 0.96587489 0.24504972 -0.00453862
1461161742.08004 -19.04218421 3.16377444 -26.24010515 0.08937745 0.96581323 0.24297463 -0.01340947
1461161742.26001 -19.07669416 3.23579393 -26.88063885 0.11070111 0.96765668 0.22518751 -0.02600748
1461161742.44028 -19.08356278 3.22357972 -27.51612807 0.10897323 0.97029619 0.21489710 -0.02166504
1461161742.59999 -19.10377865 3.22796016 -28.06535114 0.10815007 0.96994357 0.21714700 -0.01897930
1461161742.72196 -19.14210233 3.27154365 -28.50425739 0.10784602 0.97289633 0.20252363 -0.02874267
1461161742.82194 -19.17659010 3.33051412 -28.87397018 0.10486472 0.97266096 0.20387265 -0.03701349
1461161742.94023 -19.21884872 3.38097258 -29.30354139 0.09774199 0.97180838 0.20918860 -0.04769811
1461161743.05996 -19.24732349 3.39434171 -29.73616024 0.10289766 0.97026818 0.21324149 -0.05019756
1461161743.17995 -19.29807221 3.43037481 -30.15134958 0.10136283 0.96920725 0.21772331 -0.05440072
1461161743.29997 -19.35597011 3.50833751 -30.57314071 0.10338066 0.96701738 0.22542100 -0.05809655
1461161743.42175 -19.41029968 3.56635103 -30.99792813 0.10997174 0.96754875 0.22027606 -0.05686903
1461161743.54031 -19.44488019 3.57333027 -31.41091436 0.11304159 0.96827779 0.21777025 -0.04728468
1461161743.65993 -19.47308311 3.56866913 -31.79522442 0.11652988 0.96654010 0.22392187 -0.04560731
1461161743.80003 -19.50212528 3.61018438 -32.23781283 0.11812418 0.96551359 0.22749569 -0.04556195
1461161743.90087 -19.52460750 3.65132139 -32.56842288 0.11566113 0.96555252 0.22530071 -0.05975304
1461161743.99987 -19.54590851 3.67326640 -32.90257617 0.11419512 0.96661455 0.21651724 -0.07573685
1461161744.12178 -19.55517560 3.68449743 -33.28266271 0.11761589 0.96427704 0.21912573 -0.09121516
1461161744.24049 -19.57089254 3.70597028 -33.64778153 0.12019964 0.96092194 0.22795795 -0.10107542
1461161744.37995 -19.58674590 3.72035569 -34.04485936 0.11678519 0.95980051 0.22754977 -0.11560840
1461161744.54126 -19.60137433 3.74562770 -34.50032819 0.12363648 0.96304251 0.20744297 -0.11929189
1461161744.72210 -19.62605379 3.74157897 -35.01647382 0.13393599 0.96553379 0.18684402 -0.12204491
1461161744.88009 -19.63544741 3.70664984 -35.45176768 0.13224946 0.96773563 0.17387983 -0.12555329
1461161745.03992 -19.65481676 3.68813364 -35.88081990 0.13075774 0.97075837 0.14898229 -0.13540635
1461161745.19990 -19.66096617 3.75205812 -36.31840190 0.11898255 0.97037873 0.14774173 -0.14960164
1461161745.34034 -19.66281415 3.76327121 -36.71360075 0.11731378 0.97066771 0.13110693 -0.16386775
1461161745.50006 -19.66280117 3.76785868 -37.16203555 0.11462796 0.96956752 0.13475178 -0.16923715
1461161745.63984 -19.68187621 3.79909951 -37.55374780 0.11862540 0.96863914 0.13777385 -0.16936526
1461161745.77975 -19.73254310 3.86766406 -37.95245068 0.12071140 0.96832908 0.13872449 -0.16888775
1461161745.93975 -19.83061596 3.92198363 -38.42608601 0.12997716 0.96663733 0.12998281 -0.17838910
1461161746.12170 -19.90360728 3.92909646 -38.95331421 0.13478378 0.96652034 0.13396476 -0.17241002
1461161746.27987 -19.99489428 3.94934326 -39.40876924 0.13988475 0.96565081 0.12828922 -0.17746168
1461161746.42146 -20.10769641 4.02485981 -39.81238044 0.13209431 0.96379794 0.12838752 -0.19277261
1461161746.53980 -20.20684039 4.07751080 -40.16810346 0.13217117 0.96085207 0.12105889 -0.21127903
1461161746.65981 -20.32056205 4.12230247 -40.52938920 0.13631600 0.95440158 0.12311119 -0.23532787
1461161746.82183 -20.47535766 4.16040616 -40.97754203 0.12980615 0.95211897 0.14146908 -0.23792086
1461161747.02388 -20.75471982 4.22372997 -41.58547965 0.12717476 0.94886798 0.12674128 -0.25963973
1461161747.23978 -20.99834146 4.25668962 -42.23053095 0.13318639 0.95462671 0.11172644 -0.24179832
1461161747.45984 -21.25742744 4.28204746 -42.85062491 0.13520244 0.95973486 0.10053373 -0.22477157
1461161747.67975 -21.64025243 4.40269186 -43.51152708 0.13024074 0.95637559 0.09427267 -0.24391751
1461161747.93973 -22.10237678 4.49047835 -44.28138550 0.11722795 0.95526510 0.10945609 -0.24848653
1461161748.25976 -22.69005299 4.71030814 -45.20263042 0.10823660 0.95743035 0.11547504 -0.24140727
1461161748.55972 -23.23977433 4.70012945 -46.01759991 0.11979947 0.96166337 0.09136614 -0.22913723
1461161748.93972 -23.97281946 4.88246194 -47.15601401 0.10109063 0.96742937 0.06778246 -0.22196087
1461161749.35969 -24.69966916 5.08522497 -48.44056241 0.10680016 0.97221323 0.07481589 -0.19441643
1461161749.77962 -25.49582198 5.09466958 -49.68459942 0.09813950 0.97684617 0.05331594 -0.18247631
1461161750.13963 -26.01446570 5.17986258 -50.93691844 0.08655101 0.97869479 0.01568821 -0.18552441
1461161750.49955 -26.39704628 5.35197640 -52.19406126 0.08610743 0.98187641 0.02472157 -0.16701220
1461161750.69957 -26.53962065 5.42795543 -52.85705029 0.09636161 0.98642761 0.05266624 -0.12207079
1461161751.02254 -26.81330921 5.57463657 -54.03361576 0.08345103 0.99030830 0.03935425 -0.10381056
1461161751.43955 -27.17699083 5.63565028 -55.60179112 0.11461406 0.98812165 0.04338558 -0.09271956
1461161751.67956 -27.34475334 5.72203366 -56.49317566 0.09809867 0.99226142 0.02805044 -0.07076085
1461161751.99954 -27.54980775 5.75801989 -57.61342501 0.08231209 0.99601624 0.01694027 -0.02982273
1461161752.33948 -27.86128773 5.84538913 -58.94907425 0.07417610 0.99627151 0.01052409 -0.04278106
1461161752.52131 -28.03821815 5.89558352 -59.58763841 0.08023582 0.99579471 0.01095346 -0.04283832
1461161752.71964 -28.15136335 5.95005563 -60.28513116 0.09462677 0.99549154 -0.00500822 0.00415677
1461161752.87950 -28.18919964 5.89158899 -60.82196924 0.09763982 0.99355216 -0.00788642 0.05708215
1461161753.02192 -28.21336314 5.82609542 -61.27794563 0.12780325 0.98678849 -0.02131722 0.09726445
1461161753.15938 -28.22909538 5.85172399 -61.81051913 0.13373116 0.98134118 -0.04124486 0.13184960
1461161753.33954 -28.24055304 5.91099521 -62.42402811 0.11561421 0.98062688 -0.02406255 0.15628587
1461161753.47940 -28.28451325 5.92736545 -62.91818422 0.11797064 0.97717151 -0.01152145 0.17631229
1461161753.65947 -28.39538818 5.99977020 -63.55062505 0.12717207 0.97125057 -0.01023386 0.20098476
1461161753.85937 -28.53770757 6.14221802 -64.20825116 0.12975281 0.96553702 0.01375356 0.22519614
1461161754.05945 -28.60189058 6.16955990 -64.83380874 0.11974671 0.95475232 0.02029157 0.27147188
1461161754.33947 -28.76310338 6.35024728 -65.87265554 0.11331969 0.95189775 0.00831094 0.28457028
1461161754.61943 -28.90932279 6.36748949 -66.94033201 0.12194139 0.94738733 0.00319031 0.29593474
1461161754.87942 -29.11727004 6.47398467 -67.94302511 0.12997679 0.94349963 -0.01048995 0.30463822
1461161755.07938 -29.24456848 6.50476253 -68.64539988 0.13646254 0.93270468 0.01343404 0.33355580
1461161755.33939 -29.37347502 6.67182118 -69.61736069 0.13285354 0.92587054 0.00640470 0.35365614
1461161755.59932 -29.55192384 6.73411397 -70.65983036 0.14149929 0.92474770 0.02080619 0.35268505
1461161755.77965 -29.69511850 6.77473518 -71.36002387 0.14141334 0.92887535 0.00320581 0.34231941
1461161755.95929 -29.80867372 6.79314397 -72.00803378 0.15773327 0.91471815 -0.01025873 0.37189472
1461161756.21929 -29.96248773 6.80377156 -72.91801688 0.16819466 0.90572538 0.00035403 0.38906551
1461161756.43929 -30.04718599 6.93411143 -73.71908269 0.13641790 0.90625401 -0.01694675 0.39975822
1461161756.69923 -30.10916959 6.98790931 -74.65060616 0.14252786 0.90314578 -0.00270195 0.40497680
1461161756.89929 -30.13860581 7.04387986 -75.33534761 0.15237936 0.89298438 -0.01241881 0.42332635
1461161757.07927 -30.13182860 7.05613626 -75.91098244 0.16302461 0.87611394 -0.00978957 0.45359839
1461161757.23928 -30.07100741 7.00909546 -76.36683856 0.16226067 0.86174727 -0.00308230 0.48068037
1461161757.39925 -29.90249250 7.03229609 -76.80986276 0.16223781 0.84440269 -0.01314077 0.51038252
1461161757.59956 -29.61753129 7.07754504 -77.36517115 0.14521723 0.83095052 -0.03458851 0.53594479
1461161757.79918 -29.26351157 7.02177030 -77.81771985 0.14678796 0.81500024 -0.03021987 0.55974517
1461161757.97924 -28.94163232 7.02172859 -78.26899402 0.15701071 0.79291957 -0.03895487 0.58745954
1461161758.13925 -28.62101934 7.01981625 -78.61543595 0.16695874 0.77034578 -0.03468678 0.61440132
1461161758.27919 -28.33066973 6.98555566 -78.86034339 0.16538574 0.74719966 -0.01659348 0.64347874
1461161758.43919 -27.97197786 6.93959727 -79.12289130 0.18378239 0.72243032 0.00166344 0.66657009
1461161758.59918 -27.53351004 6.94017685 -79.32341868 0.17552650 0.70840267 -0.01418763 0.68348725
1461161758.77921 -27.06270906 6.92568581 -79.54969537 0.14956947 0.70063497 -0.02287999 0.69729199
1461161758.93914 -26.67528427 6.85590034 -79.67768840 0.14571238 0.68343619 -0.01317091 0.71519886
1461161759.09941 -26.29636454 6.77598651 -79.75533796 0.14708623 0.65863899 -0.01884195 0.73770272
1461161759.25918 -25.98623276 6.64952265 -79.81263821 0.15164232 0.63122381 -0.00964778 0.76057085
1461161759.37918 -25.81099181 6.50768287 -79.79952137 0.15548858 0.59825918 0.00431384 0.78606020
1461161759.52090 -25.60719043 6.33270620 -79.76321207 0.14791662 0.56362454 -0.00699208 0.81264947
1461161759.69915 -25.33872059 6.09597254 -79.75953723 0.15720996 0.53037689 -0.00746285 0.83302443
1461161759.97914 -24.91381959 5.75274712 -79.73961625 0.14307593 0.51097540 0.00261155 0.84760049
1461161760.27917 -24.51319362 5.49025170 -79.88843400 0.13079254 0.48818705 -0.00152988 0.86288144
1461161760.42083 -24.40319594 5.35991121 -79.88707093 0.12616889 0.43833350 0.03280772 0.88930805
1461161760.72172 -24.04524860 5.06407997 -79.90587039 0.11349215 0.39888818 0.04366395 0.90890110
1461161761.05905 -23.51512207 4.66818629 -80.01085246 0.10288019 0.38268710 0.04081676 0.91722421
1461161761.42080 -22.94793707 4.27392423 -80.23736950 0.11011597 0.37991115 0.04472793 0.91735566
1461161761.67905 -22.55655918 3.98312491 -80.28301170 0.09677036 0.35321926 0.04000259 0.92966201
1461161762.03901 -21.86794931 3.57879031 -80.33849189 0.07662289 0.35818306 0.02106032 0.93026356
1461161762.19923 -21.44898292 3.37430517 -80.40197212 0.09649728 0.38959725 0.02271163 0.91563445
1461161762.32067 -21.08044691 3.26960229 -80.48511679 0.12747570 0.41875105 0.01576241 0.89897111
1461161762.49978 -20.48355287 3.16338267 -80.62510580 0.15166407 0.44668759 0.02321316 0.88143596
1461161762.65901 -20.01601980 3.00416236 -80.71861776 0.15801231 0.46883264 0.00587618 0.86901872
1461161762.83895 -19.53751493 2.84326288 -80.85477587 0.17623689 0.48904082 -0.01039539 0.85420816
1461161763.05893 -18.91188685 2.66879283 -80.98066330 0.18205730 0.49701722 -0.02511614 0.84805555
1461161763.19900 -18.52706600 2.53528626 -81.06817541 0.15020165 0.50705213 -0.00315311 0.84872119
1461161763.35909 -18.15818510 2.29855833 -81.21331434 0.17582047 0.51339844 0.00239294 0.83994254
1461161763.57894 -17.76490241 2.05492177 -81.42896100 0.16724586 0.52282210 0.00758166 0.83583993
1461161763.83893 -17.38944700 1.81609454 -81.62942587 0.15877258 0.52352015 0.03183883 0.83648324
1461161764.09888 -16.98520129 1.52547949 -81.85873114 0.14922456 0.53434221 0.03071028 0.83142487
1461161764.31888 -16.65468777 1.26231249 -82.05853969 0.15846548 0.54708853 0.02500208 0.82155811
1461161764.59886 -16.20035641 0.94731241 -82.26148704 0.15628566 0.54872741 0.02046263 0.82100810
1461161764.85887 -15.79799120 0.64059802 -82.40235824 0.15946998 0.53487880 0.01816058 0.82954457
1461161765.09882 -15.41909877 0.35407729 -82.58830901 0.13978327 0.54655763 -0.00270223 0.82566827
1461161765.31882 -15.04504131 0.08951221 -82.77898500 0.15737435 0.55835791 0.00180494 0.81453453
1461161765.55882 -14.64005851 -0.20947216 -82.95129826 0.14796098 0.55889546 0.00721742 0.81589909
1461161765.73888 -14.36021942 -0.48354896 -83.08243737 0.15687157 0.56288678 -0.00790776 0.81147227
1461161765.91884 -14.05508087 -0.73732292 -83.24794672 0.17683954 0.57863379 -0.01008386 0.79612124
1461161766.13879 -13.68088603 -0.98334240 -83.40380767 0.15766986 0.59269099 -0.01291277 0.78974101
1461161766.37875 -13.23524249 -1.22968013 -83.57086820 0.16187235 0.60571379 -0.00948860 0.77898531
1461161766.59876 -12.92719257 -1.48387591 -83.70893628 0.14863054 0.59149144 0.01266519 0.79239285
1461161766.82035 -12.59156431 -1.79343390 -83.87494779 0.15885326 0.59695870 -0.00042552 0.78638780
1461161767.05880 -12.17435651 -2.10988270 -84.10423561 0.14963997 0.61431450 -0.01397620 0.77461619
1461161767.32044 -11.71642947 -2.43444414 -84.32190876 0.17087922 0.62527065 -0.00615437 0.76144535
1461161767.59868 -11.33309150 -2.78069695 -84.49783160 0.16753129 0.60826758 0.00870153 0.77580159
1461161767.92048 -10.85764851 -3.16976601 -84.76255650 0.17252715 0.62120692 -0.00142184 0.76441764
1461161768.29865 -10.23578260 -3.54454708 -85.03975670 0.15489248 0.62402652 0.00530880 0.76587926
1461161768.62066 -9.82743011 -3.98342132 -85.22267542 0.15806567 0.60437819 0.00370508 0.78085115
1461161768.93898 -9.35409196 -4.38431422 -85.38306601 0.14945411 0.60883234 -0.01833469 0.77887772
1461161769.19860 -8.94136068 -4.65305482 -85.54091142 0.14908646 0.62325787 -0.01620611 0.76750258
1461161769.45866 -8.58707161 -4.91970551 -85.62729414 0.14187170 0.59989534 0.00630633 0.78737426
1461161769.72063 -8.24605364 -5.21686657 -85.64343733 0.13323554 0.57465920 0.00372560 0.80746592
1461161769.93945 -7.91233686 -5.45040456 -85.61383959 0.12018702 0.54958980 -0.03439120 0.82602868
1461161770.23854 -7.41124994 -5.78691132 -85.60142092 0.12795281 0.53090719 -0.00864647 0.83766990
1461161770.43951 -7.01479262 -5.90230306 -85.48013740 0.14028205 0.50019167 -0.00659785 0.85445053
1461161770.57942 -6.72594357 -5.93187597 -85.37786710 0.14293669 0.46393715 -0.00871122 0.87421710
1461161770.73858 -6.43138112 -5.97211720 -85.26931083 0.13556358 0.42324737 0.00833709 0.89577602
1461161770.89862 -6.10466123 -6.01384659 -85.08989663 0.11908540 0.38626868 0.02389825 0.91435444
1461161771.07865 -5.72854369 -6.02823311 -84.80054230 0.12354103 0.34920399 0.01232902 0.92878533
1461161771.25880 -5.34258374 -6.10921366 -84.43873646 0.12160725 0.32038550 -0.02135640 0.93920643
1461161771.52048 -4.76863575 -6.28746868 -83.85117887 0.11764136 0.29441423 -0.00398125 0.94840124
1461161771.73854 -4.29459547 -6.38344264 -83.27614636 0.12918412 0.26356321 -0.00093463 0.95595242
1461161771.92209 -3.98644694 -6.48219179 -82.78438250 0.12221400 0.22293217 0.01702994 0.96699274
1461161772.07851 -3.79507135 -6.58119543 -82.31990930 0.11292679 0.16991090 0.01323831 0.97887822
1461161772.27846 -3.53308729 -6.57639103 -81.69993656 0.10745467 0.12643299 -0.00504455 0.98612512
1461161772.52124 -3.20490068 -6.59125777 -80.92837531 0.07894275 0.09744621 -0.00823405 0.99207080
1461161772.67846 -3.06984090 -6.62973134 -80.41442880 0.05463727 0.05794086 -0.01130992 0.99675961
1461161772.82010 -2.94592177 -6.68232813 -79.94117312 0.06586691 0.01508468 -0.00643388 0.99769364
1461161773.02011 -2.76617727 -6.77402855 -79.30352090 0.06261518 -0.02537156 0.00214094 0.99771290
1461161773.15841 -2.71442914 -6.89214197 -78.84689925 0.05630424 -0.07216612 0.01165977 0.99573387
1461161773.35874 -2.62215357 -6.98737065 -78.12770958 0.06943933 -0.11432060 0.02504196 0.99069767
1461161773.61838 -2.48980635 -7.09292853 -77.11454383 0.05461488 -0.13299946 0.00639918 0.98958952
1461161773.89842 -2.24999469 -7.24241656 -76.04732151 0.05939769 -0.13765810 0.02958178 0.98825456
1461161774.11835 -2.12650701 -7.39249251 -75.22407037 0.05459586 -0.14765665 0.03579675 0.98688165
1461161774.29847 -2.09270281 -7.44428557 -74.61761112 0.02510550 -0.16759758 0.03087384 0.98505206
1461161774.47907 -2.03703017 -7.29373436 -73.95487427 -0.01881433 -0.16158779 -0.01830188 0.98650922
1461161774.69900 -1.87158662 -7.24724740 -73.16023443 -0.04068848 -0.14096347 -0.02655902 0.98882171
1461161774.89953 -1.72709115 -7.25788415 -72.48466597 -0.06298156 -0.14599262 -0.02137146 0.98704749
1461161775.09846 -1.54347631 -7.20534505 -71.80816427 -0.07298776 -0.16180528 -0.02320331 0.98384625
1461161775.25829 -1.44770522 -7.15663220 -71.33211400 -0.10088459 -0.18728751 -0.04039932 0.97627536
1461161775.41826 -1.37564238 -7.09568983 -70.90926815 -0.13111710 -0.20908643 -0.06297847 0.96701855
1461161775.57823 -1.34938282 -7.02958887 -70.49265128 -0.12725784 -0.23829493 -0.06405457 0.96068620
1461161775.72009 -1.35719827 -6.97317113 -70.16694409 -0.12594181 -0.27134758 -0.06265805 0.95214659
1461161775.85847 -1.36609779 -6.95355395 -69.90794034 -0.13008305 -0.29911000 -0.06804858 0.94285789
1461161775.99836 -1.37880733 -6.93374157 -69.71902323 -0.14393425 -0.33232087 -0.07363190 0.92920617
1461161776.13829 -1.39453314 -6.91440078 -69.57271180 -0.15470925 -0.37064080 -0.07313277 0.91287570
1461161776.27828 -1.39384402 -6.88883202 -69.44843238 -0.16705993 -0.40908489 -0.08725733 0.89281952
1461161776.41831 -1.39610434 -6.86867470 -69.37109975 -0.17759560 -0.45452237 -0.09967880 0.86714091
1461161776.59830 -1.38745327 -6.84261492 -69.29441270 -0.19296985 -0.49207725 -0.11179221 0.84150170
1461161776.82056 -1.40074328 -6.77835534 -69.25143333 -0.20910395 -0.52735190 -0.13205779 0.81285684
1461161777.05810 -1.46693965 -6.69853090 -69.18588368 -0.22174965 -0.55745754 -0.14532681 0.78673268
1461161777.25816 -1.57903932 -6.68738616 -69.06577253 -0.21349090 -0.57485660 -0.14961871 0.77561316
1461161777.43823 -1.68798851 -6.70285774 -68.94024472 -0.21034012 -0.59179546 -0.15447576 0.76267451
1461161777.59808 -1.78566737 -6.71929750 -68.81486952 -0.20577446 -0.60441178 -0.15804167 0.75323708
1461161777.75812 -1.85700000 -6.70140473 -68.69557372 -0.21097598 -0.61194608 -0.16969226 0.74311215
1461161777.93824 -1.93825900 -6.68575742 -68.58815966 -0.21507567 -0.62858138 -0.17551621 0.72651356
1461161778.09810 -2.00423489 -6.66469013 -68.52632680 -0.21768263 -0.65656346 -0.18493053 0.69809698
1461161778.25815 -2.04625740 -6.63836864 -68.48301828 -0.21972490 -0.68610240 -0.19683742 0.66501090
1461161778.45807 -2.07226609 -6.62062935 -68.44348119 -0.21893961 -0.71431909 -0.21313282 0.62959359
1461161778.67813 -2.09994167 -6.57913861 -68.46102272 -0.21837716 -0.74113986 -0.23554101 0.58952825
1461161778.85819 -2.13202876 -6.51971196 -68.53084689 -0.21534982 -0.75922204 -0.25500479 0.55872972
1461161779.07805 -2.21078675 -6.45064104 -68.64109443 -0.21159983 -0.77572050 -0.26919278 0.53011175
1461161779.27808 -2.27551369 -6.41446878 -68.76745719 -0.20410150 -0.79031294 -0.28100020 0.50476423
1461161779.49803 -2.33837351 -6.39899286 -68.91131568 -0.19869048 -0.80666130 -0.28106268 0.48044085
1461161779.69815 -2.34938612 -6.38369219 -69.03280240 -0.19891284 -0.82218354 -0.28773264 0.44906329
1461161779.89807 -2.38355528 -6.34955016 -69.15614449 -0.19406861 -0.83326331 -0.29967677 0.42214151
1461161780.07806 -2.41450961 -6.28853318 -69.27234612 -0.19450459 -0.83976423 -0.31604944 0.39632910
1461161780.27800 -2.47250722 -6.22934114 -69.40345537 -0.19787709 -0.84529644 -0.32934081 0.37128589
1461161780.51857 -2.52629608 -6.21084978 -69.58061346 -0.20041824 -0.85388763 -0.33773787 0.34152828
1461161780.73811 -2.57486942 -6.18635993 -69.79288554 -0.19167895 -0.86550205 -0.34066155 0.31323328
1461161780.95800 -2.61114535 -6.13051202 -70.06784903 -0.18516003 -0.87114020 -0.34697492 0.29400498
1461161781.13807 -2.63991429 -6.11362841 -70.34975280 -0.16329865 -0.87866040 -0.35111479 0.27929887
1461161781.32011 -2.67363209 -6.09655694 -70.64241075 -0.15224444 -0.88302742 -0.35349680 0.26855954
1461161781.47803 -2.70371541 -6.06211194 -70.91995892 -0.15692326 -0.88391848 -0.35355529 0.26279623
1461161781.61833 -2.73255733 -6.02262624 -71.18557306 -0.15610382 -0.88807236 -0.35183789 0.25133478
1461161781.75800 -2.76374930 -5.98000923 -71.48075108 -0.15335712 -0.89207197 -0.35134949 0.23925453
1461161781.89805 -2.79901315 -5.96760437 -71.80470081 -0.15109431 -0.89523958 -0.35188283 0.22780491
1461161782.03794 -2.82784396 -5.99050139 -72.14986139 -0.14663537 -0.90284644 -0.34431072 0.21169907
1461161782.19798 -2.86800772 -6.02118656 -72.55527378 -0.14455731 -0.91098181 -0.33019437 0.20046698
1461161782.33801 -2.92960334 -6.01120986 -72.92253302 -0.15352440 -0.91598209 -0.30693156 0.20784630
1461161782.47800 -3.02095470 -5.97916714 -73.29621682 -0.14713743 -0.91684626 -0.29075189 0.23066612
1461161782.61975 -3.09377053 -5.97731479 -73.65319585 -0.14644988 -0.90902115 -0.29373682 0.25681056
1461161782.77797 -3.14952234 -6.00831774 -74.07383841 -0.14831285 -0.90737977 -0.28245238 0.27365289
1461161782.89801 -3.14502186 -6.01012715 -74.43099226 -0.15869082 -0.91608925 -0.25436749 0.26626094
1461161783.01974 -3.13817478 -5.98970465 -74.81726055 -0.16097717 -0.92574102 -0.23026660 0.25311499
1461161783.11818 -3.12523995 -5.97146310 -75.14373733 -0.16929206 -0.92954302 -0.22451340 0.23850303
1461161783.21792 -3.10041362 -5.96886672 -75.45006004 -0.18490526 -0.92900612 -0.22546777 0.22786390
1461161783.31977 -3.04751205 -5.98995571 -75.74638605 -0.16951108 -0.93632689 -0.23331706 0.20030249
1461161783.41952 -2.98902100 -6.01212845 -76.04517061 -0.15913749 -0.94285898 -0.23315493 0.17700561
1461161783.55791 -2.91181662 -5.99391908 -76.48896739 -0.15102113 -0.94875731 -0.22362265 0.16445392
1461161783.71963 -2.82438424 -5.94618477 -77.03353283 -0.14036920 -0.95520415 -0.20809334 0.15677588
1461161783.85791 -2.74631742 -5.97811110 -77.51498915 -0.12839852 -0.95836920 -0.20206781 0.15559848
1461161783.99786 -2.68280572 -6.04146914 -78.01298258 -0.13479658 -0.95986745 -0.19389157 0.15129577
1461161784.13808 -2.62140312 -6.06091659 -78.51267173 -0.13791915 -0.96293510 -0.17752643 0.14905927
1461161784.25788 -2.58631673 -6.06426284 -78.94423398 -0.13847477 -0.96626317 -0.15690459 0.15013718
1461161784.37782 -2.53664692 -6.09944137 -79.35108709 -0.14076720 -0.96797173 -0.14604525 0.14793957
1461161784.49783 -2.49796908 -6.17802715 -79.75539332 -0.14130462 -0.96944675 -0.13383619 0.14931132
1461161784.61946 -2.47559583 -6.24567191 -80.14938003 -0.14383855 -0.97015082 -0.11831940 0.15530091
1461161784.77823 -2.49561697 -6.24815400 -80.68467476 -0.14144836 -0.96868836 -0.09671050 0.17967276
1461161784.87780 -2.52960841 -6.23940875 -81.02096966 -0.14149538 -0.96596051 -0.08271872 0.20014234
1461161785.01953 -2.58650822 -6.24596181 -81.48983430 -0.13235882 -0.96195839 -0.07655346 0.22639959
1461161785.13791 -2.65261446 -6.23047198 -81.87684635 -0.13569116 -0.95812116 -0.08708111 0.23666141
1461161785.25799 -2.77539033 -6.17561287 -82.24947098 -0.14352591 -0.95134648 -0.09067754 0.25713378
1461161785.35780 -2.91541685 -6.12076615 -82.57060611 -0.14431546 -0.94834503 -0.08197155 0.27036165
1461161785.47784 -3.10546138 -6.07840062 -82.94105072 -0.14663429 -0.94234158 -0.07109737 0.29229420
1461161785.53785 -3.20075347 -6.05807693 -83.13775072 -0.15223489 -0.94000891 -0.07713326 0.29539507
1461161785.69777 -3.45148051 -6.08273420 -83.60507616 -0.16571013 -0.93016805 -0.07066278 0.31989738
1461161785.85778 -3.72756809 -6.04751648 -84.07291186 -0.16702162 -0.92254524 -0.07414825 0.33987658
1461161786.01796 -4.03686401 -5.95017232 -84.53570413 -0.15848937 -0.91532331 -0.07797710 0.36191703
1461161786.17792 -4.38461980 -5.92470216 -84.96821425 -0.14546680 -0.90805775 -0.07918370 0.38470830
1461161786.33782 -4.75978406 -5.93644867 -85.37375294 -0.15122648 -0.90135265 -0.06284546 0.40092942
1461161786.51775 -5.20012944 -5.83682515 -85.79047745 -0.15455145 -0.89461076 -0.05402199 0.41577284
1461161786.67784 -5.61101907 -5.74311252 -86.11685992 -0.15500681 -0.88722962 -0.05513603 0.43099479
1461161786.85768 -6.05192331 -5.68033007 -86.39835848 -0.16811587 -0.87410048 -0.06440783 0.45115078
1461161787.03772 -6.53249087 -5.60707312 -86.66222736 -0.17579204 -0.85976805 -0.05591826 0.47620290
1461161787.17778 -6.93716610 -5.55876919 -86.79259522 -0.15680929 -0.84463373 -0.04244209 0.51010135
1461161787.29772 -7.28667008 -5.52674831 -86.94412022 -0.13487760 -0.82868866 -0.05375971 0.54054883
1461161787.43775 -7.73025929 -5.52841671 -87.04150050 -0.12748519 -0.80274373 -0.05494120 0.57994095
1461161787.59778 -8.20036473 -5.47790228 -87.12851913 -0.12623040 -0.77932124 -0.05390543 0.61140698
1461161787.89771 -8.98942436 -5.31306739 -87.26861630 -0.12971512 -0.76071021 -0.04561545 0.63436047
1461161788.19769 -9.73041961 -5.21372277 -87.42476408 -0.12533404 -0.75722637 -0.07021325 0.63715751
1461161788.53765 -10.44989779 -5.01126767 -87.60374058 -0.12418976 -0.75346038 -0.07989005 0.64069645
1461161788.75756 -10.82209449 -4.78588653 -87.71841232 -0.13592250 -0.77136286 -0.09798444 0.61394093
1461161789.03820 -11.26588735 -4.39210779 -87.68729582 -0.11500348 -0.77933154 -0.09047453 0.60928722
1461161789.29768 -11.64990728 -4.13235784 -87.68332941 -0.13893976 -0.78145409 -0.10612135 0.59896870
1461161789.55775 -12.07608407 -3.76150979 -87.62470782 -0.10789530 -0.78729491 -0.09843775 0.59902866
1461161789.79780 -12.41794842 -3.44498816 -87.61309177 -0.13751417 -0.78151197 -0.11239337 0.59807744
1461161789.99763 -12.72748216 -3.10281302 -87.52638166 -0.14667759 -0.78641128 -0.11320888 0.58925947
1461161790.17752 -13.01674987 -2.87974233 -87.39072523 -0.15494418 -0.77580668 -0.10806205 0.60202898
1461161790.39757 -13.35746173 -2.62037861 -87.31393163 -0.16619738 -0.78153273 -0.11653497 0.58991917
1461161790.55755 -13.62281774 -2.38064359 -87.21754218 -0.14655528 -0.77296680 -0.12712516 0.60405552
1461161790.75755 -13.93641176 -2.12192971 -87.13981111 -0.16055904 -0.76713986 -0.14039169 0.60498545
1461161790.93759 -14.22226304 -1.87789814 -87.08396425 -0.16831549 -0.77601685 -0.13374056 0.59294283
1461161791.15778 -14.58586663 -1.63308501 -86.96944779 -0.16592673 -0.78868232 -0.12479185 0.57868429
1461161791.33753 -14.92896588 -1.39319374 -86.86858455 -0.17657625 -0.78121429 -0.12314258 0.58597011
1461161791.51761 -15.26296244 -1.12467673 -86.75212016 -0.17082583 -0.78295167 -0.12637998 0.58466513
1461161791.67750 -15.57083302 -0.91484974 -86.61275237 -0.16287310 -0.77872950 -0.11290029 0.59523630
1461161791.79751 -15.78790019 -0.75528527 -86.43687274 -0.16324513 -0.75723003 -0.11975600 0.62097682
1461161791.91914 -16.02179669 -0.60410185 -86.24512201 -0.14863901 -0.73510689 -0.10081910 0.65372763
1461161792.07746 -16.30494249 -0.37856433 -86.02148787 -0.16819095 -0.70880150 -0.10593097 0.67682411
1461161792.27753 -16.70225202 -0.04355796 -85.77442803 -0.17389820 -0.68786153 -0.07895389 0.70026582
1461161792.45749 -17.02465569 0.24247540 -85.51972195 -0.17626277 -0.65566927 -0.05357843 0.73222852
1461161792.71934 -17.50183044 0.68017846 -85.17995029 -0.19088307 -0.63981750 -0.07615786 0.74053845
1461161792.89782 -17.86016916 0.96698727 -84.91628466 -0.19920537 -0.60548604 -0.07989696 0.76636829
1461161793.07745 -18.24881330 1.28447705 -84.66978679 -0.19048105 -0.57874554 -0.07536390 0.78936104
1461161793.33746 -18.76977663 1.68805140 -84.38557180 -0.17761621 -0.55844157 -0.07288857 0.80702091
1461161793.61746 -19.32770420 2.11933667 -84.10962366 -0.18260307 -0.54625271 -0.06265044 0.81506995
1461161793.79740 -19.74285804 2.39802809 -83.93323197 -0.17549528 -0.53403870 -0.03321753 0.82637804
1461161793.99740 -20.17967372 2.78601618 -83.78197010 -0.18695661 -0.52178027 -0.02396494 0.83199655
1461161794.15747 -20.53837698 3.07496145 -83.69725197 -0.19746920 -0.53939811 -0.02610662 0.81815282
1461161794.25733 -20.71511153 3.25195934 -83.58694724 -0.21354623 -0.51310033 -0.05973690 0.82919091
1461161794.43729 -21.04925402 3.60915774 -83.39901112 -0.22506046 -0.48608702 -0.08107158 0.84053233
1461161794.53737 -21.25607023 3.82754688 -83.24623948 -0.22955721 -0.44066315 -0.03539713 0.86710237
1461161794.63733 -21.44549920 4.00206521 -83.08004963 -0.23228582 -0.38837106 -0.03107814 0.89120445
1461161794.75740 -21.77164560 4.17222392 -82.86175922 -0.23945427 -0.34356906 -0.01290798 0.90799523
1461161794.85748 -22.04891305 4.26017070 -82.68926012 -0.22202434 -0.31423731 -0.00420455 0.92300728
1461161794.95761 -22.31601133 4.29754735 -82.55122834 -0.19478735 -0.29723065 0.00390891 0.93471736
1461161795.05738 -22.53953738 4.31438257 -82.45221145 -0.20469550 -0.25971389 -0.00381036 0.94373403
1461161795.17734 -22.85902595 4.31309526 -82.33793529 -0.19621287 -0.23137295 0.02526757 0.95253799
1461161795.35729 -23.40233773 4.38602841 -82.20248704 -0.19272422 -0.21899468 0.02152887 0.95626106
1461161795.53728 -23.90551639 4.42648452 -82.12829882 -0.20524230 -0.21466321 0.02506547 0.95455070
1461161795.69739 -24.28070079 4.50721545 -82.03646702 -0.21273228 -0.18483217 0.05481552 0.95790255
1461161795.83767 -24.59493722 4.59155309 -81.94399924 -0.20300287 -0.17560775 0.11896682 0.95592816
1461161796.09731 -25.14137734 4.86687163 -81.80472125 -0.17349140 -0.19603197 0.12758858 0.95665739
1461161796.33733 -25.62762253 5.25426398 -81.68768410 -0.19083439 -0.17801036 0.07249230 0.96262112
1461161796.61742 -26.20896831 5.71039677 -81.43859062 -0.17196834 -0.17988173 0.11413104 0.96179185
1461161796.85750 -26.71254075 6.05926610 -81.19088872 -0.14019387 -0.20856379 0.10888770 0.96176416
1461161797.13719 -27.31980093 6.42920009 -80.77234345 -0.12375688 -0.19664072 0.09220657 0.96825338
1461161797.35725 -27.70101071 6.66805780 -80.44726007 -0.09201688 -0.18366515 0.11680777 0.97167688
1461161797.51940 -27.99038296 6.83026748 -80.16527221 -0.06240060 -0.17140788 0.15565973 0.97082210
1461161797.67719 -28.31354219 6.98612744 -79.83700357 -0.07331405 -0.14558836 0.14975398 0.97519374
1461161797.81974 -28.62833357 7.13733419 -79.47958682 -0.04194199 -0.13118176 0.13038469 0.98185134
1461161797.95722 -28.88545691 7.26577335 -79.09341691 -0.03417170 -0.09560797 0.12445928 0.98701636
1461161798.11710 -29.13284821 7.32930518 -78.63207921 -0.05355312 -0.06974362 0.15013097 0.98474798
1461161798.25709 -29.30297792 7.35689848 -78.15510527 -0.02966324 -0.04126187 0.15502275 0.98660301
1461161798.41718 -29.51534203 7.35621133 -77.60500839 -0.02894659 -0.03250808 0.13447509 0.98996049
1461161798.57715 -29.65248280 7.29761926 -77.06778017 -0.03747852 -0.00341705 0.14207695 0.98913994
1461161798.75710 -29.77211421 7.30730367 -76.41659183 -0.03284714 0.01656049 0.14154395 0.98924826
1461161798.89703 -29.82312151 7.34244645 -75.85589051 -0.02592022 0.04256864 0.13740139 0.98926079
1461161799.03715 -29.83743047 7.31052493 -75.30223482 -0.01605745 0.07394369 0.13631937 0.98777098
1461161799.21703 -29.87150784 7.27619029 -74.56194744 -0.02186495 0.08339912 0.13749617 0.98674278
1461161799.37714 -29.89397730 7.27484669 -73.85049061 -0.00084209 0.07269225 0.09512449 0.99280736
1461161799.55705 -29.91221821 7.20850632 -73.09659483 -0.01545158 0.05760301 0.11737002 0.99129583
1461161799.73697 -29.90577593 7.18062838 -72.33431904 -0.02122042 0.05181144 0.12509053 0.99056430
1461161799.89701 -29.86325851 7.21242814 -71.61590516 -0.01196041 0.05114647 0.09780945 0.99381804
1461161800.03695 -29.78083018 7.12411179 -70.99255434 -0.00115382 0.07764978 0.12959614 0.98852113
1461161800.21885 -29.65895622 7.00343530 -70.19800318 0.00508467 0.09588987 0.11025120 0.98925424
1461161800.39699 -29.55168136 6.98096635 -69.40337160 0.03039941 0.08767818 0.10602408 0.99002389
1461161800.59701 -29.41845368 6.86599780 -68.56269879 0.01047859 0.06962154 0.11316881 0.99107813
1461161800.79704 -29.27896603 6.77925790 -67.69736372 0.02047187 0.05073866 0.08393972 0.99496764
1461161800.97705 -29.09769835 6.70384054 -66.87045952 0.04956086 0.05164815 0.08408138 0.99388456
1461161801.17830 -28.89967892 6.55930605 -65.99561372 0.04319075 0.06595672 0.09432480 0.99241478
1461161801.37718 -28.67181752 6.56073786 -65.09407120 0.04027880 0.07273292 0.10025327 0.99148213
1461161801.57685 -28.44988600 6.45658417 -64.24427232 0.02468052 0.06546877 0.10409462 0.99210333
1461161801.79695 -28.23363280 6.42462235 -63.31842584 0.01503843 0.04662206 0.07557108 0.99593636
1461161801.97733 -28.05262274 6.35040973 -62.50637162 0.03721684 0.05901866 0.08031727 0.99432431
1461161802.15688 -27.86151896 6.16444837 -61.73496974 0.05245226 0.06571178 0.11969252 0.98924437
1461161802.35691 -27.63298445 6.14610213 -60.83465405 0.05154918 0.07986432 0.10477740 0.98994246
1461161802.57817 -27.40207256 6.06118481 -59.96490844 0.04952668 0.09291735 0.11814631 0.98739806
1461161802.77685 -27.28736556 6.02246167 -59.15810787 0.03408828 0.08235677 0.10712865 0.99024179
1461161802.93697 -27.15736248 6.05458663 -58.45474466 0.04177641 0.08890366 0.09458147 0.99065898
1461161803.09690 -27.04554389 5.96434798 -57.77722977 0.04707857 0.09235668 0.08056411 0.99134418
1461161803.25687 -26.92664775 5.90855864 -57.11104764 0.04134409 0.08940660 0.06815565 0.99280005
1461161803.39698 -26.80100942 5.91930677 -56.52247955 0.04380814 0.09517921 0.07912385 0.99134312
1461161803.53695 -26.69145402 5.84964651 -55.94650350 0.03971708 0.09791689 0.10330615 0.98902107
1461161803.65692 -26.56682782 5.79384313 -55.46679446 0.01024945 0.10406523 0.10268062 0.98920274
1461161803.77693 -26.43172650 5.77448387 -54.99258326 0.00295635 0.11515805 0.11440353 0.98673285
1461161803.89688 -26.27710507 5.76602204 -54.50312641 0.01353621 0.12678532 0.11487799 0.98516258
1461161804.01872 -26.11253939 5.70439727 -54.02285702 0.03184417 0.14506792 0.13059757 0.98024768
1461161804.13692 -25.95397013 5.59135655 -53.55480522 0.04729216 0.16591230 0.14596259 0.97413114
1461161804.27694 -25.77024190 5.50952284 -52.98837900 0.05098386 0.18226502 0.13417119 0.97271692
1461161804.41856 -25.54807272 5.50772959 -52.42676108 0.06523494 0.19981106 0.14615794 0.96667357
1461161804.55685 -25.34638386 5.50506620 -51.90133477 0.05298017 0.20842217 0.15470240 0.96427199
1461161804.69684 -25.15815318 5.46630629 -51.38947445 0.01870680 0.21676914 0.14595401 0.96506923
1461161804.85684 -24.95499180 5.42678842 -50.80945873 0.02088411 0.21495049 0.14754141 0.96518997
1461161804.97683 -24.76740856 5.39055891 -50.37768196 0.04479193 0.22247235 0.15106119 0.96212279
1461161805.09678 -24.57232864 5.32177237 -49.92600629 0.05148652 0.23705487 0.13625921 0.96051421
1461161805.21851 -24.38949463 5.24345284 -49.47872494 0.05124534 0.24526787 0.14609029 0.95701369
1461161805.33684 -24.19487358 5.21624566 -49.01817772 0.04316360 0.25366829 0.14125090 0.95594848
1461161805.43681 -24.01270536 5.21736818 -48.64095209 0.04510787 0.25479360 0.14352578 0.95522032
1461161805.53677 -23.83284336 5.21787496 -48.26577133 0.04430962 0.25252675 0.16108423 0.95305759
1461161805.63674 -23.67107073 5.18819847 -47.92266156 0.02896939 0.25128939 0.16234277 0.95376058
1461161805.73673 -23.53614220 5.15020622 -47.58169715 0.00325404 0.24246341 0.16253422 0.95644317
1461161805.83674 -23.40949994 5.10630430 -47.25003000 0.00316351 0.22583311 0.17765631 0.95782443
1461161805.91841 -23.31375227 5.11801151 -46.96945801 -0.00851133 0.21368639 0.17083137 0.96181200
1461161805.99679 -23.19702760 5.10584236 -46.69147509 0.00275949 0.20603685 0.16602028 0.96435391
1461161806.05679 -23.12352579 5.08850468 -46.47377968 0.00723319 0.19744055 0.15425824 0.96807505
1461161806.13673 -23.01807736 5.05573057 -46.19116464 -0.00187633 0.20174313 0.12837990 0.97098650
1461161806.19671 -22.94971153 5.00564320 -45.95340158 -0.00000905 0.18996329 0.12376827 0.97395860
1461161806.25684 -22.88245964 4.95653760 -45.74801072 0.00185086 0.17919039 0.12975803 0.97521804
1461161806.33715 -22.79274329 4.91530538 -45.45461859 -0.00159997 0.17067718 0.10552249 0.97965899
1461161806.43679 -22.65023908 4.91222200 -45.06448774 -0.00412503 0.16209872 0.10268159 0.98140893
1461161806.53738 -22.49241924 4.92525086 -44.70310111 -0.00202516 0.16310732 0.10366463 0.98114502
1461161806.63675 -22.36049938 4.91356561 -44.32550472 -0.00761452 0.15514524 0.10418156 0.98235339
1461161806.71856 -22.27114930 4.87863304 -44.05115189 -0.02297867 0.14758341 0.10029357 0.98368304
1461161806.79666 -22.20318022 4.84782198 -43.76981369 -0.04862878 0.13207011 0.09596307 0.98538511
1461161806.91846 -22.08953227 4.78936639 -43.34816476 -0.03931012 0.12077696 0.09381053 0.98745492
1461161807.03676 -21.95228131 4.77945246 -42.90333221 -0.03533877 0.11617522 0.08516820 0.98893926
1461161807.13679 -21.82760311 4.74628259 -42.52178183 -0.02256159 0.12629061 0.08572059 0.98802512
1461161807.23670 -21.72606429 4.68884676 -42.14142874 -0.02952491 0.13151908 0.08165219 0.98750389
1461161807.33667 -21.63106012 4.62395218 -41.75640244 -0.03639874 0.12918037 0.08574266 0.98723643
1461161807.43668 -21.52641960 4.57887781 -41.35726533 -0.02953546 0.12855075 0.08645345 0.98748578
1461161807.53666 -21.41251694 4.57415586 -40.96633934 -0.01914616 0.12529193 0.09333466 0.98753430
1461161807.63704 -21.33292672 4.58209202 -40.58579034 -0.02655066 0.11302112 0.10033385 0.98815708
1461161807.73663 -21.29682562 4.56884101 -40.22359047 -0.05157051 0.09823861 0.09169190 0.98958691
1461161807.83673 -21.27066818 4.54013188 -39.85130386 -0.07445405 0.08864679 0.09320981 0.98889346
1461161807.93663 -21.24286985 4.51292525 -39.45851871 -0.07421701 0.07508171 0.08875001 0.99044334
1461161808.03664 -21.19429963 4.50561174 -39.06820479 -0.06024111 0.07379549 0.08328994 0.99196170
1461161808.13665 -21.15434197 4.48688986 -38.67507669 -0.05019401 0.07728262 0.07239315 0.99310986
1461161808.23661 -21.12215797 4.42971755 -38.29636999 -0.04848999 0.08428664 0.08855706 0.99131334
1461161808.33665 -21.06598230 4.37398023 -37.92462027 -0.05022555 0.10087482 0.10535337 0.98802952
1461161808.45689 -20.99725152 4.35155209 -37.47842031 -0.05027130 0.11480934 0.10956676 0.98604601
1461161808.57662 -20.92244128 4.36856902 -37.00999350 -0.04370726 0.11933067 0.11642575 0.98503549
1461161808.73660 -20.86246378 4.32229216 -36.41887971 -0.04790695 0.10951042 0.11619232 0.98600798
1461161808.91844 -20.81458035 4.20975834 -35.79569594 -0.05607232 0.10440898 0.12229805 0.98539223
1461161809.03661 -20.78646217 4.22371687 -35.35072559 -0.06128566 0.09496404 0.11576166 0.98682579
1461161809.13658 -20.76107872 4.24231016 -34.96199574 -0.06518609 0.09136176 0.10709763 0.98789367
1461161809.23666 -20.72064609 4.19534785 -34.56031043 -0.04273380 0.09801124 0.10961902 0.98820610
1461161809.33656 -20.67107105 4.15017743 -34.18220377 -0.04359701 0.11478791 0.11129671 0.98617244
1461161809.41858 -20.65384884 4.11220038 -33.86342143 -0.04449834 0.10743223 0.11476503 0.98656333
1461161809.49653 -20.61024275 4.08536684 -33.54550350 -0.04173174 0.11932269 0.10855407 0.98602057
1461161809.57657 -20.56767319 4.08314875 -33.20662742 -0.04174279 0.12046692 0.10933413 0.98579476
1461161809.65655 -20.50668465 4.06908018 -32.90273759 -0.02975785 0.13066601 0.11684493 0.98406713
1461161809.77663 -20.44397521 4.04271767 -32.42000623 -0.03724737 0.13524060 0.13757463 0.98050795
1461161809.91845 -20.37720675 3.95757250 -31.93175528 -0.06679444 0.15008494 0.14837180 0.97519168
1461161810.09652 -20.29843603 3.89916421 -31.23027928 -0.06255833 0.16529285 0.15902598 0.97132665
1461161810.23652 -20.22503822 3.87831736 -30.65786890 -0.05430274 0.17566627 0.16625329 0.96878915
1461161810.37657 -20.13973885 3.80898416 -30.10631119 -0.05003885 0.20122201 0.16257127 0.96466388
1461161810.49645 -20.08666055 3.75296411 -29.61811618 -0.05493964 0.19921351 0.18064095 0.96159475
1461161810.59711 -19.99898812 3.71248256 -29.21979093 -0.03369450 0.21878367 0.18875791 0.95674910
1461161810.69651 -19.90988335 3.69552466 -28.82723503 -0.01352572 0.22842678 0.22173871 0.94787668
1461161810.79646 -19.83299694 3.68325816 -28.46183706 -0.01241484 0.23499706 0.23845408 0.94221118
1461161810.87652 -19.77105666 3.66247839 -28.18943433 -0.01763264 0.24412237 0.26300106 0.93323298
1461161810.95652 -19.71632555 3.62498630 -27.92703700 -0.02781833 0.25150330 0.27068711 0.92881684
1461161811.03869 -19.64930578 3.58888782 -27.66487301 -0.03099653 0.26987545 0.27175065 0.92323239
1461161811.11820 -19.58129505 3.58548148 -27.38257878 -0.03169587 0.28266348 0.27994889 0.91691076
1461161811.19642 -19.51248475 3.58127272 -27.09614208 -0.02023017 0.29076187 0.28170086 0.91416240
1461161811.27650 -19.44955647 3.58327843 -26.81961215 -0.01402063 0.30258461 0.29428022 0.90644643
1461161811.35646 -19.40014582 3.56177829 -26.55830826 -0.01174163 0.30606434 0.28299329 0.90890129
1461161811.43646 -19.32633387 3.53095450 -26.31199112 -0.00405714 0.32964410 0.28475310 0.90012998
1461161811.53643 -19.24815515 3.49233073 -25.98859275 -0.01007140 0.33538953 0.28953013 0.89642888
1461161811.63651 -19.13363792 3.44392649 -25.65643815 0.00600785 0.33974560 0.27651010 0.89893214
1461161811.75645 -18.96234104 3.46162230 -25.33790412 0.01601526 0.34882821 0.28034083 0.89413165
1461161811.89649 -18.70267691 3.44231045 -24.84362048 0.01392638 0.36454841 0.25615081 0.89515210
1461161812.03661 -18.50569464 3.39234075 -24.46932991 0.00188231 0.37947293 0.25426516 0.88957629
1461161812.23730 -18.27003883 3.27294884 -23.88288663 0.00997063 0.36929711 0.23414645 0.89927508
1461161812.43668 -17.99952852 3.23966495 -23.25596638 0.00663581 0.35330845 0.19589962 0.91474174
1461161812.57653 -17.83501535 3.22057683 -22.83820774 -0.02697935 0.33766116 0.18310645 0.92289169
1461161812.67659 -17.74011326 3.20199438 -22.54712923 -0.03808265 0.32617041 0.17160003 0.92882507
1461161812.77674 -17.65596873 3.20825242 -22.22759827 -0.04388046 0.30657303 0.16726836 0.93600682
1461161812.89648 -17.57205404 3.22000880 -21.82329769 -0.04896030 0.27814556 0.15864504 0.94608123
1461161812.99704 -17.54223658 3.22384660 -21.48770728 -0.06521590 0.24371028 0.15741695 0.95476285
1461161813.09642 -17.54541865 3.22795174 -21.17310087 -0.10743665 0.20428041 0.14821438 0.96164410
1461161813.23690 -17.54211374 3.18560964 -20.73745962 -0.11933208 0.16350825 0.13778877 0.96955617
1461161813.39678 -17.53845504 3.19137967 -20.17290590 -0.11986242 0.11512908 0.12784465 0.97776993
1461161813.63638 -17.49150757 3.11537649 -19.33553288 -0.11666057 0.10027128 0.13734305 0.97850543
1461161813.83701 -17.46666206 3.08537562 -18.61041665 -0.12374525 0.07529506 0.14152271 0.97927988
1461161814.05630 -17.43860106 3.04327023 -17.77751071 -0.11362712 0.05691188 0.14449291 0.98131122
1461161814.27630 -17.42843911 2.92925526 -17.01857983 -0.13017802 0.05383568 0.14737675 0.97899719
1461161814.45626 -17.43191024 2.92238552 -16.33353074 -0.10531428 0.05332031 0.14666599 0.98211758
1461161814.63701 -17.44125934 2.90557126 -15.66030416 -0.11486517 0.06561490 0.13182124 0.98240717
1461161814.77625 -17.44344184 2.84825519 -15.14412445 -0.11697521 0.07704224 0.14934693 0.97881397
1461161814.89640 -17.41736563 2.82002576 -14.67356893 -0.09495725 0.08852650 0.16047127 0.97846571
1461161815.03683 -17.36496595 2.78492312 -14.13701647 -0.07246226 0.09944921 0.16382751 0.97878477
1461161815.19627 -17.33344736 2.69695780 -13.58481510 -0.06761433 0.09808243 0.17193218 0.97787907
1461161815.45657 -17.28899744 2.64986060 -12.64872180 -0.07887774 0.09570569 0.16399711 0.97863357
1461161815.65628 -17.23495831 2.55639291 -11.83148968 -0.04127103 0.10173370 0.15637735 0.98157683
1461161815.87632 -17.17846174 2.44250593 -10.97571861 -0.06072322 0.10996780 0.15460748 0.97995729
1461161816.07619 -17.03144145 2.41843484 -10.19055493 -0.03540818 0.10659279 0.15268768 0.98187102
1461161816.29610 -16.89513405 2.32092300 -9.39420702 -0.05157353 0.09877345 0.15698839 0.98129436
1461161816.47624 -16.75643604 2.25023500 -8.74254800 -0.04795193 0.10354194 0.16456451 0.97974395
1461161816.63617 -16.59033826 2.21639349 -8.12369622 -0.02885261 0.12459892 0.15539624 0.97953797
1461161816.83619 -16.43590004 2.11454719 -7.39191018 -0.02296374 0.14077335 0.16022311 0.97672109
1461161817.01846 -16.30282313 2.07433125 -6.70651408 -0.01971431 0.13470621 0.14916741 0.97939505
1461161817.17617 -16.16882422 2.08665798 -6.10143718 -0.02485510 0.13958626 0.14753009 0.97884257
1461161817.33646 -16.06923048 2.01408470 -5.55100768 -0.03731831 0.13851075 0.16737764 0.97540086
1461161817.49610 -15.96299544 1.92706510 -5.01840346 -0.03153016 0.14774986 0.17574262 0.97277457
1461161817.61846 -15.85192148 1.91669000 -4.57372689 -0.01897916 0.15998431 0.18063035 0.97026671
1461161817.73619 -15.76565051 1.89196562 -4.12602936 -0.00014700 0.16775731 0.17741294 0.96973301
1461161817.85618 -15.68780941 1.85566714 -3.69825256 -0.00773115 0.18199870 0.18668082 0.96538437
1461161817.97617 -15.61575841 1.80111093 -3.27483850 -0.01467285 0.19409077 0.17756719 0.96466749
1461161818.07642 -15.55804338 1.75054606 -2.89927497 -0.00622716 0.19824066 0.18765632 0.96200154
1461161818.15606 -15.49916520 1.68440017 -2.59480813 0.01838664 0.21329544 0.18433250 0.95926457
1461161818.25601 -15.44702284 1.61064518 -2.20472967 0.04265859 0.21426737 0.21634782 0.95155838
1461161818.35608 -15.38586428 1.54477966 -1.83449903 0.04864184 0.22861918 0.22599401 0.94567116
1461161818.45616 -15.34468409 1.46519729 -1.48658060 0.05613960 0.24535120 0.22737838 0.94071792
1461161818.55609 -15.32201914 1.38570416 -1.14320599 0.05901274 0.25997862 0.21859561 0.93869301
1461161818.63610 -15.30557748 1.30995318 -0.86422304 0.08072766 0.26308654 0.21919029 0.93606844
1461161818.71802 -15.27950206 1.25162789 -0.59474679 0.09671483 0.27427147 0.22093651 0.93091807
1461161818.77600 -15.23832889 1.21502213 -0.40813064 0.10621842 0.29401915 0.21891767 0.92430809
1461161818.85609 -15.18755243 1.18062338 -0.17458820 0.10718935 0.32335221 0.19223049 0.92032670
1461161818.93603 -15.12200973 1.17057530 0.03035110 0.09779914 0.35590067 0.19393152 0.90893377
1461161819.01783 -15.05612366 1.15352237 0.23373017 0.09408502 0.37709017 0.20320340 0.89869872
1461161819.09600 -14.98412701 1.13584709 0.42492539 0.09751387 0.40152308 0.20675784 0.88686045
1461161819.19597 -14.85688377 1.10795746 0.62746573 0.11650434 0.43064980 0.21416094 0.86896639
1461161819.29743 -14.73318285 1.10475481 0.82669471 0.13162334 0.45863065 0.21800955 0.85135484
1461161819.39607 -14.62577117 1.09706325 1.04267784 0.12667550 0.48749642 0.19855169 0.84076024
1461161819.49620 -14.52570051 1.06084375 1.19736826 0.14523710 0.50648391 0.20894632 0.82384566
1461161819.59673 -14.41489953 1.03872928 1.31925133 0.15826362 0.54368087 0.20932575 0.79721169
1461161819.71608 -14.28249356 1.05146197 1.46494896 0.15661403 0.58063958 0.21070676 0.77067009
1461161819.81638 -14.17319461 1.08031234 1.56494866 0.15856150 0.61514332 0.21353280 0.74219990
1461161819.91606 -14.07104071 1.09923965 1.67250140 0.16667771 0.64365581 0.21521638 0.71526753
1461161820.01629 -13.98078584 1.10355321 1.78185906 0.17422245 0.66760867 0.21230777 0.69200478
1461161820.13610 -13.87688401 1.10145435 1.92450598 0.17684944 0.69003646 0.21413865 0.66837010
1461161820.23599 -13.78911505 1.09522710 2.02717810 0.18003386 0.71391906 0.21015601 0.64322767
1461161820.33599 -13.68737233 1.10774074 2.11449060 0.17691986 0.73326131 0.20929341 0.62227284
1461161820.43613 -13.57308068 1.12326071 2.18829250 0.17889048 0.75304919 0.20729584 0.59828384
1461161820.53606 -13.45043978 1.13923266 2.24637349 0.18277587 0.77468347 0.20709875 0.56883092
1461161820.63639 -13.32694607 1.14337521 2.29777771 0.18769587 0.79314864 0.20543465 0.54173988
1461161820.75596 -13.18800157 1.15016492 2.35618185 0.18970951 0.81112491 0.21491115 0.50980376
1461161820.87596 -13.06765441 1.16324086 2.38253886 0.18898613 0.83439309 0.22626099 0.46570203
1461161820.99593 -12.94655998 1.17519975 2.37237680 0.19571786 0.85449959 0.23714647 0.41867233
1461161821.11866 -12.82705873 1.20187323 2.33628608 0.19835006 0.87639068 0.24384476 0.36487855
1461161821.23604 -12.69581890 1.22880774 2.29093250 0.20818607 0.88921518 0.25418074 0.31835055
1461161821.37602 -12.54870565 1.25817183 2.20817633 0.21327869 0.89799966 0.27068095 0.27357017
1461161821.51786 -12.44682800 1.26466103 2.05164521 0.21924210 0.91018990 0.26709242 0.22836132
1461161821.65644 -12.37414230 1.29324442 1.85395589 0.23312436 0.91553118 0.26349818 0.19499846
1461161821.79595 -12.32581854 1.33660124 1.64944147 0.23081477 0.92048127 0.26533573 0.17039870
1461161821.97597 -12.25784929 1.35533746 1.41065160 0.21414501 0.92499183 0.26380087 0.17012092
1461161822.13595 -12.14922540 1.39124789 1.22327643 0.18638683 0.92207122 0.27323231 0.20096946
1461161822.29589 -12.03654590 1.41984464 1.03956355 0.16128640 0.92054196 0.27207659 0.22926734
1461161822.45591 -11.91845550 1.45937784 0.83432660 0.14626713 0.92081430 0.26833204 0.24229086
1461161822.63586 -11.79096730 1.47170073 0.64335113 0.13842212 0.92138384 0.26546686 0.24782754
1461161822.81587 -11.64052744 1.43329448 0.47278185 0.14493933 0.91878609 0.25823304 0.26103718
1461161822.99595 -11.48133264 1.41610780 0.32262063 0.14494586 0.91737811 0.25877541 0.26541175
1461161823.13605 -11.34915598 1.40374189 0.19621960 0.15050082 0.91860231 0.25693643 0.25981336
1461161823.27592 -11.19283283 1.39173167 0.08805546 0.15646790 0.91593274 0.25942126 0.26322163
1461161823.43582 -11.01390226 1.36287558 -0.00333018 0.14561564 0.91303528 0.26242474 0.27621718
1461161823.57586 -10.88347113 1.31425907 -0.08501005 0.14344692 0.91471949 0.25061146 0.28267497
1461161823.71764 -10.76673372 1.26937862 -0.17769634 0.14630881 0.92166865 0.23042498 0.27572624
1461161823.83593 -10.65811523 1.25131394 -0.27199375 0.13423534 0.92842234 0.21582506 0.27098408
1461161823.93590 -10.58887575 1.23475108 -0.37174882 0.15202727 0.93488107 0.20312073 0.24824797
1461161824.07581 -10.50940509 1.22374674 -0.49376462 0.16193643 0.94224900 0.19516133 0.21875895
1461161824.23580 -10.42976688 1.21673532 -0.65721541 0.17261907 0.94877109 0.18794060 0.18631803
1461161824.41770 -10.33878433 1.18306700 -0.82430715 0.18737442 0.95388657 0.17458288 0.15656327
1461161824.59577 -10.17465189 1.17564410 -0.99380442 0.20214631 0.95605469 0.15256585 0.14771582
1461161824.79581 -9.90501301 1.20000829 -1.20463152 0.21565717 0.95428402 0.12730259 0.16318101
1461161825.01752 -9.62787435 1.16700502 -1.47063499 0.20238047 0.95231400 0.13075671 0.18719743
1461161825.15575 -9.41170598 1.07448068 -1.63094427 0.19858129 0.94640524 0.11952221 0.22493786
1461161825.31581 -9.19205864 0.93615317 -1.79479219 0.20070060 0.93745820 0.10883023 0.26276868
1461161825.45575 -8.95432117 0.83310023 -1.94942848 0.20971087 0.92424658 0.09460903 0.30469452
1461161825.59640 -8.66535172 0.80479368 -2.10497421 0.20989570 0.91019900 0.10199947 0.34216616
1461161825.73593 -8.35012100 0.77972572 -2.23606881 0.19407510 0.89399451 0.10341909 0.39040129
1461161825.87573 -8.05137239 0.72006329 -2.33497874 0.18375643 0.87754986 0.09447696 0.43268224
1461161825.99568 -7.77632349 0.65675903 -2.39392091 0.18920502 0.85332355 0.10719686 0.47386625
1461161826.09570 -7.55209930 0.60821221 -2.44298188 0.18401838 0.83186080 0.12465270 0.50853372
1461161826.21757 -7.28704988 0.56412416 -2.54809937 0.17210874 0.81037213 0.13865597 0.54263258
1461161826.33569 -7.03593184 0.48964102 -2.70519899 0.17511997 0.79159804 0.13329226 0.57003395
1461161826.47571 -6.79704848 0.37221340 -2.91770132 0.16618348 0.77833569 0.12149782 0.59313986
1461161826.59570 -6.60880587 0.22198175 -3.06796389 0.16624320 0.75630675 0.11737247 0.62176121
1461161826.71751 -6.42887054 0.05364483 -3.24565445 0.19400434 0.73470585 0.12436144 0.63804691
1461161826.83562 -6.23380587 -0.08896178 -3.43001941 0.19317777 0.71871740 0.10912818 0.65895272
1461161826.95570 -6.04900826 -0.19270890 -3.62872661 0.20077895 0.69823859 0.10450933 0.67913804
1461161827.09560 -5.85594558 -0.32760938 -3.91639473 0.20948718 0.68650890 0.09597086 0.68964502
1461161827.21747 -5.73759821 -0.47623062 -4.20356514 0.20563500 0.69099509 0.05892325 0.69048395
1461161827.33633 -5.60808739 -0.55715227 -4.53647462 0.19974193 0.69751530 0.07809324 0.68372291
1461161827.45559 -5.50091405 -0.63048155 -4.90720900 0.20848471 0.70743498 0.08641460 0.66977787
1461161827.57577 -5.40272834 -0.65580295 -5.27798690 0.21668061 0.70949502 0.08038185 0.66573651
1461161827.69584 -5.33604642 -0.61817906 -5.67563257 0.21569366 0.71411315 0.06853855 0.66243575
1461161827.79594 -5.31787593 -0.56994463 -6.02596703 0.22434668 0.71970606 0.06336593 0.65396981
1461161827.89562 -5.31259433 -0.53778757 -6.36624982 0.21889021 0.73032604 0.05246350 0.64494847
1461161828.01809 -5.28457434 -0.46644828 -6.75103005 0.22307437 0.73374868 0.05912433 0.63902662
1461161828.13560 -5.24611043 -0.33731893 -7.12734610 0.21374758 0.74297046 0.05645979 0.63175878
1461161828.25564 -5.20782645 -0.14761890 -7.50964358 0.21346425 0.74614894 0.06029998 0.62774093
1461161828.35549 -5.17658070 0.04473946 -7.83344131 0.19216684 0.74819222 0.06213467 0.63199651
1461161828.45563 -5.19135508 0.22486929 -8.15123473 0.18258767 0.74881553 0.06477044 0.63383107
1461161828.53565 -5.22843562 0.32782310 -8.42211527 0.14893462 0.76662698 0.05400021 0.62224234
1461161828.63547 -5.29554568 0.39435517 -8.73849188 0.13393544 0.77607126 0.05373519 0.61391142
1461161828.75574 -5.41956774 0.41023076 -9.09639818 0.13380000 0.78071260 0.05399372 0.60800500
1461161828.85551 -5.51455061 0.43496713 -9.40766830 0.13722957 0.78671159 0.07025456 0.59776017
1461161828.95575 -5.61105595 0.45135866 -9.71324503 0.12661828 0.80002272 0.07029916 0.58222804
1461161829.07545 -5.72107853 0.43263632 -10.01912176 0.10620915 0.81485672 0.04977196 0.56767146
1461161829.27546 -5.87180568 0.29159250 -10.28927137 0.08073796 0.81229205 0.03371504 0.57665094
1461161829.41590 -5.95315194 0.09494691 -10.28537815 0.11290216 0.79598927 0.02472459 0.59417412
1461161829.57546 -6.01377147 -0.14858814 -10.17930125 0.12761996 0.77794216 0.01255611 0.61511095
1461161829.67550 -6.04375278 -0.30882807 -10.02838987 0.13908795 0.75201684 0.00044831 0.64430196
1461161829.75984 -6.07001993 -0.41270157 -9.85504977 0.15180854 0.72653696 -0.00208977 0.67014464
1461161829.83593 -6.12194669 -0.53937296 -9.64662310 0.16514246 0.69389322 -0.00467053 0.70086971
1461161829.89556 -6.17405581 -0.58055008 -9.44357366 0.16869099 0.66464642 -0.01228606 0.72776201
1461161829.97550 -6.25474252 -0.65026045 -9.19744783 0.16882777 0.64343171 -0.01474740 0.74650877
1461161830.07556 -6.37212179 -0.68115431 -8.87140470 0.16949517 0.62216020 -0.00728252 0.76428727
1461161830.13554 -6.45521980 -0.69140551 -8.65828466 0.17267738 0.59363014 -0.00712487 0.78596120
1461161830.21704 -6.56540720 -0.68602003 -8.39703176 0.17237871 0.57303956 -0.00557823 0.80117422
1461161830.31713 -6.68126311 -0.63922630 -8.10330362 0.16731858 0.55452090 0.00720958 0.81514360
1461161830.43548 -6.78152352 -0.53884506 -7.78381274 0.15238426 0.53527147 0.02190771 0.83053209
1461161830.55546 -6.83664894 -0.38037277 -7.46739497 0.12424839 0.51654504 0.03452746 0.84649360
1461161830.67557 -6.85890788 -0.19623584 -7.15364078 0.09098093 0.50083257 0.03902919 0.85986390
1461161830.77550 -6.87378101 -0.03821151 -6.85507710 0.06498210 0.47901243 0.05980110 0.87335460
1461161830.91748 -6.91282427 0.09679168 -6.47595160 0.04658863 0.45488412 0.06970971 0.88659489
1461161831.05551 -6.95502256 0.10552829 -6.14215877 0.04169744 0.42122207 0.05194570 0.90450812
1461161831.27546 -6.87640748 0.11086539 -5.64982211 0.02907076 0.39869832 0.04532152 0.91550014
1461161831.47541 -6.65860509 0.13707327 -5.15093027 0.03742177 0.39344812 0.06476904 0.91629862
1461161831.63548 -6.43328524 0.10290519 -4.74390360 0.06525481 0.39809265 0.05218079 0.91353228
1461161831.81727 -6.14395843 0.10389139 -4.31006617 0.03981259 0.39356640 0.04601600 0.91728020
1461161831.97544 -5.80233813 0.14446002 -3.93649115 0.03541429 0.39250386 0.07160491 0.91627468
1461161832.09560 -5.51199349 0.17412990 -3.66503853 0.03522426 0.38374359 0.09151578 0.91821837
1461161832.23538 -5.18425095 0.12712968 -3.40214146 0.04443543 0.37440175 0.08575310 0.92222298
1461161832.37541 -4.90302144 0.00620043 -3.15968993 0.04818280 0.35656283 0.06928977 0.93045166
1461161832.53549 -4.55628262 -0.08418552 -2.91043060 0.04919056 0.35220351 0.07448820 0.93165685
1461161832.67535 -4.26371915 -0.11284286 -2.66153545 0.05861496 0.33872748 0.06574294 0.93675282
1461161832.79540 -3.98803884 -0.14349465 -2.45628841 0.07650941 0.33789017 0.05700854 0.93633678
1461161832.91717 -3.72493481 -0.18812827 -2.26629771 0.08831907 0.33801499 0.04192912 0.93604891
1461161833.03536 -3.48066762 -0.20751208 -2.06816244 0.07563730 0.32528433 0.05845159 0.94077230
1461161833.15538 -3.23684576 -0.20908047 -1.88760916 0.06721937 0.31951673 0.06611727 0.94287811
1461161833.25533 -3.02708344 -0.18556527 -1.73818884 0.05863601 0.30834050 0.06785240 0.94703960
1461161833.35536 -2.80832207 -0.16320637 -1.59438404 0.04720668 0.29633939 0.06525449 0.95168080
1461161833.43544 -2.64151340 -0.15586040 -1.48611714 0.04147365 0.28280376 0.07744221 0.95514642
1461161833.51717 -2.49536354 -0.16463544 -1.38840114 0.03427072 0.26114127 0.08576470 0.96087209
1461161833.59538 -2.38643151 -0.19188194 -1.29937759 0.02655643 0.22844909 0.08295348 0.96965174
1461161833.69531 -2.26193318 -0.23074994 -1.20904402 0.01368076 0.19870906 0.06401154 0.97787017
1461161833.81714 -2.09183682 -0.23431386 -1.11911120 -0.00592928 0.17777875 0.06787300 0.98170913
1461161833.91531 -1.92901662 -0.20964966 -1.04306081 -0.01302641 0.15980902 0.07908192 0.98388894
1461161834.01530 -1.78238324 -0.17786819 -0.95040549 -0.02239712 0.12542452 0.05440787 0.99035693
1461161834.11696 -1.61504753 -0.15253097 -0.86526321 -0.01810029 0.10589445 0.05358214 0.99276770
1461161834.21529 -1.48718938 -0.13771449 -0.78852445 -0.01455877 0.07048188 0.07444839 0.99462444
1461161834.33530 -1.32370324 -0.14063506 -0.70054984 -0.01764547 0.05810154 0.04594577 0.99709670
1461161834.45528 -1.17663611 -0.16534373 -0.62724577 -0.01072256 0.04249071 0.05963209 0.99725803
1461161834.57534 -1.04035406 -0.16298218 -0.53947043 -0.01893098 0.02311906 0.04407388 0.99858130
1461161834.69527 -0.88696399 -0.14012479 -0.45998183 -0.02399904 0.00594423 0.05483200 0.99818944
1461161834.79554 -0.77201467 -0.10977424 -0.38951992 -0.03426035 -0.01870789 0.05591907 0.99767194
1461161834.89527 -0.65449162 -0.09208170 -0.31702603 -0.04047868 -0.03758419 0.04866924 0.99728642
1461161834.99523 -0.54602490 -0.07946453 -0.25752780 -0.05123875 -0.05151779 0.07250471 0.99471784
1461161835.11523 -0.44007602 -0.07519214 -0.20140849 -0.06912850 -0.06115012 0.08026129 0.99249183
1461161835.27517 -0.33269257 -0.10513696 -0.13098017 -0.06903838 -0.06809123 0.08569225 0.99159171
1461161835.43514 -0.24100239 -0.11977619 -0.06773096 -0.05035497 -0.05995202 0.07724876 0.99393298
1461161835.61598 -0.16311866 -0.08402013 -0.02658791 -0.05417800 -0.04730544 0.08534231 0.99375230
1461161835.89536 -0.11398416 -0.08352031 0.02018076 -0.03687031 -0.04703766 0.05007380 0.99695569
1461161836.73527 -0.06346405 -0.07648561 0.03610469 -0.01385988 -0.05303648 0.00853589 0.99845990
1461161837.49514 -0.02328849 -0.05911489 0.05390293 -0.00304891 -0.02152474 -0.02444518 0.99946477
1461161837.93509 0.00900845 -0.02955927 0.05357184 0.00286735 0.00679592 -0.03204825 0.99945911
1461161838.67530 0.03260354 -0.00275096 0.01242969 -0.00244182 0.01220159 0.00513656 0.99990938
1461161838.91506 -0.00000861 0.00001016 0.00000894 -0.00001717 -0.00001156 -0.00000094 1.00000000
