1461244280.21467 0.00000001 -0.00000000 0.00000000 -0.00000000 -0.00000000 0.00000000 1.00000000
1461244280.49578 -0.08228526 -0.00958654 -0.00550929 0.02960053 -0.01295538 0.05170872 0.99813936
1461244280.69495 -0.14341374 -0.01452344 -0.00688053 0.03488394 0.00680603 0.06010080 0.99755936
1461244280.85315 -0.20243030 -0.01871147 -0.00231471 0.02669160 0.00330916 0.02444120 0.99933940
1461244280.97318 -0.25434613 -0.02432619 0.00651223 0.02318053 -0.02023610 0.01414500 0.99942638
1461244281.09314 -0.31344762 -0.03134929 0.02097480 0.00988547 -0.03873449 -0.00270746 0.99919697
1461244281.21404 -0.37344778 -0.04390230 0.03464955 0.01404508 -0.05949651 -0.00685863 0.99810614
1461244281.33331 -0.42705475 -0.05897706 0.04580235 0.02641563 -0.06136574 0.01583050 0.99764014
1461244281.49333 -0.49160611 -0.07221978 0.05897605 0.02502225 -0.05257988 -0.01780983 0.99814431
1461244281.65340 -0.55418895 -0.07799121 0.07280460 0.02730010 -0.06151375 -0.01149053 0.99766664
1461244281.81349 -0.62237415 -0.08488353 0.08806937 0.02205310 -0.07006254 -0.00654553 0.99727732
1461244281.97350 -0.69635471 -0.09397321 0.09105787 0.01910828 -0.08449600 -0.00773100 0.99621059
1461244282.09347 -0.75509435 -0.09697959 0.08635298 0.01410697 -0.10175735 -0.01644813 0.99457322
1461244282.21360 -0.81551473 -0.09410234 0.08112605 0.00176904 -0.11656654 -0.01565928 0.99305785
1461244282.33606 -0.87943858 -0.08983717 0.07212516 0.00039324 -0.12856638 -0.00724870 0.99167434
1461244282.45371 -0.94509756 -0.08620704 0.06163149 -0.01034945 -0.14081143 -0.00610799 0.98996350
1461244282.57355 -1.01167100 -0.08802229 0.05282177 -0.02896853 -0.14984167 -0.01725651 0.98813487
1461244282.69363 -1.07499708 -0.09626051 0.04787051 -0.03580133 -0.17826796 -0.02051109 0.98311652
1461244282.81373 -1.13079262 -0.10744844 0.04903308 -0.02848279 -0.18590361 -0.03220632 0.98162688
1461244282.97375 -1.19478835 -0.11799538 0.05614773 -0.02760754 -0.17855998 -0.02448934 0.98323671
1461244283.13379 -1.25909787 -0.12819154 0.05686774 -0.03216315 -0.17479376 -0.02916994 0.98364719
1461244283.25384 -1.30287933 -0.14030495 0.05528250 -0.04156024 -0.18747071 -0.00681074 0.98136695
1461244283.45385 -1.35759057 -0.16375920 0.05388783 -0.03488769 -0.17684234 0.00886308 0.98358074
1461244283.65400 -1.39426385 -0.18583307 0.05486166 -0.03045968 -0.13780845 0.02092915 0.98976917
1461244283.89469 -1.41482983 -0.20793759 0.05530324 -0.05395819 -0.11169051 0.04894888 0.99106899
1461244284.25414 -1.37979368 -0.22615520 0.04337617 -0.06614208 -0.07799711 0.06192976 0.99282747
1461244284.49438 -1.31771735 -0.22193528 0.02347017 -0.06690511 -0.06292897 0.08336831 0.99227686
1461244284.69432 -1.25826951 -0.20358566 0.00732254 -0.07747232 -0.04767910 0.08149366 0.99251374
1461244284.85418 -1.20646411 -0.18386180 0.00004794 -0.08599510 -0.02336550 0.08211278 0.99263104
1461244285.01443 -1.15171784 -0.16210361 0.00106262 -0.09130983 0.00062455 0.11233865 0.98946559
1461244285.17452 -1.09748340 -0.13992953 0.01475423 -0.10667017 0.01726292 0.10228843 0.98886831
1461244285.29452 -1.05282367 -0.12252105 0.03284537 -0.11321760 0.03252937 0.11340716 0.98654064
1461244285.41490 -1.00672761 -0.10746392 0.05064821 -0.10401811 0.04818206 0.11197015 0.98707720
1461244285.53459 -0.96339130 -0.09227912 0.06743925 -0.11584413 0.06047218 0.10232024 0.98613073
1461244285.69484 -0.90939033 -0.07452051 0.08690202 -0.12147277 0.06345705 0.11725513 0.98359992
1461244285.81444 -0.86722364 -0.05766639 0.09858781 -0.12636259 0.08311100 0.13558561 0.97915351
1461244285.97476 -0.81244885 -0.03867883 0.11624110 -0.12188758 0.08813640 0.13540933 0.97930573
1461244286.13776 -0.75501715 -0.02152240 0.13034237 -0.12086251 0.09108641 0.14320530 0.97805305
1461244286.29518 -0.70381058 -0.00812791 0.14485169 -0.13406313 0.07587114 0.12828399 0.97970091
1461244286.45476 -0.65741525 0.00544936 0.16317706 -0.15786113 0.06907421 0.13404211 0.97587977
1461244286.61521 -0.61595961 0.01190936 0.19221128 -0.14552099 0.05697361 0.13192244 0.97886369
1461244286.73551 -0.58216269 0.01440773 0.22170931 -0.13025448 0.06508225 0.12435012 0.98149637
1461244286.85501 -0.54936330 0.00901536 0.25401267 -0.10209425 0.07847677 0.11238068 0.98528612
1461244287.01490 -0.51935102 -0.00085570 0.30351913 -0.10699822 0.05759854 0.10273654 0.98725832
1461244287.13510 -0.50058550 -0.00809877 0.34171612 -0.13143107 0.04554552 0.07683202 0.98729343
1461244287.25501 -0.48516121 -0.01670345 0.38426874 -0.11979021 0.02599622 0.07301049 0.98976965
1461244287.37595 -0.47089286 -0.02111053 0.43219507 -0.12064388 0.00469422 0.06391255 0.99062516
1461244287.49746 -0.45554280 -0.02870974 0.48371357 -0.11663423 -0.00487942 0.04979604 0.99191381
1461244287.61816 -0.43757926 -0.04382833 0.53330852 -0.07996983 0.00376076 0.07423524 0.99402204
1461244287.73523 -0.42308208 -0.05665588 0.57715550 -0.06555710 0.01955274 0.09194911 0.99341095
1461244287.85531 -0.41287773 -0.06625102 0.61956983 -0.06304143 0.04176090 0.09986459 0.99212341
1461244288.01532 -0.40782230 -0.07326315 0.68297367 -0.06272588 0.05966513 0.11658079 0.98940106
1461244288.13568 -0.40413173 -0.07765917 0.73438266 -0.05444241 0.08216839 0.12528291 0.98721253
1461244288.21535 -0.40087925 -0.08301781 0.76756365 -0.04897406 0.10710485 0.12398312 0.98527066
1461244288.33534 -0.39624290 -0.09231963 0.81597151 -0.05524959 0.13839338 0.13108574 0.98010779
1461244288.45581 -0.39231028 -0.10147829 0.86089782 -0.06055994 0.15094790 0.14082135 0.97658413
1461244288.57548 -0.38794756 -0.10812157 0.90636061 -0.06218544 0.16243376 0.14686205 0.97374524
1461244288.69788 -0.38415658 -0.11278426 0.95284475 -0.06128789 0.15863341 0.14166704 0.97519726
1461244288.77547 -0.37994254 -0.11533959 0.98318034 -0.05881270 0.16017196 0.13948310 0.97541298
1461244288.85547 -0.37453064 -0.11883782 1.01344726 -0.05643467 0.16162618 0.13189908 0.97636814
1461244288.93554 -0.36870229 -0.12345720 1.04064035 -0.04951793 0.16771858 0.13122551 0.97580650
1461244289.01563 -0.36404710 -0.12736160 1.06604769 -0.05259652 0.16112226 0.13606371 0.97609420
1461244289.09760 -0.36047959 -0.13307636 1.08906917 -0.04729917 0.15720306 0.14415906 0.97584228
1461244289.17564 -0.35817717 -0.13751513 1.11116168 -0.05251523 0.15034633 0.13495619 0.97796981
1461244289.25560 -0.35506217 -0.13957598 1.13275269 -0.06156297 0.15179168 0.13430528 0.97730823
1461244289.33551 -0.35123465 -0.14131673 1.15375579 -0.05288836 0.15129356 0.14029593 0.97705176
1461244289.41551 -0.34820059 -0.14118713 1.17612343 -0.05280243 0.14759944 0.13895348 0.97781299
1461244289.49739 -0.34511966 -0.14069213 1.19922652 -0.06291306 0.15183198 0.12452469 0.97851040
1461244289.57578 -0.34193349 -0.14262307 1.22221736 -0.06011887 0.15764570 0.11725839 0.97866441
1461244289.65719 -0.33693894 -0.14586798 1.24547389 -0.05434706 0.16654405 0.11305866 0.97802209
1461244289.77581 -0.33157966 -0.15086537 1.27866546 -0.04638358 0.17728313 0.11983467 0.97573506
1461244289.89831 -0.32717210 -0.15764007 1.30973150 -0.04838290 0.17863679 0.10451161 0.97715163
1461244290.01587 -0.32102596 -0.16097943 1.33822064 -0.04000707 0.17409224 0.11819746 0.97679102
1461244290.13580 -0.31590599 -0.16218439 1.36651816 -0.05461270 0.17882102 0.10909928 0.97628779
1461244290.25596 -0.31053296 -0.16114505 1.39516946 -0.05483004 0.17503767 0.10593055 0.97730968
1461244290.37570 -0.30397795 -0.15852993 1.42525573 -0.06467629 0.17394220 0.09389994 0.97813286
1461244290.49605 -0.29388059 -0.15989042 1.45689359 -0.05092663 0.17499513 0.09335061 0.97880991
1461244290.65592 -0.28078229 -0.16846903 1.49499604 -0.03337857 0.17687059 0.09098665 0.97945091
1461244290.85614 -0.26847197 -0.17804667 1.54231256 -0.02811636 0.17820436 0.09379903 0.97910899
1461244291.05618 -0.25524934 -0.17752822 1.59014075 -0.02756870 0.19709442 0.09643855 0.97524016
1461244291.21620 -0.24189569 -0.17882187 1.63379950 -0.02720296 0.22243470 0.09172148 0.97024222
1461244291.33620 -0.22656822 -0.18306544 1.66665896 -0.04341065 0.26289739 0.09372699 0.95927875
1461244291.45632 -0.20790923 -0.18839674 1.69664287 -0.03077483 0.30370920 0.11358717 0.94546898
1461244291.57664 -0.18664775 -0.18978759 1.72236938 -0.02573632 0.33947042 0.12466287 0.93196386
1461244291.69865 -0.16399907 -0.18882564 1.74683412 -0.02055615 0.36842429 0.13075472 0.92018704
1461244291.81674 -0.14010414 -0.18893721 1.77255905 -0.01763839 0.39540865 0.13184590 0.90882206
1461244291.97679 -0.10661335 -0.18968784 1.80605278 -0.00482758 0.42590730 0.14204124 0.89353453
1461244292.13651 -0.07639490 -0.19113780 1.83331724 -0.01936840 0.45438932 0.15596778 0.87682909
1461244292.25654 -0.05127653 -0.18914885 1.85202971 -0.02975506 0.47509810 0.16832379 0.86317063
1461244292.41664 -0.01113857 -0.18066262 1.88334311 -0.05148873 0.48907483 0.16766876 0.85442490
1461244292.53660 0.02369465 -0.17450291 1.90417842 -0.05833516 0.51108692 0.16847476 0.84083496
1461244292.61663 0.04912996 -0.17260610 1.91522874 -0.05489202 0.52986652 0.17329713 0.82836975
1461244292.73661 0.08822687 -0.17004456 1.92948043 -0.07754481 0.55705705 0.17392275 0.80834715
1461244292.85668 0.13046450 -0.17067488 1.94405595 -0.06987963 0.56959092 0.18669212 0.79738891
1461244293.01785 0.19047901 -0.16857116 1.96295859 -0.06714533 0.58194380 0.18397243 0.78929530
1461244293.17733 0.25901420 -0.16415582 1.98196142 -0.06133554 0.59107362 0.17759464 0.78442977
1461244293.33817 0.32689106 -0.16672473 1.99748219 -0.05642063 0.60490596 0.17797813 0.77409901
1461244293.49764 0.39106682 -0.17225331 2.01963207 -0.07145897 0.58541028 0.17047968 0.78938273
1461244293.65699 0.45821747 -0.17158425 2.04356875 -0.05213768 0.58285535 0.16073233 0.79481220
1461244293.77692 0.51279983 -0.16710910 2.06360768 -0.04943359 0.58718313 0.15199663 0.79351706
1461244293.89701 0.56480760 -0.16276092 2.08019782 -0.07236212 0.59957732 0.15627318 0.78156859
1461244294.01711 0.61954014 -0.16497991 2.09556447 -0.07795967 0.60899555 0.15931131 0.77308901
1461244294.13710 0.67443902 -0.16597637 2.11096372 -0.08392343 0.61958483 0.15276104 0.76533362
1461244294.26004 0.72943281 -0.16265330 2.12949040 -0.07126367 0.61924167 0.14629781 0.76815246
1461244294.37723 0.78192648 -0.15943524 2.14859902 -0.06549640 0.61166057 0.13702745 0.77640520
1461244294.49925 0.83520413 -0.15832182 2.16788969 -0.07312322 0.59686135 0.14144326 0.78638625
1461244294.61724 0.88583645 -0.16256673 2.18447211 -0.06802302 0.58097724 0.14750240 0.79754709
1461244294.73734 0.93695957 -0.16552625 2.20013437 -0.04666217 0.56973573 0.14626176 0.80736072
1461244294.81730 0.97097436 -0.16369248 2.21092641 -0.04018467 0.55979886 0.14241097 0.81530948
1461244294.90153 1.00648143 -0.15984412 2.22142412 -0.03660012 0.55377980 0.13746817 0.82042115
1461244294.97739 1.04187204 -0.15460393 2.23194463 -0.05301804 0.54473717 0.13092351 0.82662539
1461244295.05726 1.07793719 -0.15154768 2.24033496 -0.04968987 0.54210704 0.13488252 0.82792366
1461244295.14000 1.11350374 -0.15068726 2.24741236 -0.04899012 0.54025113 0.13438837 0.82925777
1461244295.21802 1.14771110 -0.14825205 2.25509923 -0.06548580 0.52930100 0.13955836 0.83431141
1461244295.33748 1.19706933 -0.14686399 2.26654823 -0.07680647 0.51787055 0.13785290 0.84077788
1461244295.45812 1.24810123 -0.14427523 2.27937249 -0.06412247 0.49842139 0.14367195 0.85253903
1461244295.53753 1.28272862 -0.14101400 2.28495587 -0.05995725 0.49501385 0.13877417 0.85563318
1461244295.61762 1.31752944 -0.13789779 2.28851118 -0.06596675 0.49799154 0.12834336 0.85509111
1461244295.70003 1.35000586 -0.13781615 2.29450458 -0.05921576 0.48428589 0.12500266 0.86390683
1461244295.78021 1.38128981 -0.13920342 2.30127811 -0.06631839 0.46694183 0.12431909 0.87299024
1461244295.89991 1.42454174 -0.14353964 2.31217592 -0.07162529 0.44022821 0.11633346 0.88743195
1461244295.97775 1.45295824 -0.14273064 2.32066320 -0.05952346 0.42057459 0.11408452 0.89808613
1461244296.09986 1.49658714 -0.13689751 2.33268769 -0.05472950 0.40848771 0.10072251 0.90553711
1461244296.21764 1.53961671 -0.13088078 2.34767009 -0.06288186 0.38841750 0.09057545 0.91486272
1461244296.33771 1.57912846 -0.13118306 2.36471582 -0.06261921 0.35575039 0.07779981 0.92922962
1461244296.45773 1.61525586 -0.13331260 2.38096283 -0.06318901 0.31951069 0.08364644 0.94176608
1461244296.57786 1.64878813 -0.13258704 2.39678086 -0.05946705 0.29117970 0.09225928 0.95035061
1461244296.70024 1.67976271 -0.12965382 2.41306357 -0.05610418 0.25807980 0.08439369 0.96079386
1461244296.81788 1.70934139 -0.12589736 2.43061536 -0.06209043 0.22242423 0.07752757 0.96987717
1461244296.93786 1.73555352 -0.12640680 2.44896593 -0.06664291 0.17443792 0.06565016 0.98021436
1461244297.01792 1.74953101 -0.12784199 2.46059274 -0.07116976 0.13940822 0.06581541 0.98547884
1461244297.13822 1.76894599 -0.13092460 2.47904640 -0.07827600 0.10419690 0.06981015 0.98901083
1461244297.25887 1.78478619 -0.13201440 2.50233042 -0.07172144 0.06104862 0.06614552 0.99335486
1461244297.37808 1.79925844 -0.13060438 2.53047577 -0.07360260 0.03044029 0.04207366 0.99593466
1461244297.45801 1.80789293 -0.13113906 2.55200710 -0.07035858 0.01234608 0.03560314 0.99680974
1461244297.53806 1.81505496 -0.13295355 2.57385599 -0.06263286 -0.00651556 0.03312748 0.99746541
1461244297.61805 1.82091424 -0.13529125 2.59631927 -0.06695776 -0.02520621 0.02331175 0.99716491
1461244297.69990 1.82392096 -0.13709575 2.61815645 -0.07198261 -0.04395156 0.01418744 0.99633603
1461244297.77820 1.82463205 -0.13996107 2.63997093 -0.07703806 -0.06325008 0.00110435 0.99501927
1461244297.85829 1.82160864 -0.14246686 2.66310388 -0.08429021 -0.08979287 -0.01330312 0.99229805
1461244297.93811 1.81740304 -0.14398040 2.68771411 -0.08804824 -0.10959932 -0.01507927 0.98995359
1461244298.01832 1.81573968 -0.14500880 2.71349874 -0.09673217 -0.10972760 -0.01513108 0.98912779
1461244298.10497 1.81385942 -0.14747343 2.73982267 -0.09585593 -0.11276887 -0.01445300 0.98888115
1461244298.17833 1.80983090 -0.15246008 2.76448328 -0.08290595 -0.12347015 -0.00832936 0.98884394
1461244298.30115 1.79953416 -0.15813695 2.79868272 -0.08669537 -0.14123770 -0.00903014 0.98613097
1461244298.41844 1.78590215 -0.16172291 2.82933298 -0.09894183 -0.14884550 -0.00783821 0.98386691
1461244298.53836 1.76766587 -0.16290965 2.86166176 -0.11383325 -0.16817252 -0.00707436 0.97913735
1461244298.61842 1.75411694 -0.16376058 2.88412645 -0.11789787 -0.17005815 -0.00818579 0.97832168
1461244298.70072 1.74054434 -0.16562577 2.90828444 -0.12053036 -0.16053942 -0.00968216 0.97959470
1461244298.78149 1.72657711 -0.16976463 2.93281237 -0.11553570 -0.14769163 -0.00601268 0.98224362
1461244298.85856 1.71385666 -0.17437731 2.95707464 -0.12638337 -0.13761304 -0.00653811 0.98236813
1461244298.93888 1.70251281 -0.18281724 2.98057737 -0.12933110 -0.12443335 -0.00825284 0.98372847
1461244299.02138 1.69213793 -0.19329436 3.00561395 -0.12202900 -0.11841134 0.00509496 0.98542464
1461244299.10020 1.68336990 -0.20136807 3.03142191 -0.12275596 -0.11413931 0.01373178 0.98575587
1461244299.17864 1.67667430 -0.20750999 3.05868906 -0.11791508 -0.10075851 0.02202307 0.98765315
1461244299.30366 1.66422512 -0.21458769 3.10121146 -0.11403687 -0.09616172 0.03125671 0.98831753
1461244299.42024 1.65290516 -0.22320892 3.14390321 -0.11631657 -0.08622710 0.01723200 0.98931208
1461244299.53870 1.63949313 -0.23199137 3.18301049 -0.11906215 -0.09425591 0.01678704 0.98826020
1461244299.61874 1.63269799 -0.23756853 3.20790810 -0.12783022 -0.09115536 0.01825076 0.98742951
1461244299.73870 1.62001767 -0.24743445 3.24370876 -0.12718190 -0.09841574 0.02720178 0.98660994
1461244299.81895 1.61051520 -0.25259072 3.26766049 -0.13033751 -0.10749356 0.01905534 0.98544110
1461244299.93886 1.59821432 -0.25890951 3.30371707 -0.13505009 -0.11187368 0.01692858 0.98435724
1461244300.01997 1.59113531 -0.26310521 3.32738894 -0.13242465 -0.11322195 0.01718314 0.98455535
1461244300.10077 1.58584058 -0.26676183 3.35070097 -0.13758550 -0.11008648 0.01036526 0.98429861
1461244300.17893 1.58243495 -0.27236415 3.37359415 -0.13716642 -0.10064420 0.01032115 0.98536774
1461244300.26165 1.57918847 -0.27813621 3.39669681 -0.14144977 -0.09967012 0.00745626 0.98488691
1461244300.33891 1.57738975 -0.28416285 3.41964500 -0.14757042 -0.09725400 0.00877410 0.98421931
1461244300.41898 1.57734249 -0.28961005 3.44226462 -0.15001274 -0.09471645 0.01221894 0.98406081
1461244300.53906 1.57842902 -0.29583081 3.47423188 -0.15254263 -0.09739907 0.01095824 0.98342467
1461244300.65904 1.58169882 -0.30177530 3.50571576 -0.15311674 -0.10709283 0.00756463 0.98235898
1461244300.77908 1.58701339 -0.31109612 3.53708972 -0.13766218 -0.12211696 -0.00165463 0.98292107
1461244300.90128 1.59274620 -0.32191560 3.56669655 -0.12229588 -0.14423031 -0.01518231 0.98184053
1461244301.01914 1.59733027 -0.33371501 3.59314165 -0.11742621 -0.16908751 -0.03245988 0.97804236
1461244301.17922 1.60377901 -0.35042189 3.62813481 -0.11221068 -0.18338223 -0.04747461 0.97546188
1461244301.34032 1.60885461 -0.36181004 3.66354559 -0.10259472 -0.20037186 -0.06212820 0.97235052
1461244301.50138 1.61380929 -0.36493849 3.70055893 -0.09539886 -0.21733739 -0.07537589 0.96849470
1461244301.65935 1.61604979 -0.36280416 3.73512710 -0.09314388 -0.24892244 -0.09131271 0.95969986
1461244301.85950 1.61517668 -0.36177860 3.77503626 -0.10555347 -0.27502441 -0.11131485 0.94912014
1461244302.05930 1.61060129 -0.36619799 3.80998927 -0.10730646 -0.30020228 -0.11122484 0.94127199
1461244302.25955 1.59996580 -0.37361884 3.84660736 -0.09306553 -0.32839519 -0.12037419 0.93220462
1461244302.45956 1.58510160 -0.38438124 3.88928894 -0.08083744 -0.35310410 -0.11914367 0.92443907
1461244302.61956 1.57313148 -0.39461341 3.92512480 -0.08314998 -0.36566828 -0.11405206 0.91998093
1461244302.77964 1.56145207 -0.39948155 3.96199675 -0.09162728 -0.36788898 -0.12174497 0.91730055
1461244302.93978 1.54580572 -0.40321901 4.00064392 -0.09039187 -0.37128114 -0.13134553 0.91472836
1461244303.05981 1.53232514 -0.40818083 4.03271849 -0.08899102 -0.36999374 -0.12604621 0.91613186
1461244303.17982 1.51906831 -0.41710351 4.06457238 -0.08516916 -0.36905738 -0.11690586 0.91808272
1461244303.30194 1.50849502 -0.42839754 4.09725379 -0.07565742 -0.36114658 -0.11312266 0.92252499
1461244303.41993 1.49918562 -0.43653686 4.13013105 -0.08131876 -0.34875529 -0.11157455 0.92698874
1461244303.53995 1.48849785 -0.44250032 4.16232447 -0.08447447 -0.34156228 -0.10480944 0.93016894
1461244303.66013 1.47530160 -0.44764786 4.19457365 -0.08342139 -0.33970143 -0.11266689 0.93002687
1461244303.77989 1.46491507 -0.45492840 4.22752451 -0.08180097 -0.33301969 -0.11626992 0.93214151
1461244303.90278 1.45406249 -0.46497524 4.25868031 -0.07802243 -0.34051999 -0.10375937 0.93123178
1461244304.02005 1.44331355 -0.47552268 4.28779068 -0.07582032 -0.34292323 -0.09827116 0.93112712
1461244304.18071 1.42820273 -0.48629357 4.32271285 -0.07802246 -0.34855672 -0.09243566 0.92944949
1461244304.34019 1.41236753 -0.49352475 4.35663967 -0.07647426 -0.34561600 -0.09410206 0.93050850
1461244304.50216 1.39670718 -0.49906409 4.39084119 -0.07630761 -0.33343429 -0.09006187 0.93535425
1461244304.62017 1.38275842 -0.50419049 4.41592304 -0.07627292 -0.32623485 -0.08574082 0.93829728
1461244304.78032 1.36447557 -0.51203754 4.44787981 -0.07627169 -0.31480213 -0.08237664 0.94249474
1461244304.94024 1.34965263 -0.51723081 4.47435711 -0.08105677 -0.30699539 -0.08349925 0.94456948
1461244305.06039 1.33980862 -0.51900859 4.49333941 -0.08717442 -0.30295925 -0.08328009 0.94534689
1461244305.18032 1.33085250 -0.52172469 4.51143258 -0.08456555 -0.29787743 -0.08655166 0.94690365
1461244305.34119 1.32141034 -0.52465225 4.53613544 -0.08542350 -0.29187840 -0.08571878 0.94876874
1461244305.46047 1.31376119 -0.52816475 4.55405175 -0.08355546 -0.29493457 -0.08392509 0.94815013
1461244305.58070 1.30709057 -0.53331011 4.57274081 -0.08306905 -0.29630233 -0.08303478 0.94784476
1461244305.70290 1.30231867 -0.54164412 4.59113604 -0.07917932 -0.29705603 -0.07482054 0.94862545
1461244305.82058 1.29794921 -0.54995668 4.60797001 -0.07263705 -0.29849507 -0.07007636 0.94905946
1461244305.98066 1.29186419 -0.55724904 4.62780376 -0.07187885 -0.30084116 -0.06439051 0.94877916
1461244306.18059 1.28118358 -0.56151287 4.64841707 -0.07398590 -0.29629494 -0.07003929 0.94964725
1461244306.42070 1.26222541 -0.56708383 4.66763022 -0.07382030 -0.29688036 -0.07174945 0.94934958
1461244306.62079 1.24041039 -0.57236953 4.68026852 -0.06393796 -0.30528141 -0.07813085 0.94689533
1461244306.90280 1.21152656 -0.57748712 4.68793359 -0.05197760 -0.31476589 -0.08226453 0.94416805
1461244307.18091 1.17990492 -0.57622618 4.68879321 -0.05515253 -0.33906521 -0.09838174 0.93397752
1461244307.46111 1.16649218 -0.57087201 4.67612355 -0.05361703 -0.36997398 -0.10349115 0.92170171
1461244307.62118 1.16493551 -0.56872801 4.66021499 -0.04708714 -0.39315660 -0.10905859 0.91176582
1461244307.82119 1.16472219 -0.56771429 4.64037328 -0.04064092 -0.41969990 -0.10827434 0.90026495
1461244308.06120 1.16890517 -0.56368185 4.61889479 -0.03598260 -0.44133771 -0.10900089 0.88996915
1461244308.30385 1.17352202 -0.55668034 4.59799304 -0.03854730 -0.46475150 -0.11733663 0.87678519
1461244308.62140 1.17861426 -0.54581160 4.57812908 -0.04674041 -0.46755635 -0.12439099 0.87391834
1461244309.02152 1.18661214 -0.53831029 4.55461717 -0.04668345 -0.44847165 -0.12406902 0.88391216
1461244309.34167 1.19982306 -0.53137865 4.53263780 -0.04676040 -0.42012002 -0.12377634 0.89777060
1461244309.66169 1.21792066 -0.52510317 4.51613340 -0.04887280 -0.39319291 -0.11175158 0.91133000
1461244309.98175 1.23711673 -0.51440005 4.49859070 -0.05326675 -0.37678327 -0.11672495 0.91737250
1461244310.22189 1.25054285 -0.50419546 4.47507988 -0.06107606 -0.38421027 -0.12609039 0.91255323
1461244310.42188 1.25898705 -0.50157557 4.44830786 -0.05885314 -0.40929961 -0.11671036 0.90298883
1461244310.58210 1.25820565 -0.50095716 4.42395384 -0.06340615 -0.43962825 -0.12860787 0.88666041
1461244310.78200 1.24558326 -0.50255344 4.40229008 -0.05281549 -0.45984359 -0.13518733 0.87605867
1461244310.98208 1.22297233 -0.50569262 4.39466946 -0.04072450 -0.47451633 -0.13710974 0.86854861
1461244311.18218 1.20032113 -0.51104418 4.39241225 -0.03480955 -0.48361398 -0.13526059 0.86406620
1461244311.38376 1.18101967 -0.51353412 4.39381668 -0.03507266 -0.50289021 -0.13730141 0.85265448
1461244311.58229 1.16304584 -0.51818480 4.39924164 -0.02487226 -0.52582166 -0.14662146 0.83749334
1461244311.78250 1.14658504 -0.52553433 4.41465495 -0.02548877 -0.54703869 -0.14526014 0.82401364
1461244311.94231 1.13149461 -0.53313097 4.43079867 -0.02520088 -0.57273276 -0.15140859 0.80524378
1461244312.06253 1.11862196 -0.53896905 4.44496009 -0.02994739 -0.58949386 -0.14524779 0.79404233
1461244312.22289 1.10397360 -0.54543928 4.46097439 -0.03053097 -0.60573653 -0.15631781 0.77956132
1461244312.38315 1.08762926 -0.55245171 4.47188123 -0.03011123 -0.62564976 -0.15574817 0.76380508
1461244312.50494 1.07304794 -0.55803501 4.47607457 -0.02991954 -0.64640904 -0.14814341 0.74787279
1461244312.62259 1.05725728 -0.56053399 4.47684687 -0.04082599 -0.66893000 -0.14828471 0.72723967
1461244312.74273 1.04146904 -0.56211770 4.47407990 -0.04121692 -0.69107618 -0.14844381 0.70617230
1461244312.90444 1.02198105 -0.55937100 4.46820347 -0.04639497 -0.70842643 -0.16430630 0.68482329
1461244313.10432 1.00340224 -0.55177133 4.45636490 -0.05388988 -0.72773236 -0.18763496 0.65749116
1461244313.26569 0.99472786 -0.54646879 4.44115009 -0.06019852 -0.74581500 -0.19592717 0.63383647
1461244313.42283 0.98924682 -0.54220892 4.42100928 -0.06128960 -0.76498305 -0.20357605 0.60794844
1461244313.54284 0.98648398 -0.53901362 4.40306316 -0.05667303 -0.77996770 -0.21140649 0.58629843
1461244313.66300 0.98481304 -0.53651959 4.38299120 -0.05254392 -0.79966599 -0.21493430 0.55819055
1461244313.78287 0.98546321 -0.53415713 4.36300212 -0.04506693 -0.81641048 -0.22112189 0.53155246
1461244313.90508 0.98820674 -0.53091007 4.34246843 -0.03571448 -0.83566929 -0.22819124 0.49830721
1461244313.98308 0.99087968 -0.52870063 4.32918633 -0.03033246 -0.84774329 -0.23207670 0.47597443
1461244314.10515 0.99575425 -0.52545379 4.31091059 -0.02676763 -0.85888319 -0.23620349 0.45366406
1461244314.22312 1.00176588 -0.52407562 4.29187532 -0.02466748 -0.87027597 -0.23306613 0.43323370
1461244314.34318 1.00983438 -0.52329470 4.27153458 -0.01815989 -0.88113212 -0.23541636 0.40970177
1461244314.46410 1.01974084 -0.52251534 4.25152065 -0.01390031 -0.89009744 -0.23478968 0.39039356
1461244314.58393 1.03168201 -0.52003687 4.23127352 -0.00801014 -0.89517801 -0.24050066 0.37516875
1461244314.70537 1.04580356 -0.51850162 4.20883429 -0.00256003 -0.90234992 -0.23947901 0.35834044
1461244314.82334 1.06085202 -0.51730040 4.18591687 0.00166453 -0.90842919 -0.23923943 0.34280919
1461244314.94333 1.07715513 -0.51584029 4.16322279 0.00754607 -0.91288748 -0.24386379 0.32727658
1461244315.06401 1.09430609 -0.51424311 4.14184324 0.00555322 -0.91874734 -0.23792234 0.31506418
1461244315.18336 1.11219776 -0.51310901 4.12128001 0.01441447 -0.92276897 -0.23824634 0.30253650
1461244315.30606 1.13020067 -0.51169232 4.10284528 0.02593778 -0.92389862 -0.24486571 0.29288113
1461244315.42345 1.15039255 -0.51346316 4.08563197 0.05190211 -0.92469550 -0.24959772 0.28274614
1461244315.54351 1.17339123 -0.51822099 4.06910917 0.06241519 -0.93178380 -0.24098962 0.26421072
1461244315.66350 1.19789856 -0.52284537 4.05520215 0.07638169 -0.93859635 -0.23684886 0.23896726
1461244315.82347 1.22968845 -0.52194386 4.04445298 0.06110944 -0.94786505 -0.22791150 0.21418178
1461244315.98355 1.26165254 -0.51452586 4.04030715 0.05418902 -0.95362643 -0.22511784 0.19230742
1461244316.14367 1.29726313 -0.49942826 4.04093683 0.04890724 -0.95663171 -0.22382442 0.17990689
1461244316.26344 1.32677135 -0.48135290 4.03989430 0.04399221 -0.95530502 -0.23988997 0.16706230
1461244316.38375 1.35756830 -0.46174978 4.03498016 0.04875643 -0.95352169 -0.25103098 0.15938206
1461244316.50552 1.39152959 -0.44077767 4.02623332 0.05337328 -0.95180496 -0.26416255 0.14641295
1461244316.62371 1.42327918 -0.42608757 4.01449980 0.06270105 -0.95117603 -0.26246641 0.14981363
1461244316.74377 1.45406577 -0.41994190 3.99778397 0.06724830 -0.95591990 -0.24056676 0.15434519
1461244316.86387 1.48326084 -0.41615716 3.97979939 0.06247799 -0.95995250 -0.22712979 0.15165671
1461244316.98386 1.51192647 -0.41094799 3.96001814 0.06695536 -0.96293160 -0.22080439 0.13973240
1461244317.10585 1.53960062 -0.40109548 3.93733819 0.06679041 -0.96585514 -0.21789080 0.12323346
1461244317.22401 1.56553713 -0.38799643 3.91222705 0.07997181 -0.96510288 -0.22340800 0.11076912
1461244317.34502 1.59036885 -0.37506954 3.88321434 0.08648118 -0.96441641 -0.23078883 0.09570004
1461244317.50565 1.62115032 -0.36663718 3.84199384 0.08350679 -0.96521109 -0.23107667 0.08943005
1461244317.66406 1.64941559 -0.36189810 3.80302734 0.06716254 -0.97024845 -0.21938495 0.07731354
1461244317.82408 1.67745611 -0.35257653 3.76026340 0.08693101 -0.96726429 -0.23026171 0.06182500
1461244317.98423 1.70216608 -0.34006333 3.71044897 0.08749544 -0.96704128 -0.23176313 0.05883503
1461244318.10595 1.71877300 -0.33396540 3.67285310 0.08811933 -0.96830079 -0.22360962 0.06802433
1461244318.26413 1.73540554 -0.32613773 3.62489119 0.08381393 -0.96610551 -0.23307414 0.07274491
1461244318.38431 1.74627029 -0.32016347 3.58691513 0.08374734 -0.96695604 -0.23147594 0.06634218
1461244318.50803 1.74910890 -0.30949701 3.54828121 0.08512182 -0.96616927 -0.23467431 0.06480109
1461244318.62446 1.75014532 -0.29737029 3.50954437 0.08413395 -0.96742590 -0.23147666 0.05854200
1461244318.74452 1.74834688 -0.28738522 3.47087017 0.07927773 -0.96764516 -0.23194408 0.05983171
1461244318.82453 1.74780030 -0.28290625 3.44541670 0.06485541 -0.96911528 -0.23083564 0.05765630
1461244318.90690 1.74923831 -0.28020237 3.41965750 0.05783901 -0.97205249 -0.22301953 0.04506553
1461244318.98460 1.75108708 -0.27605212 3.39440059 0.06563730 -0.97061280 -0.22902765 0.03389490
1461244319.06548 1.75365502 -0.27184372 3.36954655 0.07448446 -0.96962776 -0.23186869 0.02260490
1461244319.14462 1.75496602 -0.26675884 3.34445927 0.08549793 -0.96866708 -0.23270911 0.01485445
1461244319.22461 1.75602849 -0.26161746 3.31987703 0.09107917 -0.96866569 -0.23068062 0.01333479
1461244319.30640 1.75887862 -0.25665176 3.29597417 0.09841220 -0.96799917 -0.23064362 0.00980642
1461244319.38470 1.76122227 -0.25145413 3.27161600 0.09854490 -0.96777032 -0.23160327 0.00833317
1461244319.50650 1.76531065 -0.24784285 3.23642540 0.11060558 -0.96452950 -0.23919716 0.01529581
1461244319.58599 1.77175795 -0.24738924 3.21287265 0.11110401 -0.96612887 -0.23290320 0.00264565
1461244319.70691 1.77860350 -0.24410941 3.17622204 0.11827009 -0.96536123 -0.23214017 -0.01417087
1461244319.78632 1.78388749 -0.24106325 3.15199474 0.12431361 -0.96441441 -0.23126397 -0.03111194
1461244319.86483 1.78842931 -0.23635810 3.12834430 0.13419942 -0.96204886 -0.23335689 -0.04468857
1461244319.94733 1.79282880 -0.23298019 3.10515021 0.14170655 -0.96129472 -0.22865084 -0.05958606
1461244320.02485 1.79447376 -0.23079119 3.08249540 0.13295869 -0.96380564 -0.22196749 -0.06427370
1461244320.10728 1.79854423 -0.22898293 3.06170908 0.12240078 -0.96563624 -0.21817715 -0.07045158
1461244320.18487 1.80389013 -0.22778828 3.04098690 0.11512200 -0.96690601 -0.21303433 -0.08034969
1461244320.26490 1.81143050 -0.22425762 3.02137935 0.12014443 -0.96343260 -0.21732921 -0.10065263
1461244320.34519 1.82067470 -0.22065482 3.00277396 0.12468271 -0.96121760 -0.21757927 -0.11477894
1461244320.42501 1.83011839 -0.21455659 2.98455934 0.11991010 -0.95964984 -0.21670162 -0.13316967
1461244320.58504 1.85076445 -0.20138125 2.94773034 0.12135328 -0.95731369 -0.22197813 -0.13981984
1461244320.74499 1.87146386 -0.18841516 2.91147829 0.12182432 -0.95245160 -0.23662567 -0.14833432
1461244320.90696 1.88850632 -0.18106351 2.87673624 0.12650652 -0.94829958 -0.23507857 -0.17164522
1461244321.06506 1.91197169 -0.17767040 2.84464328 0.11766654 -0.94737869 -0.21933638 -0.20129517
1461244321.18511 1.92578893 -0.17029694 2.82325370 0.11698384 -0.94193475 -0.21521999 -0.22968252
1461244321.30800 1.94049329 -0.16330118 2.80470847 0.10888289 -0.93297117 -0.20968271 -0.27155566
1461244321.42529 1.96493923 -0.15526252 2.78903664 0.11276889 -0.91394129 -0.21701898 -0.32387845
1461244321.54526 1.98665444 -0.15219698 2.77606110 0.12774704 -0.89848684 -0.21592989 -0.36024489
1461244321.70727 2.01189885 -0.15027787 2.75894386 0.13569612 -0.88275535 -0.21202059 -0.39670747
1461244321.86530 2.03923115 -0.14571570 2.74358428 0.12944688 -0.86425327 -0.20038159 -0.44289616
1461244322.02545 2.06969012 -0.13959872 2.72736421 0.13927766 -0.84242016 -0.18576332 -0.48623245
1461244322.22549 2.11016515 -0.13350369 2.70914914 0.14637253 -0.81484846 -0.16999349 -0.53450845
1461244322.38573 2.14619254 -0.13121120 2.70040689 0.14939946 -0.78363510 -0.15826883 -0.58184775
1461244322.54553 2.18225142 -0.12417041 2.69388802 0.14159578 -0.75223214 -0.16034712 -0.62320642
1461244322.70817 2.21608872 -0.11825025 2.68959131 0.14129731 -0.71955070 -0.15330798 -0.66240360
1461244322.86844 2.25192871 -0.11800716 2.68678330 0.14167859 -0.68015220 -0.13529887 -0.70640950
1461244322.98572 2.27685875 -0.11944950 2.68789274 0.13437215 -0.64846000 -0.12559681 -0.73869425
1461244323.10803 2.29966944 -0.12072762 2.69494970 0.13893131 -0.61030868 -0.11685101 -0.77108187
1461244323.22581 2.32187239 -0.12184492 2.70532992 0.13313804 -0.57412488 -0.10717072 -0.80073050
1461244323.38623 2.35324701 -0.11916093 2.72175124 0.13504922 -0.53202632 -0.09208717 -0.83080061
1461244323.54580 2.38533684 -0.12019065 2.74192326 0.13722283 -0.49238507 -0.07127337 -0.85653193
1461244323.70587 2.41667941 -0.12513694 2.76236853 0.12910037 -0.45333452 -0.05850134 -0.87999915
1461244323.86609 2.43961267 -0.12768611 2.78647779 0.13073554 -0.40005855 -0.04459828 -0.90602007
1461244324.02600 2.46195395 -0.12643845 2.81164272 0.12376648 -0.35355012 -0.03636415 -0.92647818
1461244324.18612 2.48677088 -0.12613639 2.83745367 0.11699535 -0.30188872 -0.02669463 -0.94576037
1461244324.30850 2.50429371 -0.12835381 2.85513087 0.11677085 -0.25751861 -0.01480958 -0.95907737
1461244324.42605 2.51589819 -0.13243871 2.87383719 0.11142561 -0.21124157 -0.00525084 -0.97104776
1461244324.54616 2.52200571 -0.13225384 2.89685406 0.12214577 -0.17162181 0.00182632 -0.97755973
1461244324.62621 2.52296768 -0.13132633 2.91417276 0.11923026 -0.13699647 0.00337186 -0.98336399
1461244324.74622 2.52523211 -0.12905808 2.94077478 0.11552513 -0.11032117 0.00093748 -0.98715870
1461244324.82623 2.52478176 -0.12912695 2.96144571 0.11655678 -0.08518506 0.01101810 -0.98946280
1461244324.90848 2.52318674 -0.13066702 2.98330073 0.11496762 -0.06729429 0.02728028 -0.99071172
1461244324.98638 2.52086369 -0.13180029 3.00601836 0.11390096 -0.05021422 0.02240261 -0.99196937
1461244325.06636 2.51764639 -0.13356284 3.02880298 0.11813942 -0.03654752 0.02506582 -0.99200759
1461244325.14621 2.51327424 -0.13746894 3.05325487 0.11251238 -0.01493075 0.03100331 -0.99305429
1461244325.22643 2.50762669 -0.14220167 3.07679492 0.11340635 0.01179303 0.03857256 -0.99272961
1461244325.34673 2.49612635 -0.14913687 3.11024579 0.11245055 0.03194763 0.05387130 -0.99168145
1461244325.42643 2.48801186 -0.15495824 3.13270178 0.09781473 0.04992496 0.04801504 -0.99279118
1461244325.50874 2.47822370 -0.16069529 3.15564206 0.08406496 0.07216640 0.04786239 -0.99269043
1461244325.58648 2.46816749 -0.16563263 3.17867224 0.08367405 0.08907025 0.06715576 -0.99022990
1461244325.66639 2.45879349 -0.17173048 3.20108090 0.08073780 0.10742826 0.06148076 -0.98902007
1461244325.74651 2.45037578 -0.17852011 3.22214279 0.08253992 0.12527587 0.05680816 -0.98704911
1461244325.82640 2.44319869 -0.18585276 3.24208353 0.07858116 0.14301211 0.04749631 -0.98545250
1461244325.90922 2.43365672 -0.19322517 3.26109923 0.07624181 0.16430577 0.03837518 -0.98270959
1461244325.98655 2.42546410 -0.20101933 3.28089893 0.06932694 0.17321959 0.03482996 -0.98182260
1461244326.06662 2.41603093 -0.20689041 3.30272281 0.07431151 0.18102328 0.02169201 -0.98042737
1461244326.14657 2.40531599 -0.21581925 3.32551535 0.06898875 0.18720795 0.00008594 -0.97989475
1461244326.22661 2.39261628 -0.22713267 3.34970234 0.06112194 0.19752358 0.00839651 -0.97835476
1461244326.30881 2.38013631 -0.24046129 3.37449802 0.04940349 0.19558598 0.01789925 -0.97927781
1461244326.34672 2.37468400 -0.24797444 3.38708616 0.04239365 0.19002229 0.02256292 -0.98060452
1461244326.42737 2.36455116 -0.26158437 3.41205315 0.05160782 0.17921256 0.03292988 -0.98190382
1461244326.46683 2.36060861 -0.27023395 3.42455587 0.04525831 0.17169607 0.03011356 -0.98364898
1461244326.50887 2.35692095 -0.27899719 3.43701755 0.03914371 0.16623928 0.02504870 -0.98498976
1461244326.58683 2.34929096 -0.29559221 3.46018053 0.02969796 0.16769176 0.03384845 -0.98481053
1461244326.66684 2.34617525 -0.31152951 3.48249683 0.01970675 0.15422466 0.02787640 -0.98744585
1461244326.74678 2.34406920 -0.32632548 3.50523464 0.01396383 0.14199250 0.02899672 -0.98934439
1461244326.82679 2.34357203 -0.34212404 3.52806334 0.00071193 0.12926266 0.02751997 -0.99122818
1461244326.94765 2.34687261 -0.36789981 3.56121124 -0.02300071 0.11100877 0.02323575 -0.99328149
1461244327.02699 2.35491152 -0.38529534 3.58258110 -0.03393116 0.08921532 0.00301806 -0.99542965
1461244327.10920 2.36668246 -0.40324719 3.60338580 -0.05049243 0.05927253 -0.02294901 -0.99669987
1461244327.18700 2.37814763 -0.41981003 3.62398292 -0.05181635 0.03659400 -0.01902350 -0.99780462
1461244327.26682 2.39217259 -0.43515750 3.64152472 -0.06488090 0.01127214 -0.03271867 -0.99729278
1461244327.38692 2.41562060 -0.45284134 3.66681852 -0.07179897 -0.03660991 -0.04966251 -0.99550904
1461244327.50931 2.43989304 -0.46347142 3.69078397 -0.07563889 -0.08361653 -0.05585860 -0.99205184
1461244327.58711 2.45659182 -0.46656924 3.70431151 -0.07397730 -0.11831105 -0.05765012 -0.98853746
1461244327.66712 2.47374852 -0.46760426 3.71521661 -0.06879458 -0.16072265 -0.06081966 -0.98271893
1461244327.78710 2.49980083 -0.46305110 3.72655881 -0.05935936 -0.22433168 -0.06827235 -0.97030441
1461244327.94717 2.52986879 -0.44876432 3.73812458 -0.05595123 -0.26677546 -0.08942312 -0.95796859
1461244328.06723 2.55016616 -0.43016737 3.74207586 -0.02564324 -0.31328986 -0.09259518 -0.94478464
1461244328.18730 2.56739757 -0.40881482 3.74342471 -0.00717943 -0.33728009 -0.10781471 -0.93518265
1461244328.34724 2.59174821 -0.37763670 3.74211582 0.00755929 -0.36217584 -0.12956678 -0.92302978
1461244328.46775 2.61363096 -0.35165528 3.73813653 0.03036583 -0.38908454 -0.14453828 -0.90928533
1461244328.58734 2.63813532 -0.32795776 3.73257331 0.04923156 -0.41394264 -0.14891013 -0.89669031
1461244328.70959 2.66232558 -0.30737313 3.72798388 0.05603272 -0.42418553 -0.15185266 -0.89099256
1461244328.82748 2.68529833 -0.28843982 3.72438254 0.06449530 -0.43502972 -0.15658583 -0.88434743
1461244328.94745 2.70805550 -0.26942541 3.72435962 0.09123932 -0.43515416 -0.16900815 -0.87963202
1461244329.02751 2.72630757 -0.25830766 3.72678311 0.10780965 -0.43688913 -0.18008669 -0.87468495
1461244329.10983 2.74726745 -0.24964055 3.73037403 0.11068761 -0.44335088 -0.19183421 -0.86855505
1461244329.18756 2.77063979 -0.24178600 3.73231883 0.11493586 -0.45623498 -0.20526949 -0.85819801
1461244329.26762 2.79572857 -0.23558543 3.73489033 0.11814038 -0.47096035 -0.21874874 -0.84639718
1461244329.34745 2.82185430 -0.23102988 3.73746230 0.11600641 -0.48661074 -0.22737888 -0.83549467
1461244329.42771 2.84659365 -0.22661228 3.73928822 0.10957899 -0.50155443 -0.24116037 -0.82357591
1461244329.51015 2.86836381 -0.22174780 3.73871751 0.10885680 -0.51960041 -0.25092174 -0.80944666
1461244329.58771 2.88761614 -0.21667739 3.73602437 0.10206996 -0.54262452 -0.26271066 -0.79127964
1461244329.70997 2.90888353 -0.20718308 3.73007262 0.09792156 -0.56838003 -0.27476734 -0.76932335
1461244329.78767 2.91691283 -0.19841648 3.72314898 0.11044432 -0.58449691 -0.28149803 -0.75294374
1461244329.90994 2.92017858 -0.18272798 3.71038737 0.10418103 -0.60444170 -0.30788267 -0.72732717
1461244329.98780 2.91613898 -0.17193887 3.70095585 0.09357362 -0.61806795 -0.33027624 -0.70721538
1461244330.11066 2.90141230 -0.15727665 3.68535961 0.09474724 -0.64227183 -0.34856400 -0.67602737
1461244330.19100 2.88650556 -0.14998796 3.67508073 0.10077207 -0.65608720 -0.35517345 -0.65821455
1461244330.31013 2.86006390 -0.14305446 3.66321891 0.11196183 -0.67042486 -0.35303803 -0.64293017
1461244330.38799 2.84008560 -0.13969297 3.65706732 0.12607555 -0.67478047 -0.35198755 -0.63630263
1461244330.51109 2.80782192 -0.13703469 3.65034220 0.13659263 -0.67709714 -0.34516474 -0.63540792
1461244330.58803 2.78386603 -0.13385529 3.64550989 0.14532565 -0.67778014 -0.34187171 -0.63452207
1461244330.66800 2.75828400 -0.12883258 3.63964398 0.15582038 -0.67652854 -0.34302701 -0.63274135
1461244330.74807 2.73075716 -0.12163806 3.63310127 0.17176630 -0.67313182 -0.35318563 -0.62661775
1461244330.82811 2.70377445 -0.11471537 3.62332608 0.18661077 -0.68010594 -0.36131179 -0.60998863
1461244330.91006 2.67953872 -0.10882336 3.61154308 0.18989324 -0.69271621 -0.37808168 -0.58407111
1461244330.98817 2.65815315 -0.10414011 3.60052586 0.19710657 -0.70061587 -0.39519562 -0.56045233
1461244331.06820 2.64093309 -0.10136629 3.58888242 0.19398550 -0.71954740 -0.40245165 -0.53165198
1461244331.14823 2.62678833 -0.09833816 3.57865132 0.19596093 -0.73654868 -0.40562068 -0.50454655
1461244331.22818 2.61501523 -0.09511479 3.57021199 0.19671244 -0.75137842 -0.40980746 -0.47832262
1461244331.38814 2.59900700 -0.09150896 3.56098868 0.18882140 -0.77520344 -0.41330693 -0.43884336
1461244331.54842 2.58377651 -0.08702911 3.55833005 0.18709323 -0.78978736 -0.42978111 -0.39562639
1461244331.74823 2.57022070 -0.08516569 3.55835379 0.17778803 -0.79846659 -0.44838312 -0.36027087
1461244331.94839 2.55819882 -0.08406480 3.54998451 0.15944922 -0.81457369 -0.45578424 -0.32141310
1461244332.11202 2.54542268 -0.08275176 3.53738114 0.14924428 -0.82737928 -0.46031843 -0.28509054
1461244332.22856 2.53728243 -0.08141164 3.52480799 0.14188579 -0.83269053 -0.46824001 -0.25931871
1461244332.34877 2.53175488 -0.08042646 3.50735010 0.13857710 -0.83871232 -0.47058256 -0.23645312
1461244332.46857 2.52807588 -0.07981488 3.48321476 0.12714840 -0.85030583 -0.46577466 -0.20944512
1461244332.54857 2.52732456 -0.08067185 3.46386769 0.11771941 -0.86059989 -0.45729151 -0.19077330
1461244332.63064 2.52785957 -0.08197648 3.44242195 0.10939379 -0.86854612 -0.45037810 -0.17555686
1461244332.71106 2.52956255 -0.08488635 3.41917479 0.10071665 -0.87921271 -0.43652755 -0.16212605
1461244332.78872 2.53213844 -0.08735467 3.39645291 0.09347353 -0.88340549 -0.43260453 -0.15398298
1461244332.86899 2.53566095 -0.09085550 3.37311070 0.08859430 -0.89081954 -0.42059924 -0.14726802
1461244332.94866 2.53751771 -0.09275709 3.34843001 0.08292547 -0.89762733 -0.41155563 -0.13420323
1461244333.02867 2.54052083 -0.09449382 3.32367804 0.07824045 -0.90290959 -0.40205223 -0.13033310
1461244333.11094 2.54283844 -0.09487249 3.29853873 0.07251948 -0.91071053 -0.38812271 -0.12127661
1461244333.18874 2.54488119 -0.09184385 3.27319604 0.07510246 -0.91398087 -0.38326355 -0.11003476
1461244333.26865 2.54792406 -0.08745875 3.24753958 0.07112061 -0.91750756 -0.37818262 -0.10049700
1461244333.34898 2.55130348 -0.08455591 3.22237312 0.06045301 -0.92409490 -0.36716657 -0.08707903
1461244333.42879 2.55775417 -0.08193128 3.19806781 0.06087687 -0.92522085 -0.36481104 -0.08469528
1461244333.51095 2.56309041 -0.07999849 3.17463239 0.07551175 -0.92213308 -0.37128298 -0.07821456
1461244333.58880 2.56896514 -0.07797824 3.15246801 0.08577736 -0.92154752 -0.37112119 -0.07524279
1461244333.71093 2.57830314 -0.07422121 3.12103229 0.09021495 -0.92091892 -0.37055129 -0.08038246
1461244333.91120 2.59508241 -0.06385604 3.07149522 0.10030461 -0.92183274 -0.36021232 -0.10203171
1461244334.14898 2.61595080 -0.05146763 3.01616209 0.10055681 -0.91751586 -0.36102932 -0.13308193
1461244334.62909 2.63428781 -0.03872435 2.92812455 0.11674879 -0.91128321 -0.36862228 -0.14159891
1461244334.94908 2.63758837 -0.02228415 2.87958436 0.10545376 -0.91319941 -0.38197373 -0.09509163
1461244335.34936 2.66930354 -0.01931086 2.83322620 0.13787883 -0.91344692 -0.36118529 -0.12708007
1461244335.51163 2.69246537 -0.01414908 2.82693565 0.16026864 -0.89996480 -0.36129632 -0.18396277
1461244335.66947 2.71137669 -0.00836330 2.82219059 0.17112332 -0.88575264 -0.36591691 -0.22861296
1461244336.10966 2.71672006 -0.01001026 2.76954246 0.14753956 -0.89283684 -0.34506080 -0.24901307
1461244336.38962 2.70177319 -0.01048791 2.72339211 0.12936986 -0.90406522 -0.34368000 -0.21866315
1461244336.58969 2.68942518 -0.01235058 2.69307171 0.12084908 -0.91642046 -0.33460956 -0.18331800
1461244336.82981 2.68910322 -0.01449875 2.65828894 0.11093680 -0.92957488 -0.31566845 -0.15471584
1461244337.02976 2.70105003 -0.01376977 2.62518037 0.11121915 -0.93876529 -0.30024063 -0.12730123
1461244337.18994 2.71659324 -0.01579892 2.59579610 0.10359502 -0.94737705 -0.28652141 -0.09823580
1461244337.31222 2.72958256 -0.01952989 2.57404613 0.10630142 -0.95272873 -0.27345249 -0.07894125
1461244337.42997 2.74275211 -0.02261627 2.55075947 0.10584935 -0.95824708 -0.25655624 -0.06882837
1461244337.54996 2.75505994 -0.02395830 2.52367301 0.10608400 -0.96203317 -0.24261301 -0.06616116
1461244337.66999 2.76411313 -0.02246417 2.49539896 0.10054076 -0.96585882 -0.23054529 -0.06210610
1461244337.79118 2.77299277 -0.01886024 2.46439678 0.09976152 -0.96806337 -0.22254030 -0.05810992
1461244337.91171 2.78138968 -0.01458163 2.43217600 0.10502247 -0.96614300 -0.22871181 -0.05682334
1461244338.07015 2.79108622 -0.01159225 2.38994537 0.10330937 -0.96310881 -0.24271503 -0.05327296
1461244338.35028 2.80910765 -0.00433636 2.32244504 0.11679056 -0.95969599 -0.24803795 -0.06181218
1461244338.59331 2.82605967 0.00967709 2.26118890 0.12678391 -0.95649395 -0.25333596 -0.06975713
1461244338.83036 2.84252458 0.02292787 2.19614958 0.12631146 -0.95558788 -0.26005843 -0.05715628
1461244339.03053 2.85090436 0.02580446 2.14367229 0.12055295 -0.95668049 -0.26294505 -0.03300494
1461244339.19048 2.85064705 0.02007446 2.10355352 0.09774089 -0.96458945 -0.24494473 -0.00399923
1461244339.31388 2.84713282 0.01820162 2.07145625 0.07590086 -0.97049933 -0.22837402 0.01467689
1461244339.43059 2.83964482 0.01832880 2.03722747 0.07799235 -0.96890321 -0.23020205 0.04637647
1461244339.51204 2.82857324 0.01765904 2.01678126 0.06766069 -0.96794787 -0.23029131 0.07392469
1461244339.59062 2.81698507 0.01594668 1.99566251 0.05210044 -0.96577560 -0.23432775 0.09825247
1461244339.67046 2.80469792 0.01263844 1.97605266 0.03774171 -0.96409614 -0.23382870 0.12007638
1461244339.75068 2.79086433 0.01115626 1.95804095 0.01288001 -0.96160115 -0.23629227 0.13900829
1461244339.83073 2.77356980 0.00823653 1.94140238 0.00796869 -0.95908838 -0.22252947 0.17483312
1461244339.91359 2.75353698 0.01005811 1.92791131 -0.00149629 -0.95041902 -0.22424919 0.21543849
1461244339.99445 2.73254809 0.01239673 1.91466887 -0.01354815 -0.94240680 -0.21490427 0.25593362
1461244340.07105 2.71142785 0.01637660 1.90158202 -0.01386062 -0.93193517 -0.21478696 0.29184119
1461244340.15313 2.69077903 0.02148907 1.88839657 -0.01789903 -0.91799939 -0.22159912 0.32840613
1461244340.27140 2.65949841 0.02633247 1.87011351 -0.02773024 -0.89821789 -0.22185943 0.37843632
1461244340.35113 2.63860443 0.02713466 1.85889648 -0.03424873 -0.88318465 -0.21778913 0.41398043
1461244340.43086 2.61761332 0.02608994 1.84819070 -0.03062595 -0.86837311 -0.21546182 0.44560789
1461244340.55098 2.58626258 0.02840122 1.83313410 -0.03787398 -0.85210503 -0.22355866 0.47170341
1461244340.67108 2.55452561 0.03158168 1.82049822 -0.03953307 -0.83759737 -0.21850000 0.49912477
1461244340.83093 2.51018308 0.03719067 1.80544204 -0.04307853 -0.81943550 -0.21298356 0.53038449
1461244341.03112 2.45488751 0.03551134 1.78712531 -0.03993243 -0.80536633 -0.21616208 0.55051288
1461244341.19105 2.41604926 0.03169678 1.76766340 -0.03309156 -0.80711479 -0.22755898 0.54377161
1461244341.35272 2.37756517 0.02771135 1.74502421 -0.03381058 -0.81579131 -0.22007060 0.53376991
1461244341.47097 2.34678089 0.02258415 1.72443500 -0.01657478 -0.83023194 -0.21396425 0.51445068
1461244341.59425 2.31938435 0.01598084 1.69841109 0.02354408 -0.84646892 -0.21178600 0.48793722
1461244341.71382 2.29591913 0.00963040 1.67198064 0.04973975 -0.86096061 -0.21048630 0.46040015
1461244341.83128 2.27823215 0.00027886 1.64834296 0.07121657 -0.87372742 -0.20319904 0.43616366
1461244341.91384 2.27093508 -0.00550966 1.63179591 0.08201715 -0.89123250 -0.19225189 0.40251338
1461244342.03149 2.26484392 -0.00901858 1.61033604 0.07792920 -0.91033632 -0.19350567 0.35744982
1461244342.15144 2.26690441 -0.00923433 1.58982223 0.07602819 -0.93142559 -0.18498513 0.30405031
1461244342.23150 2.27216004 -0.00711989 1.57561134 0.07634886 -0.94411703 -0.18141536 0.26439054
1461244342.31377 2.28124976 -0.00391786 1.56161048 0.08961296 -0.95100917 -0.19366858 0.22370420
1461244342.39135 2.29220664 0.00088091 1.54831499 0.09251999 -0.95471619 -0.20514139 0.19461260
1461244342.47123 2.30580991 0.00708962 1.53408158 0.09135421 -0.95918601 -0.21642238 0.15741016
1461244342.55157 2.32079104 0.01296115 1.51820109 0.09076936 -0.96421121 -0.21639703 0.12340986
1461244342.63157 2.33548658 0.01997134 1.50119065 0.09409378 -0.96535474 -0.22366057 0.09598190
1461244342.71310 2.35132420 0.02482909 1.48454702 0.09618526 -0.96713145 -0.22287955 0.07569586
1461244342.79176 2.36794454 0.02694613 1.46801138 0.08757566 -0.97256269 -0.20847007 0.05470429
1461244342.91369 2.38881007 0.03173819 1.44342590 0.08904756 -0.97113435 -0.21753008 0.04061116
1461244342.99169 2.40422169 0.03355651 1.42589716 0.08855638 -0.97255168 -0.21466657 0.01480739
1461244343.07278 2.41919973 0.03359316 1.40859457 0.08517300 -0.97534763 -0.20345205 -0.00705854
1461244343.19173 2.44160964 0.03437641 1.38032807 0.08370172 -0.97687422 -0.19236120 -0.04132724
1461244343.27145 2.45704782 0.03424627 1.36031035 0.08350644 -0.97756929 -0.18007933 -0.07040161
1461244343.39234 2.47856871 0.03081099 1.33010801 0.09035511 -0.97662506 -0.16896275 -0.09742190
1461244343.47193 2.49547332 0.02242448 1.31102767 0.09931902 -0.97653354 -0.14742290 -0.12159142
1461244343.55182 2.51237682 0.01071089 1.29279518 0.10539210 -0.97607094 -0.12310251 -0.14499587
1461244343.63182 2.52886588 -0.00265720 1.27353990 0.08176489 -0.97740860 -0.09448746 -0.17046717
1461244343.71381 2.54543335 -0.01447316 1.25596217 0.06977254 -0.97255098 -0.07952170 -0.20725031
1461244343.79220 2.56253797 -0.02370224 1.23899800 0.06668507 -0.96506602 -0.07946307 -0.24059571
1461244343.87256 2.58173828 -0.03136077 1.22175018 0.05452955 -0.95576929 -0.07350142 -0.27951588
1461244343.95197 2.60231942 -0.03870672 1.20499521 0.03476895 -0.94436958 -0.06132420 -0.32124220
1461244344.07303 2.63135814 -0.04573262 1.17877726 0.03826347 -0.93413115 -0.05592892 -0.35043809
1461244344.19239 2.66190356 -0.05146675 1.15443621 0.04342921 -0.92011798 -0.05289356 -0.38561520
1461244344.27331 2.68408906 -0.05552910 1.13835842 0.03192649 -0.90507048 -0.04648943 -0.42150546
1461244344.39211 2.71167268 -0.06054780 1.11639998 0.03373869 -0.89035667 -0.05298296 -0.45090965
1461244344.51648 2.73729932 -0.06646612 1.09657632 0.03215587 -0.86936080 -0.05123710 -0.49046157
1461244344.63328 2.75811609 -0.07174190 1.07955465 0.02095537 -0.84681800 -0.04734308 -0.52935694
1461244344.75223 2.77959099 -0.07494975 1.06737589 0.00253110 -0.81800307 -0.05207871 -0.57284586
1461244344.87213 2.79735187 -0.07969861 1.06174372 -0.01551263 -0.78182215 -0.04111374 -0.62195108
1461244345.03221 2.81161331 -0.08768827 1.06404033 -0.04377971 -0.73046939 -0.02808480 -0.68096185
1461244345.15514 2.81739821 -0.09424915 1.07289663 -0.04995253 -0.68142929 -0.01756789 -0.72996591
1461244345.31471 2.81508062 -0.09666061 1.08476314 -0.05110004 -0.63035861 -0.01648976 -0.77444490
1461244345.47364 2.80545404 -0.09328766 1.10089978 -0.04337758 -0.58485689 -0.01440507 -0.80984770
1461244345.59248 2.79132967 -0.08869007 1.11893893 -0.05175450 -0.54085349 -0.01727487 -0.83934531
1461244345.75251 2.76891252 -0.08167066 1.14563313 -0.05097176 -0.50482654 -0.01953073 -0.86149324
1461244345.87240 2.74991813 -0.07775320 1.16943755 -0.05027175 -0.47302358 -0.02602083 -0.87922941
1461244345.99259 2.73023928 -0.07509471 1.19407685 -0.04642740 -0.44562735 -0.02465901 -0.89367370
1461244346.11464 2.71024107 -0.07272718 1.22250229 -0.04673525 -0.41867141 -0.02889308 -0.90647408
1461244346.23268 2.68770597 -0.06890284 1.25669242 -0.04075064 -0.39113671 -0.04198704 -0.91847077
1461244346.35265 2.66422798 -0.06324729 1.29074360 -0.03699647 -0.36307682 -0.05970536 -0.92910804
1461244346.47498 2.64228819 -0.05417385 1.31995042 -0.02769715 -0.33438117 -0.07893941 -0.93871757
1461244346.59333 2.62205620 -0.03998996 1.34966566 -0.01181519 -0.30611227 -0.09935455 -0.94672296
1461244346.71458 2.60319839 -0.02767990 1.37682150 0.00583823 -0.27655168 -0.09534014 -0.95624021
1461244346.83274 2.58400696 -0.01700955 1.39927473 0.02273740 -0.24881441 -0.08773669 -0.96430113
1461244346.99317 2.56105609 -0.00580432 1.42116906 0.02470993 -0.22329281 -0.08540242 -0.97068850
1461244347.15281 2.53809714 0.00531096 1.44176827 0.02682557 -0.18344390 -0.09026942 -0.97850915
1461244347.27274 2.51916765 0.01466201 1.45545025 0.04832272 -0.15006027 -0.07692351 -0.98449459
1461244347.39291 2.49916909 0.02124650 1.46382692 0.05755714 -0.12283614 -0.07151793 -0.98817187
1461244347.55298 2.47338131 0.02631592 1.46784541 0.06517523 -0.08694895 -0.06095190 -0.99220811
1461244347.67294 2.45195871 0.03167637 1.46703867 0.07405881 -0.06101489 -0.04847319 -0.99420462
1461244347.79306 2.42880594 0.03712914 1.46386851 0.08607816 -0.03346535 -0.04180020 -0.99484841
1461244347.95306 2.39964278 0.04558140 1.45556582 0.10284866 0.00059973 -0.03321868 -0.99414200
1461244348.07289 2.37689178 0.05095906 1.44675249 0.11177013 0.03263449 -0.01859082 -0.99302407
1461244348.19339 2.35646560 0.05620450 1.43655120 0.12034866 0.05899592 -0.00848242 -0.99094083
1461244348.32008 2.33627407 0.06282527 1.42720944 0.13046169 0.08931687 0.00205176 -0.98741989
1461244348.43334 2.31774965 0.06819494 1.41960491 0.14139638 0.12116455 0.01667866 -0.98236859
1461244348.55350 2.29953256 0.06997059 1.41540723 0.14532734 0.15601029 0.04646740 -0.97590037
1461244348.67319 2.28160216 0.07043258 1.41406284 0.14064533 0.19769726 0.07681086 -0.96707537
1461244348.79356 2.26482999 0.06876681 1.41615798 0.13192960 0.23852376 0.09917373 -0.95700866
1461244348.91554 2.25017575 0.06719442 1.42165172 0.12437246 0.27682096 0.11389519 -0.94600715
1461244349.03338 2.23867367 0.06465065 1.43033866 0.11582783 0.31905008 0.13007914 -0.93159561
1461244349.19342 2.22953799 0.06115818 1.44368739 0.11078772 0.37166569 0.14776338 -0.90981134
1461244349.31532 2.22337542 0.05934272 1.45453919 0.10955651 0.41541144 0.15765085 -0.88914392
1461244349.43358 2.21634698 0.05907915 1.46910685 0.11378613 0.45021474 0.15880468 -0.87128668
1461244349.55357 2.20664594 0.05910675 1.48956146 0.11229562 0.47131116 0.16881426 -0.85834564
1461244349.67356 2.19366541 0.05963901 1.51188127 0.10510215 0.49205288 0.17950043 -0.84535028
1461244349.75367 2.18347452 0.05743511 1.52838129 0.09701628 0.50798374 0.18135408 -0.83645147
1461244349.83376 2.17304874 0.05252421 1.54574659 0.08764193 0.52005498 0.17288913 -0.83184798
1461244349.91595 2.16219884 0.04718901 1.56131912 0.08308255 0.53943220 0.16454706 -0.82160481
1461244349.99406 2.15120759 0.04015154 1.57504027 0.07350978 0.55762033 0.15654257 -0.81188072
1461244350.11411 2.13447487 0.03175693 1.59221870 0.06921932 0.57321798 0.16370647 -0.79989376
1461244350.23384 2.11408717 0.02390776 1.60642609 0.06061089 0.59096233 0.16562120 -0.78718452
1461244350.31582 2.09706602 0.01978340 1.61163492 0.04500509 0.61531928 0.16992596 -0.76842820
1461244350.39382 2.07956796 0.01762277 1.61764903 0.03576905 0.63451568 0.17526490 -0.75192596
1461244350.47540 2.06368873 0.01524384 1.62521188 0.03026113 0.64513160 0.17667517 -0.74274852
1461244350.55567 2.04866042 0.01124070 1.62987070 0.01809456 0.66739918 0.16888480 -0.72507161
1461244350.63415 2.03356708 0.00929395 1.63277678 0.02163809 0.68750513 0.17537896 -0.70435127
1461244350.75400 2.01032654 0.00450633 1.63304296 0.02074889 0.71262743 0.18938787 -0.67517691
1461244350.83404 1.99341175 0.00237233 1.62940352 0.01874541 0.73356709 0.19996354 -0.64926305
1461244350.91723 1.97528411 0.00052133 1.62590059 0.01527970 0.75107526 0.19583212 -0.63031918
1461244350.99401 1.95573365 0.00024000 1.62164732 0.01132452 0.76600942 0.19628544 -0.61202398
1461244351.07406 1.93353741 0.00032796 1.61702069 0.00580258 0.77892606 0.19258379 -0.59678472
1461244351.15411 1.91024654 -0.00101325 1.61170791 0.00336395 0.78848469 0.18749876 -0.58576856
1461244351.23404 1.88637114 -0.00677279 1.60582374 -0.00978116 0.79707270 0.17374524 -0.57826640
1461244351.35418 1.85085370 -0.01589729 1.59096980 -0.02706894 0.81058691 0.16805518 -0.56033346
1461244351.43419 1.82683777 -0.02134291 1.57971689 -0.03616586 0.82087826 0.17798514 -0.54145379
1461244351.52082 1.80139521 -0.02639945 1.56766623 -0.04306230 0.82904946 0.18053909 -0.52747348
1461244351.59427 1.77314836 -0.03044595 1.55444510 -0.04724657 0.84096689 0.17335015 -0.51038434
1461244351.67401 1.74318112 -0.03162000 1.54153610 -0.04660092 0.84806045 0.16755644 -0.50054636
1461244351.75523 1.71297304 -0.03393461 1.52964264 -0.05222498 0.85227650 0.16532029 -0.49352460
1461244351.83406 1.68345021 -0.03637932 1.51778237 -0.04834001 0.85671291 0.16328823 -0.48687081
1461244351.95431 1.64236277 -0.04089047 1.49512620 -0.03095028 0.87332113 0.15863155 -0.45955229
1461244352.07433 1.60342620 -0.04606332 1.46768356 -0.03771298 0.88147656 0.16368352 -0.44134399
1461244352.23442 1.55377378 -0.04913944 1.43111738 -0.04166508 0.88558528 0.15373628 -0.43631168
1461244352.43445 1.49007377 -0.04456355 1.38150232 -0.05094693 0.88418295 0.15521627 -0.43764464
1461244352.59458 1.43953586 -0.04516716 1.34150219 -0.05791092 0.87410289 0.15883354 -0.45537058
1461244352.75459 1.39141105 -0.04857917 1.30639616 -0.04905038 0.87225956 0.16285936 -0.45851297
1461244352.91665 1.34605417 -0.04919590 1.27828795 -0.03319657 0.87483926 0.14026789 -0.46247072
1461244353.07461 1.30471579 -0.04659768 1.25221897 -0.04700116 0.87492839 0.14053624 -0.46102144
1461244353.23545 1.26887750 -0.04385399 1.22320787 -0.04800638 0.88040122 0.15556033 -0.44541000
1461244353.35474 1.24436690 -0.04240209 1.20079201 -0.03104170 0.88656162 0.16225553 -0.43210885
1461244353.47474 1.22081923 -0.04130552 1.17666134 -0.02814869 0.89109987 0.16160933 -0.42312066
1461244353.59477 1.19530213 -0.03859320 1.15391353 -0.03756706 0.88698263 0.16967229 -0.42785728
1461244353.67512 1.17650189 -0.03823702 1.13947813 -0.03528540 0.88511115 0.16366603 -0.43421956
1461244353.83493 1.13736280 -0.04380030 1.11408146 -0.03220498 0.87170815 0.15624604 -0.46333024
1461244353.95490 1.10795045 -0.05444682 1.09236121 -0.04539199 0.86753876 0.14796439 -0.47267601
1461244354.11491 1.06712858 -0.06531286 1.06778324 -0.06442362 0.86174644 0.15293424 -0.47943069
1461244354.27548 1.02591791 -0.07273502 1.05183419 -0.06526443 0.86080964 0.15520878 -0.48026820
1461244354.39497 0.99449934 -0.07903042 1.04990782 -0.06257170 0.85301459 0.15156522 -0.49545825
1461244354.51760 0.96025544 -0.08403094 1.05544965 -0.04867973 0.83347540 0.15085391 -0.52933178
1461244354.63546 0.92670291 -0.08798313 1.06096416 -0.05775626 0.81850885 0.16083314 -0.54848900
1461244354.75517 0.89429929 -0.08613923 1.06960263 -0.05274431 0.81064706 0.17557560 -0.55609584
1461244354.87634 0.86222312 -0.08124684 1.08257486 -0.04847778 0.80275014 0.18437948 -0.56501888
1461244354.95520 0.83957933 -0.07647209 1.09295531 -0.04589232 0.79839255 0.19206564 -0.56883567
1461244355.03601 0.81548639 -0.07067427 1.10449850 -0.04063332 0.79526713 0.19607777 -0.57223476
1461244355.11779 0.79051788 -0.06466983 1.11713510 -0.03645555 0.78889971 0.20217093 -0.57916764
1461244355.19529 0.76572469 -0.05996449 1.12948151 -0.03379437 0.78270901 0.20781068 -0.58569554
1461244355.27792 0.74170085 -0.05675232 1.14021311 -0.02922059 0.78151563 0.21225439 -0.58594160
1461244355.35638 0.71704286 -0.05657403 1.15179016 -0.02688341 0.77301718 0.20849852 -0.59853997
1461244355.43539 0.69339585 -0.05630138 1.16176840 -0.02459189 0.77287743 0.21459904 -0.59665985
1461244355.51544 0.67099726 -0.05716991 1.17258002 -0.02143289 0.76941039 0.21027904 -0.60276944
1461244355.59543 0.64743817 -0.05600001 1.18427614 -0.01994235 0.76093187 0.22153478 -0.60951401
1461244355.67832 0.62453158 -0.05477502 1.19486879 -0.02749300 0.75375951 0.23008819 -0.61493916
1461244355.75563 0.60112217 -0.05208355 1.20425911 -0.02228641 0.75233613 0.23414118 -0.61536296
1461244355.83569 0.57687671 -0.04965165 1.21084973 -0.01784203 0.75413771 0.23705897 -0.61217728
1461244355.91795 0.55283573 -0.04726192 1.21504165 -0.01792014 0.75642655 0.25616674 -0.60156159
1461244355.99731 0.52969421 -0.04586519 1.21793207 -0.01202939 0.75720646 0.26661299 -0.59616373
1461244356.07736 0.50701083 -0.04471170 1.21872868 -0.00558797 0.76980351 0.26946052 -0.57858652
1461244356.15578 0.48571482 -0.04351595 1.21981314 -0.00549980 0.77071784 0.28339219 -0.57065982
1461244356.23564 0.46497469 -0.04161709 1.22128680 -0.00028203 0.76920121 0.29529479 -0.56668369
1461244356.31782 0.44351490 -0.04152091 1.22224720 0.00382559 0.77006001 0.28941451 -0.56853513
1461244356.39556 0.42155381 -0.04047819 1.22199072 0.01281817 0.77439270 0.27823592 -0.56809894
1461244356.47558 0.39787036 -0.03947992 1.22030800 0.01310326 0.77809801 0.26963898 -0.56717423
1461244356.55562 0.37300234 -0.03969381 1.21765653 0.00646464 0.78325740 0.25974632 -0.56479899
1461244356.63578 0.34972767 -0.04070352 1.21247465 0.00600787 0.79315829 0.24487446 -0.55758438
1461244356.75575 0.31685435 -0.04390287 1.20068318 0.00004418 0.79614027 0.25163476 -0.55030956
1461244356.87563 0.28840994 -0.04770835 1.18875637 -0.00011818 0.80982987 0.24101630 -0.53487074
1461244356.99591 0.26354013 -0.04924465 1.17708678 -0.00918619 0.82055079 0.24537019 -0.51614483
1461244357.11584 0.23963629 -0.04666549 1.16545485 -0.01968549 0.82530634 0.25877080 -0.50151730
1461244357.19779 0.22553307 -0.04555575 1.15348761 -0.03393570 0.83743328 0.26081760 -0.47909086
1461244357.27563 0.21047046 -0.04390162 1.14092643 -0.03562862 0.84611524 0.25797274 -0.46504802
1461244357.35605 0.19503716 -0.04220201 1.12636649 -0.04019638 0.85312031 0.26361095 -0.44841861
1461244357.43602 0.18101956 -0.04151749 1.10885951 -0.05152933 0.85990320 0.27419833 -0.42746520
1461244357.55608 0.16468171 -0.04078206 1.08309041 -0.06422429 0.87433586 0.28135516 -0.39019394
1461244357.67604 0.15306286 -0.04154226 1.05588244 -0.08131963 0.89085198 0.27821125 -0.34981190
1461244357.83632 0.14305133 -0.03855392 1.02153155 -0.09301293 0.89891282 0.29718817 -0.30819398
1461244357.95612 0.14158948 -0.03724461 0.99323486 -0.09438134 0.91237291 0.28874506 -0.27439776
1461244358.07701 0.14345840 -0.03157830 0.96405706 -0.08975375 0.92138952 0.29362175 -0.23826851
1461244358.23744 0.14735487 -0.02613168 0.92370387 -0.09155446 0.93313962 0.28771374 -0.19516411
1461244358.39655 0.14600452 -0.02299932 0.87999788 -0.07627125 0.94535347 0.27251481 -0.16194193
1461244358.55638 0.14371024 -0.02330067 0.83860749 -0.07498478 0.95132817 0.27306695 -0.12159950
1461244358.71961 0.13792036 -0.02477619 0.80189868 -0.07109720 0.95341744 0.27830738 -0.09211605
1461244358.87639 0.12729508 -0.02696337 0.76630072 -0.09929986 0.95111428 0.28675991 -0.05735787
1461244359.03648 0.10522230 -0.03181581 0.73224446 -0.09937780 0.95759285 0.26791538 -0.03689634
1461244359.15648 0.08735366 -0.03762246 0.70676812 -0.11395598 0.95705143 0.26647644 -0.00754314
1461244359.27730 0.07263096 -0.04597576 0.68180453 -0.12904132 0.95536907 0.26322595 0.03647433
1461244359.43674 0.04931312 -0.05312566 0.64394147 -0.13964272 0.95113517 0.26808853 0.06301058
1461244359.59757 0.02379298 -0.05334178 0.59672501 -0.14187173 0.95075714 0.26079508 0.08898989
1461244359.71639 0.00282973 -0.05009871 0.55541198 -0.14634570 0.95147404 0.25074001 0.10202714
1461244359.83673 -0.02006710 -0.04974849 0.51260673 -0.14403156 0.95396227 0.24009618 0.10753942
1461244359.95713 -0.04490486 -0.05538926 0.47078415 -0.16125511 0.95147374 0.23483209 0.11639758
1461244360.07701 -0.07516637 -0.06230828 0.42897642 -0.15108805 0.95388722 0.23174967 0.11646315
1461244360.19676 -0.11057230 -0.06872977 0.38583859 -0.14134067 0.95896183 0.22287630 0.10363966
1461244360.31923 -0.14736960 -0.07445136 0.34379652 -0.13894306 0.96330919 0.20739497 0.09857763
1461244360.43684 -0.18637079 -0.07800489 0.30478448 -0.14886232 0.96316387 0.20214682 0.09639515
1461244360.55686 -0.21993385 -0.08967263 0.27006646 -0.15339655 0.96203635 0.19645441 0.11118103
1461244360.67684 -0.25165721 -0.10838269 0.23640593 -0.13597740 0.96686881 0.17537687 0.12616578
1461244360.79692 -0.28649753 -0.12569095 0.20515081 -0.10327855 0.97400568 0.15115569 0.13341076
1461244360.91918 -0.32366437 -0.13969962 0.17471414 -0.10194640 0.97583118 0.13377947 0.13951160
1461244361.03710 -0.36474987 -0.14704460 0.14713291 -0.09393198 0.98032305 0.10175107 0.14067770
1461244361.15706 -0.40893143 -0.15327670 0.11935726 -0.09689645 0.97995182 0.10005403 0.14245948
1461244361.27722 -0.45685723 -0.16179651 0.09475265 -0.08592282 0.98279896 0.08950857 0.13679070
1461244361.39709 -0.50467055 -0.17157666 0.07430359 -0.08500798 0.98321926 0.08389524 0.13789531
1461244361.47718 -0.53685450 -0.18239133 0.06427156 -0.07722906 0.98557401 0.07279426 0.13183530
1461244361.59732 -0.58612016 -0.18467443 0.05330023 -0.07663633 0.98556835 0.06482708 0.13630611
1461244361.71992 -0.63101634 -0.18777689 0.04934469 -0.08104889 0.98131585 0.05949658 0.16404400
1461244361.83717 -0.67235275 -0.19046556 0.05207971 -0.08659112 0.97438538 0.06039424 0.19856396
1461244361.95720 -0.70912687 -0.19337365 0.05824394 -0.08669652 0.96527333 0.07383432 0.23511614
1461244362.11944 -0.75317451 -0.19550364 0.06828794 -0.08119599 0.95441408 0.08353022 0.27481570
1461244362.23747 -0.78195887 -0.18843329 0.07741258 -0.07757281 0.93982487 0.09382653 0.31923073
1461244362.35741 -0.81156456 -0.17863196 0.08482196 -0.10439600 0.92702792 0.10463825 0.34463249
1461244362.47804 -0.84461697 -0.16779858 0.09149611 -0.10367967 0.91278166 0.10421470 0.38107670
1461244362.63751 -0.89397270 -0.15477975 0.10412253 -0.13619455 0.89793438 0.11461594 0.40252712
1461244362.79755 -0.94071751 -0.14867055 0.12316158 -0.12850937 0.88737115 0.13968355 0.42017412
1461244362.99763 -0.99611860 -0.14883955 0.16110808 -0.12238108 0.86720733 0.16269587 0.45442752
1461244363.15757 -1.03400740 -0.15322506 0.20610821 -0.11429339 0.83917516 0.17232894 0.50301572
1461244363.31970 -1.06371807 -0.15462809 0.25473686 -0.12871312 0.81038163 0.18345569 0.54134883
1461244363.52020 -1.08892364 -0.14995959 0.31625405 -0.14754090 0.78890558 0.18830969 0.56603810
1461244363.75772 -1.09415179 -0.13949990 0.39184924 -0.15146995 0.78482073 0.20643380 0.56435659
1461244363.95790 -1.07495754 -0.13652649 0.45426828 -0.16455088 0.78488961 0.22034704 0.55526435
1461244364.12039 -1.04195208 -0.13336323 0.50034176 -0.18667738 0.77558239 0.21622305 0.56291306
1461244364.27798 -0.99624987 -0.12591451 0.53554788 -0.20039521 0.77594481 0.21598236 0.55776611
1461244364.40097 -0.95057283 -0.12379256 0.55857613 -0.18113779 0.78360341 0.20768152 0.55679725
1461244364.52043 -0.90251969 -0.12350851 0.58068292 -0.17593261 0.77652395 0.20498900 0.56924317
1461244364.67807 -0.84419732 -0.12813907 0.60168802 -0.19616764 0.77416083 0.19811987 0.56827967
1461244364.83816 -0.77911017 -0.12842067 0.61790608 -0.19039516 0.76627727 0.20733965 0.57756306
1461244364.99823 -0.70813329 -0.12329207 0.62774027 -0.15462017 0.77808358 0.20027751 0.57494996
1461244365.15857 -0.64029101 -0.12111727 0.62899270 -0.12621798 0.79509276 0.17265634 0.56752648
1461244365.35822 -0.56384485 -0.11354263 0.62288919 -0.15400998 0.78254371 0.19454471 0.57101544
1461244365.52089 -0.50442667 -0.10236211 0.61251868 -0.16788147 0.78324004 0.19679900 0.56535034
1461244365.67829 -0.43889973 -0.08734750 0.59622820 -0.14751261 0.78163007 0.19592432 0.57350512
1461244365.79842 -0.38835153 -0.08382660 0.57634138 -0.12910828 0.78476832 0.19387705 0.57435305
1461244365.92125 -0.33997106 -0.08496130 0.55733266 -0.12612774 0.77576921 0.18892252 0.58871233
1461244366.03858 -0.29462005 -0.08450637 0.53482708 -0.14736684 0.77708200 0.18151746 0.58436118
1461244366.15851 -0.24782360 -0.07691036 0.51230377 -0.14685939 0.77711688 0.17860166 0.58534018
1461244366.40149 -0.14930073 -0.05495943 0.46039159 -0.14381447 0.78853766 0.14855081 0.57918772
1461244366.52039 -0.10331098 -0.04828343 0.43376381 -0.14605515 0.78748378 0.15171187 0.57924148
1461244366.63873 -0.06124473 -0.04418380 0.40709344 -0.14854788 0.78472756 0.15099168 0.58252699
1461244366.76018 -0.02216254 -0.03565090 0.38149855 -0.15757415 0.77335171 0.15404574 0.59444716
1461244366.99874 0.05256820 -0.01196575 0.32774226 -0.14553940 0.73772954 0.14799085 0.64239560
1461244367.12422 0.08327842 -0.00467863 0.30147232 -0.13913109 0.71024793 0.15887964 0.67152638
1461244367.23888 0.11162329 -0.00269918 0.27703856 -0.14556713 0.68911172 0.15890232 0.69187087
1461244367.35900 0.14104838 0.00460377 0.25575310 -0.16672990 0.66396837 0.16621917 0.70973117
1461244367.47899 0.17339652 0.01640963 0.23753837 -0.16450979 0.64275756 0.16356398 0.73010004
1461244367.71893 0.24591786 0.04259281 0.19679884 -0.16299120 0.62522189 0.14253783 0.74980959
1461244367.83981 0.28021178 0.04650707 0.17921933 -0.14850508 0.60646449 0.14139448 0.76821524
1461244368.07914 0.33799617 0.05809248 0.14361470 -0.17073648 0.57299996 0.15198862 0.78703212
1461244368.19918 0.36689937 0.06717963 0.12781326 -0.17389769 0.55687936 0.14985835 0.79824022
1461244368.32186 0.39659257 0.07582377 0.11182994 -0.16603813 0.53981409 0.14601200 0.81222693
1461244368.43915 0.42499168 0.08491389 0.09625846 -0.14930195 0.52401079 0.15557566 0.82396470
1461244368.55924 0.44969829 0.09347700 0.08447651 -0.15127659 0.49764577 0.16703679 0.83759345
1461244368.67924 0.47257064 0.10175400 0.07477044 -0.16202485 0.48487760 0.17985263 0.84041341
