1461243977.94640 0.00002626 0.00000730 -0.00000896 0.00000899 -0.00002128 0.00000211 1.00000000
1461243978.10644 -0.04257252 -0.02307510 -0.03469889 -0.00773107 -0.04227863 -0.01643630 0.99894074
1461243978.26646 -0.06925898 -0.04865009 -0.07502829 0.03036607 -0.05836207 -0.00849415 0.99779738
1461243978.48630 -0.10173398 -0.06667535 -0.13454743 0.03239994 -0.08224102 0.01746664 0.99593252
1461243978.64638 -0.13119824 -0.08938999 -0.17394852 0.04763502 -0.11436635 0.00472948 0.99228467
1461243978.82630 -0.16653016 -0.12352514 -0.20969717 0.07698514 -0.13172023 0.01640218 0.98815689
1461243978.98637 -0.20410780 -0.15618350 -0.23594405 0.11088595 -0.15222185 0.00263302 0.98210279
1461243979.14633 -0.25322130 -0.18504643 -0.25922607 0.12634371 -0.17489246 -0.02683553 0.97607876
1461243979.30834 -0.30943575 -0.21527378 -0.28201645 0.11728732 -0.19002992 -0.04291966 0.97380194
1461243979.48626 -0.37803819 -0.25219311 -0.30785577 0.10912604 -0.18828409 -0.05201015 0.97464637
1461243979.62702 -0.43525997 -0.28367877 -0.33219089 0.10010608 -0.20990951 -0.06389931 0.97048114
1461243979.82627 -0.49059313 -0.32946058 -0.37020050 0.10703707 -0.22422035 -0.05763878 0.96692609
1461243980.08649 -0.54009025 -0.36650229 -0.43078259 0.11270521 -0.24411362 -0.05524059 0.96158960
1461243980.34624 -0.58361992 -0.39578906 -0.52053079 0.11388203 -0.25101617 -0.06687744 0.95893127
1461243980.50845 -0.61574770 -0.42528889 -0.59192269 0.12709134 -0.27454828 -0.06199663 0.95111905
1461243980.64629 -0.64702673 -0.45491272 -0.65611771 0.13114041 -0.30705583 -0.07066332 0.93996043
1461243980.80845 -0.67728941 -0.48536235 -0.72169274 0.14178034 -0.34047108 -0.07278693 0.92664979
1461243980.96649 -0.71363424 -0.49758074 -0.78146328 0.12150620 -0.36974620 -0.08943799 0.91680142
1461243981.10618 -0.75371181 -0.49765272 -0.82978596 0.07602382 -0.37730760 -0.07289863 0.92007888
1461243981.26639 -0.80950805 -0.51015304 -0.89574246 0.04634525 -0.38098668 -0.07327129 0.92050670
1461243981.42616 -0.85465568 -0.54280222 -0.96979261 0.02993739 -0.39068302 -0.05264861 0.91853071
1461243981.58697 -0.88648729 -0.58098291 -1.04904794 0.05324178 -0.39968714 -0.04434999 0.91402876
1461243981.72618 -0.90852730 -0.60699531 -1.12453533 0.08735438 -0.42131044 -0.04567904 0.90154320
1461243981.90821 -0.92685206 -0.62432896 -1.22105640 0.10154672 -0.44015553 -0.03560737 0.89145021
1461243982.14611 -0.92860323 -0.63808635 -1.33615623 0.08280306 -0.43441385 0.01489665 0.89677553
1461243982.28615 -0.93802223 -0.65299891 -1.41076049 0.09737536 -0.46176879 0.00422295 0.88162906
1461243982.44616 -0.95357114 -0.67473972 -1.50147268 0.12840074 -0.47223446 0.00230755 0.87206797
1461243982.58627 -0.97211355 -0.69441814 -1.59516944 0.15283320 -0.49109657 0.00100093 0.85759266
1461243982.72609 -0.99434771 -0.71400403 -1.69660483 0.16107052 -0.50762156 0.00908778 0.84634157
1461243982.88626 -1.01725877 -0.74180475 -1.79750862 0.15476300 -0.51099128 0.04135611 0.84452709
1461243983.04615 -1.04526276 -0.77766549 -1.88635399 0.16703039 -0.52435363 0.03891820 0.83405006
1461243983.24672 -1.10342457 -0.80782776 -1.96650808 0.17128081 -0.52278200 0.04368164 0.83393871
1461243983.40826 -1.16566505 -0.83778557 -2.02030841 0.15297675 -0.50438722 0.04744805 0.84849298
1461243983.54610 -1.21657635 -0.87809897 -2.04984898 0.12135198 -0.48753911 0.08816080 0.86012033
1461243983.70597 -1.26020585 -0.93345090 -2.05098335 0.12403602 -0.45319064 0.09621265 0.87748301
1461243983.86607 -1.30418510 -0.96723403 -2.02403880 0.09911272 -0.41261112 0.10195054 0.89974153
1461243984.00608 -1.35731901 -0.97937061 -1.99533221 0.07466518 -0.37865136 0.08444887 0.91864936
1461243984.12634 -1.40644443 -0.98956480 -1.96249687 0.05323385 -0.33874612 0.07749019 0.93616905
1461243984.24600 -1.44939712 -1.00440654 -1.92241323 0.04642080 -0.29216208 0.08484455 0.95146615
1461243984.34607 -1.47618175 -1.01515945 -1.88295465 0.03556418 -0.25228800 0.08458551 0.96329188
1461243984.46612 -1.50191148 -1.02346051 -1.82736856 0.01104300 -0.21155549 0.07846764 0.97414843
1461243984.60781 -1.53204308 -1.02527336 -1.75173730 -0.00724306 -0.18778026 0.06194158 0.98022923
1461243984.72649 -1.55204142 -1.01545927 -1.67439165 -0.01864928 -0.15635002 0.05943047 0.98573571
1461243984.84602 -1.57090543 -1.00002795 -1.58424802 -0.03553257 -0.14243560 0.05934332 0.98738438
1461243984.98604 -1.58187521 -0.99062577 -1.47934053 -0.04728670 -0.12995346 0.05662024 0.98877207
1461243985.12718 -1.58641581 -0.98977235 -1.37955703 -0.07108579 -0.12893117 0.04751367 0.98796053
1461243985.26588 -1.59228819 -0.98059813 -1.27190271 -0.09540820 -0.11790275 0.05341412 0.98698690
1461243985.38594 -1.59702151 -0.97087463 -1.17631516 -0.09713260 -0.09266512 0.04566058 0.98989572
1461243985.50630 -1.60051105 -0.96445040 -1.07671123 -0.09344510 -0.06162414 0.03508609 0.99309589
1461243985.66646 -1.60425777 -0.96049348 -0.94383876 -0.09308506 -0.03891875 0.03585438 0.99425096
1461243985.78590 -1.60528911 -0.95429751 -0.84844230 -0.11684488 -0.03378253 0.02762326 0.99219099
1461243985.92624 -1.61084895 -0.93982292 -0.73628851 -0.12423649 -0.03794001 0.02338706 0.99125118
1461243986.04597 -1.61129365 -0.91881182 -0.63406143 -0.12039431 -0.02381912 0.02834509 0.99203549
1461243986.16588 -1.61110395 -0.90020615 -0.53050213 -0.11636224 -0.02697755 0.03772565 0.99212339
1461243986.30612 -1.60761656 -0.89250379 -0.41324608 -0.11232718 -0.03803855 0.04108679 0.99209251
1461243986.42644 -1.60744967 -0.89506507 -0.32098951 -0.11205735 -0.05046426 0.02784840 0.99202872
1461243986.54586 -1.61681768 -0.89599265 -0.22863321 -0.10728881 -0.06832515 0.02334390 0.99160267
1461243986.64582 -1.62806555 -0.89244335 -0.15042066 -0.09136488 -0.07199875 0.02044954 0.99300073
1461243986.72708 -1.64064522 -0.88719159 -0.08610190 -0.07553399 -0.07264104 0.02084323 0.99427534
1461243986.81192 -1.65212577 -0.88333524 -0.02389663 -0.06436220 -0.06816127 0.00828630 0.99556159
1461243986.88609 -1.66271262 -0.88216230 0.03869032 -0.05589625 -0.05817163 0.00165295 0.99673915
1461243986.96579 -1.67428706 -0.88571888 0.09924671 -0.05530649 -0.06460585 0.00663374 0.99635499
1461243987.06584 -1.68660394 -0.89433872 0.16812020 -0.06605223 -0.07085642 0.00148970 0.99529606
1461243987.16583 -1.70064845 -0.90665814 0.23310076 -0.05988421 -0.06842047 -0.00054212 0.99585753
1461243987.24582 -1.71793694 -0.91091797 0.28651427 -0.05664881 -0.07068393 0.00475327 0.99587755
1461243987.32572 -1.73971134 -0.91038943 0.33955072 -0.06130276 -0.07347951 -0.00161729 0.99540952
1461243987.38627 -1.75709846 -0.90860684 0.38079552 -0.06548885 -0.07316276 -0.00305591 0.99516284
1461243987.44634 -1.77410241 -0.90540990 0.42379975 -0.07259911 -0.06998677 0.00365737 0.99489590
1461243987.50584 -1.78862367 -0.90484432 0.46772277 -0.07440236 -0.06085260 0.01321767 0.99528214
1461243987.56596 -1.79840606 -0.90837527 0.51166260 -0.07050493 -0.04396067 0.02220803 0.99629479
1461243987.62612 -1.80625273 -0.91421000 0.55274959 -0.06101098 -0.03680851 0.02674973 0.99709942
1461243987.70786 -1.81476069 -0.91959309 0.60078101 -0.06815619 -0.03205861 0.02434634 0.99686219
1461243987.78651 -1.82450771 -0.92607463 0.64208291 -0.07647865 -0.03254267 0.01733557 0.99638922
1461243987.88580 -1.83865248 -0.92904862 0.68868855 -0.08695806 -0.02676641 0.02540051 0.99552834
1461243988.00784 -1.86046450 -0.92652939 0.74078278 -0.10185476 -0.02773382 0.02766569 0.99402769
1461243988.10778 -1.87594100 -0.91543121 0.78500429 -0.11923060 -0.00760287 0.03442459 0.99224050
1461243988.18616 -1.88666149 -0.90154310 0.82106305 -0.14123491 0.01507764 0.03514991 0.98923700
1461243988.26569 -1.89435061 -0.88651587 0.85823135 -0.16781060 0.04200377 0.02308286 0.98465348
1461243988.34572 -1.90107890 -0.87311174 0.89902073 -0.19963974 0.07090452 0.01030968 0.97724625
1461243988.42834 -1.90140395 -0.86511655 0.94053933 -0.20164420 0.10852611 0.00811362 0.97339400
1461243988.50858 -1.89943892 -0.85696843 0.98087963 -0.20812767 0.15131801 0.02092169 0.96609938
1461243988.58583 -1.89487155 -0.85067402 1.01643777 -0.22415619 0.18016529 0.02059634 0.95753343
1461243988.70647 -1.88402053 -0.84082231 1.06268680 -0.24017017 0.20380045 0.01882243 0.94890958
1461243988.82594 -1.87001192 -0.82051804 1.09586978 -0.27270123 0.22583871 0.01922232 0.93501948
1461243988.96600 -1.85066604 -0.79559439 1.13678723 -0.29362574 0.25222138 0.01898064 0.92185033
1461243989.08589 -1.82762217 -0.77052932 1.17847988 -0.30358240 0.27751962 0.01179805 0.91141724
1461243989.18569 -1.80312093 -0.74591539 1.21711951 -0.31454790 0.29796170 0.01482156 0.90114303
1461243989.28571 -1.77514949 -0.72201240 1.26200727 -0.32730975 0.31340788 0.02667684 0.89102872
1461243989.36570 -1.74600413 -0.70923323 1.29418491 -0.33754719 0.34062506 0.02902872 0.87703694
1461243989.46590 -1.71159072 -0.69927756 1.33876422 -0.34124695 0.35413244 0.03843167 0.86986421
1461243989.56578 -1.68289621 -0.69327933 1.38764754 -0.33680855 0.35188900 0.04306052 0.87228431
1461243989.68557 -1.65614533 -0.68331056 1.44906472 -0.33942564 0.33881915 0.04165011 0.87650276
1461243989.78571 -1.63050144 -0.67613958 1.50079812 -0.33147234 0.34757601 0.03987669 0.87620024
1461243989.88594 -1.60319904 -0.67255943 1.55857553 -0.31830760 0.36084862 0.03090592 0.87607840
1461243989.98630 -1.57663518 -0.67150127 1.62308605 -0.30648553 0.36828561 0.01596624 0.87759752
1461243990.08562 -1.55575452 -0.66757457 1.69103699 -0.30205688 0.35889196 0.01366885 0.88304664
1461243990.18564 -1.52847255 -0.66768870 1.75550756 -0.29094356 0.36108342 0.00660967 0.88596102
1461243990.30766 -1.49323318 -0.66165925 1.82581833 -0.26961075 0.36893800 0.00606615 0.88947063
1461243990.44575 -1.45330989 -0.63629485 1.90064588 -0.26602189 0.37746223 0.00262862 0.88698800
1461243990.56603 -1.41912781 -0.61398615 1.96309905 -0.25439785 0.38829065 -0.00798532 0.88569088
1461243990.66598 -1.39205800 -0.59871526 2.02092582 -0.24026560 0.38444009 -0.01484839 0.89121141
1461243990.76594 -1.36420150 -0.58681971 2.07832141 -0.22875896 0.38524656 -0.01158289 0.89393527
1461243990.86581 -1.33736898 -0.57640047 2.13507810 -0.22538301 0.39272053 -0.00070857 0.89161235
1461243990.96751 -1.31603608 -0.56698806 2.19567918 -0.20530905 0.39369096 0.01319160 0.89592500
1461243991.10698 -1.29705963 -0.54712663 2.28271576 -0.18780301 0.37479327 0.03178176 0.90733122
1461243991.26574 -1.27919081 -0.52087902 2.37807592 -0.17060293 0.36266758 0.01569682 0.91603519
1461243991.38560 -1.26414634 -0.50555715 2.45191360 -0.15144717 0.35676314 0.02752036 0.92142631
1461243991.50750 -1.24561206 -0.49520784 2.52296661 -0.15050007 0.36925837 0.05864174 0.91518257
1461243991.62611 -1.22869626 -0.49877492 2.58996406 -0.13530499 0.39365169 0.08693632 0.90508176
1461243991.74579 -1.22038544 -0.50168556 2.66182300 -0.12499276 0.40570553 0.10867941 0.89887075
1461243991.88549 -1.22284065 -0.49747332 2.75145055 -0.13117995 0.40064430 0.12109757 0.89867199
1461243992.00824 -1.22828211 -0.49288896 2.82836776 -0.13773936 0.39874429 0.13551425 0.89647462
1461243992.10552 -1.23515995 -0.49054559 2.89455729 -0.14821275 0.38438935 0.14659480 0.89932629
1461243992.22550 -1.24492698 -0.48990396 2.97040191 -0.16082810 0.37554717 0.16643755 0.89743924
1461243992.34550 -1.25856270 -0.49410222 3.04392927 -0.16606258 0.37616178 0.18460146 0.89266334
1461243992.44545 -1.27483789 -0.49613913 3.10982639 -0.16838665 0.36945569 0.19959636 0.89180139
1461243992.54553 -1.29392023 -0.49616719 3.17625116 -0.17231995 0.37263850 0.21683188 0.88568071
1461243992.64550 -1.31185832 -0.49868739 3.23573802 -0.17869372 0.38456700 0.21951118 0.87863054
1461243992.74578 -1.32827725 -0.50071340 3.29832289 -0.18914685 0.38620719 0.21617454 0.87654780
1461243992.82546 -1.34110674 -0.50435555 3.35157835 -0.18890013 0.36559537 0.20629247 0.88775007
1461243992.88552 -1.35036443 -0.50622927 3.39168814 -0.18559660 0.34462854 0.19114287 0.90013859
1461243992.94557 -1.35929919 -0.50493149 3.43075716 -0.18596295 0.32083659 0.17435616 0.91218507
1461243993.04542 -1.36695647 -0.49614354 3.49043165 -0.18237365 0.30464401 0.14961359 0.92279340
1461243993.14691 -1.37098766 -0.47975521 3.55134487 -0.17384063 0.28239720 0.14426507 0.93231907
1461243993.26601 -1.36496222 -0.45507900 3.61983856 -0.16392192 0.26496575 0.14408715 0.93923461
1461243993.38580 -1.34427176 -0.43492767 3.68529097 -0.15285992 0.26970364 0.14020477 0.94033846
1461243993.54552 -1.31455242 -0.40304411 3.77549587 -0.15572896 0.26154121 0.15947970 0.93910112
1461243993.70734 -1.29109782 -0.37585525 3.86686539 -0.14958959 0.24895146 0.15907192 0.94357949
1461243993.82695 -1.28293594 -0.34943364 3.94021817 -0.16817118 0.23088491 0.13465157 0.94883063
1461243993.92550 -1.27456086 -0.32238861 4.00124260 -0.20722640 0.23206723 0.10865107 0.94413821
1461243994.04548 -1.25612424 -0.30292676 4.06999276 -0.23248347 0.24894539 0.11330531 0.93334856
1461243994.12583 -1.23094137 -0.30137775 4.11025008 -0.23021704 0.28797390 0.11776627 0.92206413
1461243994.22541 -1.20072083 -0.30512425 4.15650412 -0.23170902 0.32531042 0.11111032 0.91002118
1461243994.32531 -1.17380275 -0.30462568 4.20239767 -0.22212782 0.36570998 0.09914868 0.89837908
1461243994.50542 -1.14298683 -0.29120353 4.29920711 -0.21771675 0.36006574 0.07785930 0.90381968
1461243994.62545 -1.12001710 -0.28076877 4.37362619 -0.19979802 0.34362884 0.06636391 0.91520260
1461243994.72555 -1.09977589 -0.27458045 4.43911808 -0.17920092 0.32233598 0.06707852 0.92708523
1461243994.80526 -1.08859590 -0.27136347 4.49067094 -0.17366088 0.28944089 0.06143883 0.93930354
1461243994.92534 -1.07677733 -0.26458011 4.56048591 -0.16929520 0.26427736 0.06197022 0.94744725
1461243995.02547 -1.07612258 -0.26005670 4.61826666 -0.15406125 0.23688915 0.05945808 0.95739929
1461243995.14532 -1.08565025 -0.25045450 4.68852956 -0.13890973 0.19996495 0.04858676 0.96868851
1461243995.28529 -1.09908998 -0.23780187 4.76845133 -0.12545300 0.16901653 0.04105774 0.97673395
1461243995.40782 -1.10865314 -0.23338406 4.83324432 -0.10897978 0.14380738 0.04737132 0.98244532
1461243995.56532 -1.11923734 -0.22977846 4.90541028 -0.11200917 0.10990075 0.04679866 0.98650173
1461243995.70761 -1.13752548 -0.23387524 4.96475762 -0.09402653 0.07111699 0.04366519 0.99206589
1461243995.82535 -1.16101354 -0.23550267 5.01371966 -0.08603586 0.03160571 0.04100627 0.99494593
1461243995.94542 -1.18543493 -0.23678771 5.06190611 -0.07276432 -0.00287049 0.04680458 0.99624618
1461243996.08532 -1.21325696 -0.23889915 5.11217083 -0.06241122 -0.03806305 0.05594974 0.99575382
1461243996.22683 -1.24586242 -0.24742618 5.15222226 -0.05547260 -0.08961818 0.05429087 0.99294707
1461243996.36555 -1.27895695 -0.26289339 5.18389088 -0.03578695 -0.13639400 0.05253930 0.98861296
1461243996.48551 -1.31375533 -0.27604286 5.20793870 -0.01470392 -0.17414441 0.04732045 0.98347257
1461243996.62534 -1.35839715 -0.28584868 5.23374020 -0.00089361 -0.21305471 0.04600805 0.97595602
1461243996.76541 -1.40432244 -0.30042589 5.25793198 0.02386615 -0.24225684 0.03950382 0.96911376
1461243996.90746 -1.45391345 -0.31367942 5.27924569 0.03383722 -0.28148780 0.04156636 0.95806675
1461243997.02523 -1.49661296 -0.32395579 5.30100894 0.03597198 -0.31196988 0.03203933 0.94887001
1461243997.14553 -1.53912268 -0.33882897 5.32592797 0.03865824 -0.33416874 0.03354256 0.94112257
1461243997.26528 -1.57861593 -0.35893638 5.35052883 0.04717047 -0.35629602 0.03505737 0.93252296
1461243997.36531 -1.61459731 -0.37749723 5.37304550 0.05935790 -0.37108501 0.03127628 0.92617188
1461243997.44586 -1.64571731 -0.39103376 5.39272537 0.07207934 -0.37840577 0.03589379 0.92213083
1461243997.52525 -1.67645204 -0.40299287 5.41479785 0.07920479 -0.37926964 0.04636654 0.92072324
1461243997.60516 -1.71133962 -0.41494204 5.43623206 0.08151004 -0.39559615 0.05135533 0.91335778
1461243997.68516 -1.74350274 -0.42702529 5.45639512 0.08103582 -0.40348115 0.04077134 0.91048001
1461243997.78521 -1.77899553 -0.44782354 5.47735508 0.08360725 -0.42060284 0.04740868 0.90213940
1461243997.90818 -1.82003493 -0.47342102 5.49140322 0.09890385 -0.45911361 0.05286443 0.88127071
1461243998.02559 -1.86933232 -0.49283314 5.49938972 0.11640180 -0.49337022 0.03968124 0.86108179
1461243998.12555 -1.91180278 -0.50973996 5.49870486 0.13816170 -0.53120503 0.01634162 0.83574249
1461243998.32588 -1.97212939 -0.54628265 5.50476109 0.15709747 -0.55540478 0.05203871 0.81494656
1461243998.46540 -2.01247268 -0.56432329 5.50015098 0.16587172 -0.58850915 0.02947612 0.79074314
1461243998.60742 -2.05298189 -0.58527797 5.49579746 0.18106154 -0.61473809 0.01492425 0.76752268
1461243998.74514 -2.09161453 -0.60952597 5.48653469 0.19945934 -0.64139792 0.02219975 0.74049433
1461243998.84543 -2.12195370 -0.62426597 5.47628973 0.21492089 -0.67032834 0.01816996 0.71002731
1461243998.96541 -2.15385148 -0.64264079 5.46775520 0.23192508 -0.69485160 0.01530420 0.68055697
1461243999.08594 -2.17858436 -0.66274083 5.45690041 0.24375350 -0.72302813 0.01028931 0.64630386
1461243999.20794 -2.19774544 -0.68634670 5.44210612 0.27119129 -0.74247906 0.01301583 0.61238119
1461243999.34521 -2.22850905 -0.70376126 5.42000552 0.28379699 -0.76748617 0.00894088 0.57475587
1461243999.50715 -2.26836435 -0.72362786 5.38474234 0.30011463 -0.78434374 0.00284456 0.54288858
1461243999.64512 -2.30704344 -0.74292605 5.34767566 0.31723640 -0.79179127 -0.00102474 0.52194503
1461243999.78509 -2.34051647 -0.76881613 5.30585165 0.33277785 -0.79873486 -0.00265448 0.50127285
1461243999.90516 -2.36359616 -0.79019269 5.26667047 0.33932007 -0.80779108 0.00408033 0.48199461
1461244000.02543 -2.38028692 -0.81027950 5.22274736 0.35182045 -0.81852176 0.00702790 0.45408712
1461244000.18525 -2.40244263 -0.82886283 5.15841638 0.36243980 -0.83546892 0.01150321 0.41291253
1461244000.30507 -2.42446460 -0.83929244 5.10506394 0.36861378 -0.84905769 0.00764359 0.37837349
1461244000.42501 -2.44175057 -0.85876441 5.05024005 0.37116411 -0.86254427 0.01222810 0.34366417
1461244000.54516 -2.45924782 -0.87945107 4.99862024 0.37084920 -0.87266352 0.01839358 0.31716074
1461244000.66541 -2.47579183 -0.89634119 4.94364367 0.37546557 -0.87759348 0.01216889 0.29783755
1461244000.76596 -2.48999510 -0.90574139 4.89096768 0.37733635 -0.88414180 0.01088619 0.27530355
1461244000.90711 -2.51442207 -0.91344163 4.80979593 0.39090854 -0.88424641 0.00792230 0.25541348
1461244001.04540 -2.53979372 -0.92634461 4.72358237 0.39811950 -0.88350525 0.00651738 0.24673235
1461244001.18549 -2.55857439 -0.95185735 4.63815079 0.40522691 -0.88051028 0.00440681 0.24591338
1461244001.30529 -2.57686151 -0.97469381 4.56151082 0.39044317 -0.88852931 0.01266340 0.24064378
1461244001.40514 -2.59820974 -0.98636118 4.49605356 0.38876486 -0.88948015 0.01044636 0.23995381
1461244001.48501 -2.61585639 -0.99326643 4.44130050 0.38941052 -0.89083231 0.00866261 0.23388503
1461244001.56491 -2.63354993 -1.00234353 4.38477239 0.39202912 -0.89143975 0.01078126 0.22700684
1461244001.64514 -2.64656348 -1.01273594 4.32759879 0.39058940 -0.89544998 0.00979944 0.21333828
1461244001.72496 -2.65751741 -1.02640481 4.27045951 0.38825959 -0.89933892 0.00754187 0.20096548
1461244001.82648 -2.66757686 -1.04353218 4.20153349 0.38778871 -0.90326610 -0.00181104 0.18364909
1461244001.92519 -2.67606540 -1.06126750 4.13482449 0.39317281 -0.90303690 -0.00356613 0.17299358
1461244002.00748 -2.68539429 -1.07248738 4.07854374 0.39318786 -0.90456965 -0.00178888 0.16478428
1461244002.08543 -2.69390928 -1.08112145 4.02186558 0.39639271 -0.90375108 0.00591784 0.16146756
1461244002.14534 -2.70231256 -1.08736546 3.97664771 0.39842604 -0.90251094 0.01284735 0.16298969
1461244002.22548 -2.71326054 -1.09640857 3.91596663 0.39922333 -0.90125155 0.01975544 0.16726055
1461244002.30711 -2.72256880 -1.10758372 3.85731035 0.40022212 -0.89969972 0.02247658 0.17279316
1461244002.36491 -2.72883309 -1.11702562 3.81409755 0.40112177 -0.89810861 0.01955540 0.17922007
1461244002.42530 -2.73407367 -1.12688529 3.76945811 0.39623434 -0.90022016 0.01936330 0.17951901
1461244002.48498 -2.73831936 -1.13551696 3.72511409 0.39262808 -0.90283170 0.01266117 0.17486510
1461244002.54490 -2.74285292 -1.14546421 3.68177015 0.39620771 -0.90115406 0.01606232 0.17516511
1461244002.60707 -2.74975526 -1.15235611 3.63772881 0.39155709 -0.90288456 0.02146241 0.17613029
1461244002.66512 -2.75750688 -1.15520276 3.59215157 0.38904479 -0.90499649 0.02019626 0.17093160
1461244002.72490 -2.76601606 -1.15762273 3.54525066 0.39210211 -0.90401323 0.01818279 0.16936767
1461244002.78492 -2.77413346 -1.16160707 3.49866529 0.39443348 -0.90320892 0.01630531 0.16843398
1461244002.84490 -2.78065642 -1.16808062 3.45086420 0.39562383 -0.90359717 0.01472423 0.16363719
1461244002.90699 -2.78458941 -1.17579781 3.40220998 0.39422925 -0.90632792 0.01000455 0.15183183
1461244002.98511 -2.78839995 -1.18789280 3.33974200 0.39505553 -0.90745611 0.00673707 0.14286057
1461244003.06495 -2.79052988 -1.19910554 3.27980081 0.39627925 -0.90847743 0.00011578 0.13278369
1461244003.14514 -2.79392574 -1.20804047 3.21914373 0.39491561 -0.91021975 0.00140838 0.12465828
1461244003.22539 -2.79894838 -1.21259154 3.15543418 0.39732626 -0.91023113 0.00277212 0.11663383
1461244003.30704 -2.80491135 -1.21607995 3.08844495 0.40513158 -0.90732779 0.00903318 0.11199591
1461244003.40781 -2.81362245 -1.22354959 3.00711170 0.40739958 -0.90564093 0.01279355 0.11694619
1461244003.50697 -2.81967004 -1.23740599 2.92806684 0.40364059 -0.90695183 0.01044570 0.12001473
1461244003.60675 -2.82530310 -1.25363124 2.84874942 0.39775736 -0.90959695 0.00574153 0.11995623
1461244003.72493 -2.83053788 -1.27425464 2.75428711 0.40462856 -0.90733748 0.01050029 0.11359654
1461244003.88520 -2.84740942 -1.29137709 2.63047949 0.40226156 -0.90949480 0.02333868 0.10227493
1461244004.00503 -2.85862725 -1.30664473 2.53941878 0.40819490 -0.90774934 0.02803932 0.09263829
1461244004.10587 -2.86377563 -1.32162699 2.46700610 0.40295878 -0.91162259 0.02121387 0.07822055
1461244004.20498 -2.86673235 -1.33722850 2.39780711 0.40800946 -0.91055662 0.01535637 0.06464595
1461244004.30501 -2.87341381 -1.34829343 2.32955462 0.40650220 -0.91180154 0.01682436 0.05559551
1461244004.40477 -2.88357130 -1.35265429 2.25560290 0.41117974 -0.91032688 0.01729609 0.04401172
1461244004.50707 -2.89622810 -1.35837987 2.17754215 0.41377236 -0.90923631 0.02181778 0.04007173
1461244004.60711 -2.90864488 -1.36979225 2.10096480 0.42172620 -0.90575619 0.02137370 0.03599855
1461244004.70668 -2.92144222 -1.38593415 2.02583172 0.41727922 -0.90785236 0.01724273 0.03721342
1461244004.82494 -2.93561067 -1.40635133 1.93800033 0.41965544 -0.90703038 0.00762103 0.03357272
1461244004.92554 -2.95198510 -1.41999338 1.86450594 0.40987702 -0.91153793 0.01072492 0.03137546
1461244005.02499 -2.97076742 -1.42960683 1.78915487 0.40978118 -0.91180795 0.01096082 0.02378019
1461244005.12476 -2.98771627 -1.44207213 1.71577926 0.41732756 -0.90857425 0.01191852 0.01372934
1461244005.22482 -2.99780344 -1.45568510 1.64642902 0.41801603 -0.90833038 0.00187641 -0.01396449
1461244005.32609 -3.00490478 -1.47103094 1.58144403 0.41599159 -0.90860537 -0.00541204 -0.03685086
1461244005.42469 -3.00972186 -1.48676129 1.52013453 0.42176137 -0.90484121 -0.00293239 -0.05806139
1461244005.52497 -3.01762978 -1.49406598 1.45459784 0.41544962 -0.90587781 0.00307508 -0.08232588
1461244005.62529 -3.02623002 -1.49435753 1.38603659 0.43126694 -0.89672797 0.00471938 -0.09932524
1461244005.74491 -3.03179990 -1.49707968 1.30264900 0.43521362 -0.89315786 0.00990958 -0.11295992
1461244005.84471 -3.02599096 -1.50270250 1.23741061 0.44001665 -0.88708548 0.00557051 -0.13940469
1461244005.96496 -3.01669938 -1.51482040 1.16584506 0.43691318 -0.88377052 0.00248234 -0.16748245
1461244006.08470 -3.01305360 -1.52089586 1.09593128 0.42695377 -0.88398342 -0.00009729 -0.19048303
1461244006.20693 -3.00734000 -1.51913606 1.02689578 0.43458341 -0.87222305 0.00198321 -0.22441097
1461244006.30657 -2.99979750 -1.51877066 0.97050297 0.43540468 -0.86351474 -0.00117320 -0.25448707
1461244006.40730 -2.98938219 -1.52079433 0.92375096 0.42796290 -0.85836412 -0.00556926 -0.28289180
1461244006.50662 -2.97414287 -1.51946102 0.88137603 0.42890446 -0.84684912 -0.01876605 -0.31390345
1461244006.60466 -2.95452361 -1.51443334 0.84237501 0.42395541 -0.83664621 -0.01968918 -0.34626185
1461244006.70467 -2.93691521 -1.50364257 0.80355892 0.42239075 -0.82534997 -0.02279525 -0.37398376
1461244006.82523 -2.91614548 -1.48658354 0.75571165 0.42709076 -0.81544001 -0.02056248 -0.39016439
1461244006.94489 -2.88568850 -1.46815416 0.71358908 0.42908347 -0.80253824 -0.01566132 -0.41421550
1461244007.04461 -2.85675307 -1.45631286 0.68391460 0.43063198 -0.79520772 -0.01609674 -0.42654622
1461244007.14497 -2.82503061 -1.44366486 0.65918474 0.42255923 -0.78727615 -0.02630170 -0.44827244
1461244007.24519 -2.79273940 -1.42873560 0.63786751 0.42048554 -0.77852303 -0.02536400 -0.46524237
1461244007.34474 -2.75971279 -1.41015892 0.62141113 0.42534063 -0.76437097 -0.02632078 -0.48386940
1461244007.44505 -2.72661506 -1.39128743 0.60396899 0.41857618 -0.76186563 -0.02932525 -0.49345190
1461244007.54467 -2.68942194 -1.37258645 0.58739554 0.40632393 -0.76359582 -0.03121413 -0.50084725
1461244007.62489 -2.65828746 -1.35605924 0.57601549 0.40415218 -0.75750968 -0.04454056 -0.51074087
1461244007.74494 -2.61382370 -1.33777352 0.56032363 0.39855355 -0.76336092 -0.04880391 -0.50601715
1461244007.86464 -2.56929932 -1.31489693 0.54935158 0.39282438 -0.76283412 -0.06088868 -0.50996636
1461244007.98475 -2.52581443 -1.28604760 0.53527693 0.39586753 -0.76521397 -0.06937184 -0.50291552
1461244008.12461 -2.47664215 -1.25493232 0.51179946 0.40210908 -0.78031810 -0.06877368 -0.47400646
1461244008.26460 -2.42542618 -1.22964763 0.48531293 0.40820069 -0.79448103 -0.06616242 -0.44474108
1461244008.36517 -2.39373490 -1.21929342 0.46244737 0.40733857 -0.81040126 -0.05706278 -0.41721569
1461244008.44451 -2.36812140 -1.20570447 0.44202836 0.40337442 -0.81763278 -0.05863315 -0.40660530
1461244008.52472 -2.34521390 -1.19098359 0.42028309 0.41559498 -0.81560928 -0.05506366 -0.39878604
1461244008.62509 -2.32007445 -1.17075359 0.38803909 0.42849242 -0.81553354 -0.05442914 -0.38514510
1461244008.68448 -2.30582175 -1.16096468 0.36684935 0.43058614 -0.81983217 -0.05165734 -0.37390148
1461244008.74447 -2.29303736 -1.15246401 0.34408947 0.42844439 -0.82836967 -0.05020360 -0.35737754
1461244008.86460 -2.26488342 -1.13495442 0.30200267 0.42937842 -0.83408192 -0.06334190 -0.34048396
1461244008.98455 -2.24124833 -1.12355949 0.26706489 0.43828200 -0.83908886 -0.06734529 -0.31512439
1461244009.22484 -2.19535693 -1.09945264 0.20752267 0.43426915 -0.84979490 -0.09024129 -0.28480774
1461244009.44458 -2.15026343 -1.07402282 0.14496477 0.44883586 -0.85297341 -0.08584843 -0.25221573
1461244009.64536 -2.10543116 -1.05592648 0.08590315 0.46692820 -0.84994029 -0.08413136 -0.22913200
1461244009.88444 -2.05549772 -1.02766202 0.01573607 0.47528723 -0.84283595 -0.09552481 -0.23367631
1461244010.08477 -2.00769411 -0.99250799 -0.05540664 0.49043799 -0.83030955 -0.10251726 -0.24402223
1461244010.20464 -1.96761221 -0.96910356 -0.10654146 0.49492527 -0.81771216 -0.11385526 -0.27098485
1461244010.32481 -1.92285736 -0.95980717 -0.16328136 0.50376477 -0.80768201 -0.11058362 -0.28573080
1461244010.42513 -1.88168486 -0.95731110 -0.20920202 0.52054564 -0.78920073 -0.11138217 -0.30624900
1461244010.52479 -1.84027938 -0.96022312 -0.25093391 0.52853899 -0.78219607 -0.08912432 -0.31760462
1461244010.66515 -1.78329470 -0.95033404 -0.30659969 0.53565163 -0.76938826 -0.09136913 -0.33581353
1461244010.76448 -1.73893272 -0.92829799 -0.34301057 0.53032879 -0.75662435 -0.09843123 -0.36957038
1461244010.86470 -1.69038144 -0.90051236 -0.37950077 0.52884460 -0.73857755 -0.09660735 -0.40680906
1461244010.98447 -1.62963395 -0.87364248 -0.43221938 0.53139746 -0.72671892 -0.07908593 -0.42806748
1461244011.10476 -1.56632479 -0.85033971 -0.47999118 0.52735361 -0.72050717 -0.06577603 -0.44546728
1461244011.22446 -1.50592400 -0.83081801 -0.52654471 0.50883952 -0.71322993 -0.07836024 -0.47565228
1461244011.34447 -1.45102884 -0.81225896 -0.57414193 0.50744329 -0.69652160 -0.08437000 -0.50024061
1461244011.44430 -1.40672681 -0.79649336 -0.61653662 0.48701059 -0.68888360 -0.08248871 -0.53052397
1461244011.54435 -1.36496677 -0.78362496 -0.66213978 0.47968000 -0.67309612 -0.06507202 -0.55911926
1461244011.64434 -1.32632824 -0.77797107 -0.70857094 0.46689407 -0.65474869 -0.04808700 -0.59245399
1461244011.74429 -1.29128642 -0.78194575 -0.75583340 0.45097025 -0.63936033 -0.03532847 -0.62176853
1461244011.84474 -1.25475249 -0.79632532 -0.80237360 0.43921124 -0.62024537 -0.01529875 -0.64973465
1461244011.96431 -1.21914351 -0.81377607 -0.86478768 0.41598434 -0.61024227 0.00044577 -0.67421154
1461244012.08441 -1.18849980 -0.82513738 -0.93541813 0.39192822 -0.60809451 0.01427792 -0.69022422
1461244012.22428 -1.16433483 -0.82561491 -1.02555123 0.38049411 -0.59351877 0.02991088 -0.70856548
1461244012.34508 -1.15106834 -0.81715317 -1.10813001 0.38441638 -0.57414719 0.03975549 -0.72180230
1461244012.46429 -1.13805000 -0.81916820 -1.20027281 0.39237855 -0.55926765 0.03492992 -0.72940981
1461244012.58471 -1.12962644 -0.82442485 -1.29922788 0.39989160 -0.57024492 0.02577495 -0.71710744
1461244012.70672 -1.12615192 -0.82889269 -1.40041636 0.40790027 -0.57433795 0.01237853 -0.70964784
1461244012.82445 -1.13198078 -0.82579481 -1.50138859 0.41454245 -0.56880572 0.00781034 -0.71031937
1461244012.94422 -1.14283822 -0.82438690 -1.60634296 0.42536437 -0.57066166 0.01298330 -0.70231179
1461244013.06459 -1.15457260 -0.82599322 -1.70308402 0.42158269 -0.56999997 -0.01177973 -0.70514488
1461244013.18464 -1.15670020 -0.82720852 -1.79265586 0.44210384 -0.56195868 -0.02772980 -0.69855401
1461244013.30651 -1.15497646 -0.82723725 -1.87139398 0.42488651 -0.55655962 -0.04966133 -0.71221247
1461244013.42518 -1.15477628 -0.80970451 -1.95341710 0.43904025 -0.54277167 -0.05072612 -0.71419145
1461244013.54498 -1.14829930 -0.78523400 -2.03494169 0.45317936 -0.52286982 -0.04221552 -0.72073120
1461244013.68469 -1.12565318 -0.76231814 -2.11834646 0.45702290 -0.51377316 -0.02759398 -0.72553827
1461244013.82427 -1.09078599 -0.76143464 -2.18185684 0.45651915 -0.50016213 -0.02501013 -0.73539282
1461244013.96498 -1.04669021 -0.77191735 -2.22923969 0.42998824 -0.50086767 -0.01694638 -0.75096905
1461244014.08422 -1.01181127 -0.76435219 -2.25697306 0.41226647 -0.47242824 -0.00607186 -0.77898078
1461244014.22422 -0.97778064 -0.75039897 -2.28216895 0.38685510 -0.44123938 0.00594304 -0.80970094
1461244014.36421 -0.94903640 -0.73234031 -2.29093763 0.37117191 -0.39566378 0.00083138 -0.84004815
1461244014.52445 -0.91214853 -0.72163678 -2.28088565 0.34129316 -0.35560784 -0.00076955 -0.87009278
1461244014.66418 -0.87301296 -0.70036632 -2.25676771 0.32082875 -0.32693028 0.00190951 -0.88892174
1461244014.80631 -0.82604353 -0.66476037 -2.21073612 0.28451818 -0.31366533 -0.00785936 -0.90587068
1461244014.94426 -0.77093244 -0.62441388 -2.15426774 0.27664335 -0.30469214 -0.00486702 -0.91137669
1461244015.06455 -0.72312549 -0.60057725 -2.09858088 0.25891054 -0.29603339 0.00210546 -0.91941565
1461244015.18408 -0.67807319 -0.58093148 -2.04121350 0.23580134 -0.29637983 -0.00710134 -0.92547625
1461244015.28494 -0.65010609 -0.55801435 -1.98734113 0.23952767 -0.27401799 -0.00655770 -0.93139553
1461244015.38416 -0.62485262 -0.53491044 -1.92926843 0.22962079 -0.25169634 -0.00716709 -0.94014460
1461244015.48411 -0.59940979 -0.51141686 -1.86547956 0.20768323 -0.23687344 -0.01964944 -0.94887963
1461244015.60647 -0.56402072 -0.49032282 -1.79101191 0.18265808 -0.22072668 -0.01653319 -0.95793654
1461244015.70660 -0.54368744 -0.48439816 -1.72674914 0.16074820 -0.18233929 -0.01518307 -0.96988756
1461244015.84407 -0.51513077 -0.47413472 -1.63857236 0.14609056 -0.14792726 -0.01843790 -0.97797501
1461244015.96478 -0.49794266 -0.45864289 -1.55810662 0.12521304 -0.12202874 -0.03040085 -0.98412726
1461244016.08432 -0.48402890 -0.43924526 -1.47313986 0.10740711 -0.10503232 -0.01928502 -0.98846346
1461244016.18408 -0.47317718 -0.42430230 -1.39867188 0.08557494 -0.09058649 -0.01625082 -0.99207204
1461244016.30605 -0.45400947 -0.41484508 -1.31309169 0.05907976 -0.09040765 -0.01486519 -0.99403977
1461244016.56395 -0.40935452 -0.38308070 -1.13581985 0.05717291 -0.06404689 -0.03030734 -0.99584673
1461244016.68404 -0.39455710 -0.35395460 -1.05142257 0.05899183 -0.04758655 -0.03145952 -0.99662720
1461244016.80639 -0.37673619 -0.32658195 -0.96173713 0.05017240 -0.03123599 -0.03648253 -0.99758512
1461244016.92470 -0.35043921 -0.30815625 -0.87013877 0.03909749 -0.02229524 -0.03485236 -0.99837850
1461244017.20613 -0.28853512 -0.26892945 -0.67318758 0.03637055 0.00161211 -0.04412252 -0.99836255
1461244017.34399 -0.26302581 -0.23262036 -0.57284890 0.03360198 0.00272576 -0.04691803 -0.99832969
1461244017.46405 -0.24075750 -0.19384673 -0.48185516 0.02889170 -0.00271746 -0.03789930 -0.99886011
1461244017.58395 -0.21677435 -0.16427757 -0.38959698 0.01877751 -0.00692571 -0.03663988 -0.99912810
1461244017.66401 -0.20440049 -0.14842961 -0.32951363 0.02786057 0.01648652 -0.02524692 -0.99915693
1461244017.88467 -0.16850070 -0.10826786 -0.18808137 0.04234106 0.05284061 -0.03550018 -0.99707314
1461244017.98400 -0.15391171 -0.08244799 -0.13502434 0.04414942 0.07502422 -0.04718304 -0.99508590
1461244018.10609 -0.13251147 -0.04798966 -0.07861679 0.03784940 0.09769971 -0.04997092 -0.99323970
1461244018.20478 -0.11151118 -0.01660230 -0.03557368 0.03164270 0.11972475 -0.05396748 -0.99083411
1461244018.42398 -0.05820022 0.04768881 0.04853094 0.04393963 0.16147021 -0.04794827 -0.98473227
1461244018.56418 -0.02422673 0.07548276 0.09361203 0.04787503 0.16495686 -0.05703270 -0.98348589
1461244018.70403 0.00074415 0.10495679 0.13204553 0.05869800 0.15223073 -0.06707342 -0.98431779
