1461245212.23861 0.00000606 0.00001328 -0.00000073 0.00000190 0.00000186 -0.00000371 1.00000000
1461245213.27926 -0.00874888 -0.02260171 0.00194350 -0.00434674 0.02282484 -0.01429457 0.99962783
1461245213.51792 -0.01572597 -0.03977638 0.01829040 -0.03272141 0.05393109 -0.02086679 0.99779022
1461245213.76072 -0.03593432 -0.05639261 0.05045508 -0.05992676 0.05264124 -0.03194536 0.99630175
1461245213.99775 -0.06813592 -0.06781395 0.09136404 -0.07944553 0.04035470 -0.04143763 0.99515970
1461245214.23766 -0.10433873 -0.08433021 0.13180162 -0.07640773 0.05399252 -0.05350998 0.99417471
1461245214.43755 -0.14213332 -0.09408086 0.16957333 -0.08258654 0.07962995 -0.05081369 0.99209702
1461245214.59744 -0.18218353 -0.10600534 0.20037738 -0.06914992 0.08272226 -0.03970633 0.99337743
1461245214.75731 -0.22598542 -0.11737534 0.23129107 -0.05467307 0.07250592 -0.02715401 0.99549807
1461245214.91804 -0.27591988 -0.12667024 0.26241647 -0.05278430 0.05138853 -0.03317855 0.99673077
1461245215.07723 -0.32788993 -0.13377532 0.29950917 -0.05078219 0.03208073 -0.04623289 0.99712312
1461245215.23711 -0.37847501 -0.14001762 0.34191548 -0.04136984 0.03878335 -0.05203060 0.99703420
1461245215.39780 -0.42936879 -0.14512258 0.38498062 -0.03685113 0.06882245 -0.03394295 0.99637008
1461245215.55705 -0.48812630 -0.15103742 0.42191037 -0.03006580 0.07542501 -0.02078303 0.99648140
1461245215.75696 -0.56848343 -0.15495113 0.45504809 -0.03787930 0.07981314 -0.02731817 0.99571519
1461245215.91942 -0.64322428 -0.15980273 0.47374113 -0.02697834 0.06430697 -0.04153524 0.99670036
1461245216.07685 -0.72258365 -0.16227507 0.48699580 -0.02445867 0.05883332 -0.03284070 0.99742764
1461245216.23899 -0.79380454 -0.16191788 0.49644234 -0.03295298 0.08225621 0.00693786 0.99604211
1461245216.39659 -0.86741030 -0.16168521 0.50130840 -0.03351138 0.08260207 0.01250779 0.99594048
1461245216.51884 -0.92712261 -0.15942246 0.50322497 -0.02333475 0.06390452 0.00362088 0.99767660
1461245216.63657 -0.99047587 -0.15743085 0.50519418 -0.01429841 0.05206401 -0.01249252 0.99846323
1461245216.75652 -1.06047388 -0.15665687 0.50831243 -0.01114960 0.03705505 -0.02578695 0.99891824
1461245216.87689 -1.13465604 -0.16073229 0.51056709 0.00104435 0.02454122 -0.01049901 0.99964314
1461245216.99646 -1.20871009 -0.16694821 0.51529280 0.00653305 0.00496138 0.00507231 0.99995349
1461245217.12359 -1.27469735 -0.18142769 0.51763421 0.02781325 -0.01381805 0.03122282 0.99902984
1461245217.23636 -1.33500815 -0.20014031 0.52267344 0.03548616 -0.02959046 0.01844551 0.99876168
1461245217.39626 -1.41392249 -0.22193856 0.53562857 0.04133069 -0.05153257 0.01683964 0.99767359
1461245217.55607 -1.49307537 -0.24153756 0.55453706 0.05772594 -0.06689969 0.02119901 0.99586282
1461245217.71631 -1.57663608 -0.26577088 0.57507326 0.06738751 -0.07950346 0.00533799 0.99453991
1461245217.87605 -1.65613120 -0.29166248 0.59112717 0.07618580 -0.09497678 0.02536258 0.99223580
1461245218.03581 -1.73514946 -0.31357224 0.59867528 0.08260659 -0.11107865 0.02810619 0.98997360
1461245218.19586 -1.81658696 -0.32197697 0.60148525 0.08601460 -0.12245277 0.04292425 0.98780783
1461245218.35569 -1.89666689 -0.32342376 0.59819596 0.09883656 -0.11974806 0.05799908 0.98616826
1461245218.51563 -1.97170686 -0.31866094 0.58951098 0.10246173 -0.12637902 0.08622428 0.98290148
1461245218.63550 -2.02080140 -0.30319785 0.58179863 0.07949452 -0.11179336 0.08201948 0.98714521
1461245218.75547 -2.06939187 -0.28276650 0.57009040 0.06212849 -0.12419348 0.07666086 0.98733943
1461245218.91586 -2.12260713 -0.25368378 0.54508446 0.04598561 -0.12146004 0.06183828 0.98960033
1461245219.11539 -2.17421057 -0.22120108 0.50366693 0.03112374 -0.12341326 0.07830068 0.98877170
1461245219.31520 -2.21026654 -0.19779704 0.45871351 0.01261226 -0.11369553 0.10278155 0.98810435
1461245219.59509 -2.23237284 -0.16885958 0.41048875 -0.00205235 -0.10745800 0.10591694 0.98854953
1461245219.83514 -2.22043887 -0.14326404 0.38637000 -0.00552337 -0.06750999 0.09672518 0.99300359
1461245220.07499 -2.18381400 -0.11930424 0.37510904 -0.02324079 -0.03213083 0.11374189 0.99271862
1461245220.19499 -2.14596337 -0.10950621 0.37126613 -0.03277483 0.00937333 0.12530997 0.99153183
1461245220.35528 -2.08403262 -0.10373313 0.37214844 -0.02414749 0.02554159 0.11498288 0.99274542
1461245220.47529 -2.02525437 -0.10265124 0.37607137 -0.01176119 0.03452436 0.10566435 0.99373275
1461245220.63468 -1.94172893 -0.10265499 0.38399035 -0.01008352 0.04733188 0.09506979 0.99429359
1461245220.75459 -1.88178196 -0.10376734 0.39726698 -0.01502669 0.06935704 0.08907734 0.99349334
1461245220.87453 -1.82403346 -0.10353439 0.41943407 -0.02768581 0.09478118 0.08442728 0.99152512
1461245221.03449 -1.74796746 -0.10184743 0.45834887 -0.02506402 0.11391250 0.07899978 0.99002766
1461245221.15435 -1.69055405 -0.10134593 0.49481921 -0.02165643 0.13270296 0.06940587 0.98848558
1461245221.27470 -1.63509495 -0.10612196 0.53266561 -0.01286392 0.15338693 0.05438391 0.98658470
1461245221.43432 -1.56752807 -0.11475980 0.58803496 -0.01894941 0.17651847 0.05317361 0.98267732
1461245221.63412 -1.49321344 -0.12179802 0.66648785 -0.02202361 0.17428293 0.07282305 0.98175212
1461245221.79390 -1.42920713 -0.12215331 0.73570563 -0.02253008 0.19282649 0.06571629 0.97877051
1461245221.91413 -1.38004955 -0.13000095 0.78885819 -0.00843840 0.19909279 0.06847919 0.97754870
1461245222.03410 -1.33391591 -0.14107574 0.84077704 -0.01570121 0.21154887 0.06175266 0.97528824
1461245222.15432 -1.29092435 -0.15337633 0.89395434 -0.02036703 0.22484751 0.05685421 0.97252063
1461245222.31393 -1.23259469 -0.15950703 0.96821207 -0.02147412 0.24044589 0.06831639 0.96801731
1461245222.43386 -1.18971018 -0.15823294 1.02385191 -0.01189023 0.25238857 0.07400887 0.96471826
1461245222.55380 -1.14737007 -0.15876117 1.07867079 -0.00299079 0.27531324 0.06931846 0.95884755
1461245222.67372 -1.10728433 -0.16087711 1.13234473 -0.00453172 0.29098391 0.06424604 0.95455763
1461245222.79360 -1.06710809 -0.16130480 1.18406703 -0.00688030 0.29906699 0.08605799 0.95031870
1461245222.95389 -1.01201897 -0.15923046 1.25282271 -0.01890740 0.31176830 0.08626648 0.94604499
1461245223.07345 -0.96669915 -0.15842466 1.30431617 -0.01455357 0.31276893 0.08486904 0.94591809
1461245223.19398 -0.91943304 -0.16243952 1.35315240 -0.00735355 0.31452701 0.07444192 0.94629651
1461245223.31611 -0.87762223 -0.16918615 1.40081462 -0.01370699 0.31184206 0.06751206 0.94763325
1461245223.43342 -0.83584892 -0.17547796 1.44760429 -0.01724442 0.31082798 0.06900698 0.94780095
1461245223.55323 -0.79537704 -0.17714564 1.49491182 -0.02473079 0.31382430 0.06837186 0.94669318
1461245223.63376 -0.76959718 -0.17679767 1.52855992 -0.02131169 0.30841154 0.07394535 0.94813513
1461245223.71844 -0.74320423 -0.17559292 1.56469983 -0.01372397 0.30500265 0.07637141 0.94918515
1461245223.79466 -0.71653393 -0.17581895 1.60020394 -0.01195729 0.31477925 0.06718893 0.94670835
1461245223.87309 -0.69275010 -0.17944078 1.63508708 -0.00696234 0.32739748 0.05901631 0.94301617
1461245223.95309 -0.67086401 -0.18432137 1.67127794 -0.00826874 0.32714337 0.05761647 0.94318036
1461245224.03307 -0.64939370 -0.19143637 1.70567380 -0.00281049 0.33132191 0.06325274 0.94139098
1461245224.11538 -0.62934286 -0.19844730 1.73899432 -0.00439254 0.32647369 0.06083996 0.94323599
1461245224.19355 -0.60824147 -0.20395074 1.77032494 -0.00480007 0.32727716 0.06033577 0.94298792
1461245224.27375 -0.58783368 -0.20675286 1.80135288 -0.00503918 0.32329029 0.05841900 0.94448145
1461245224.35324 -0.56824594 -0.20798020 1.83137018 -0.00620779 0.32016037 0.05435290 0.94578251
1461245224.43287 -0.55022248 -0.20852451 1.85964607 -0.00577494 0.31368454 0.05039568 0.94817136
1461245224.51488 -0.53246592 -0.21148954 1.88636221 -0.00043431 0.31159880 0.04177380 0.94929498
1461245224.63277 -0.51249620 -0.21492440 1.92671565 0.00557369 0.29698246 0.04955504 0.95357991
1461245224.75279 -0.49381402 -0.22049647 1.95976436 0.00550347 0.30441240 0.04233991 0.95158296
1461245224.91475 -0.46980559 -0.22634837 1.99628217 0.00460825 0.30685724 0.04425559 0.95071491
1461245225.07264 -0.44698988 -0.22746436 2.03410019 0.00345475 0.30470883 0.04855506 0.95120082
1461245225.19259 -0.42622348 -0.22555122 2.06569635 0.00030676 0.30616503 0.04635457 0.95084917
1461245225.31509 -0.40367309 -0.22465435 2.09936446 -0.00215993 0.31524179 0.03790790 0.94825152
1461245225.43239 -0.38071252 -0.22789306 2.13257732 0.01390614 0.33272792 0.04179926 0.94199340
1461245225.63232 -0.34915844 -0.23830784 2.18399449 0.03338678 0.34495185 0.04662147 0.93686711
1461245225.91403 -0.31219064 -0.24268542 2.24550424 0.02928343 0.35534892 0.03957984 0.93343616
1461245226.07212 -0.28670054 -0.24161658 2.27441297 0.03079248 0.37609339 0.03670065 0.92534245
1461245226.27214 -0.25666108 -0.25128111 2.31198627 0.03514600 0.39319181 0.03280344 0.91819872
1461245226.55190 -0.22851841 -0.26100243 2.37068471 0.03818116 0.40214029 0.04522779 0.91366287
1461245226.71454 -0.20822994 -0.25689635 2.40984406 0.03271538 0.42224210 0.05254312 0.90436748
1461245226.83168 -0.18740381 -0.25427004 2.44389681 0.03017201 0.44611218 0.05758551 0.89261273
1461245226.99201 -0.16150600 -0.25412613 2.49030695 0.02440211 0.48802282 0.06504253 0.87006191
1461245227.15157 -0.13055780 -0.25356119 2.53073642 0.02554164 0.51777507 0.08241779 0.85115446
1461245227.39248 -0.07544967 -0.24404249 2.58494541 0.00994186 0.55081622 0.08364977 0.83036460
1461245227.59210 -0.01821441 -0.24263619 2.62968884 0.01541751 0.57311896 0.08359291 0.81505164
1461245227.79430 0.04747879 -0.25597339 2.68028839 0.00034445 0.58194229 0.08305719 0.80897747
1461245227.95134 0.10488778 -0.26545691 2.70974682 0.00783452 0.58981000 0.09275128 0.80215957
1461245228.07124 0.15342010 -0.26626047 2.72823610 0.00924100 0.60003643 0.09450677 0.79431691
1461245228.19122 0.20449263 -0.26708510 2.74330502 0.01794629 0.61239617 0.08623824 0.78562830
1461245228.31337 0.25830498 -0.27024120 2.75436640 0.02777752 0.63174880 0.07724185 0.77081487
1461245228.43100 0.31452188 -0.27319831 2.76392430 0.02796380 0.64739507 0.08020639 0.75740648
1461245228.55145 0.37109419 -0.27603268 2.77424955 0.02208116 0.65373952 0.08361244 0.75176194
1461245228.67093 0.42721588 -0.27608887 2.78320080 0.01849357 0.65847494 0.07561041 0.74856651
1461245228.79085 0.48278461 -0.26960215 2.78855607 0.01799594 0.66401971 0.07394726 0.74383182
1461245228.95082 0.56184714 -0.26323757 2.79006832 0.02055627 0.67050593 0.07419857 0.73789824
1461245229.15068 0.66190075 -0.26503646 2.79009217 0.00958771 0.67088913 0.08281682 0.73685631
1461245229.31278 0.73831592 -0.26632845 2.78997334 0.01474766 0.67235017 0.09055935 0.73452485
1461245229.43058 0.79824825 -0.25973650 2.79063105 0.01377577 0.67502390 0.09054838 0.73208876
1461245229.55060 0.86247182 -0.25444918 2.79004311 0.01051055 0.68260167 0.08169215 0.72613420
1461245229.67041 0.92664404 -0.25223627 2.78901712 0.00714497 0.68969575 0.08375442 0.71920367
1461245229.79047 0.98916639 -0.25370927 2.79132415 0.00519981 0.69172990 0.09672943 0.71562988
1461245229.91233 1.04760160 -0.25512687 2.79539738 0.00554632 0.69116265 0.09722284 0.71610833
1461245230.03025 1.10649744 -0.25010833 2.80106846 0.00710395 0.68670328 0.09929807 0.72008891
1461245230.15104 1.16811540 -0.24438085 2.80448953 0.00570533 0.68619716 0.10089818 0.72036134
1461245230.27004 1.23316220 -0.24699894 2.80684649 0.01665074 0.68223831 0.10033848 0.72402060
1461245230.39017 1.29874575 -0.25375405 2.80943635 0.00020104 0.67954685 0.09656933 0.72724852
1461245230.51216 1.36464071 -0.25654759 2.81411374 -0.01146252 0.67566336 0.09855237 0.73050330
1461245230.62987 1.42958272 -0.25362560 2.82055299 -0.01528085 0.67652564 0.09698974 0.72984419
1461245230.75005 1.49362481 -0.24927049 2.82701639 -0.00898304 0.67912836 0.09133139 0.72825995
1461245230.86986 1.56053000 -0.24682831 2.83327893 -0.00947055 0.68725309 0.08901788 0.72088093
1461245230.94986 1.60589481 -0.24485771 2.83654833 -0.02707437 0.69109093 0.09738006 0.71566573
1461245231.02981 1.65214952 -0.24507690 2.83872278 -0.02916243 0.69708149 0.10790025 0.70822630
1461245231.14980 1.71843127 -0.24748224 2.84165687 -0.02903386 0.69771457 0.10981215 0.70731372
1461245231.27096 1.78383056 -0.24535066 2.84214017 -0.02929134 0.70251564 0.10605405 0.70311189
1461245231.38985 1.84980296 -0.24358516 2.84285679 -0.01652472 0.70181659 0.10035575 0.70505967
1461245231.51186 1.91433559 -0.24590539 2.84329826 -0.00992428 0.69807827 0.09758182 0.70927148
1461245231.62961 1.97407555 -0.25556762 2.84572065 -0.00158848 0.68424607 0.09697906 0.72277234
1461245231.74953 2.03304866 -0.26595233 2.84857189 -0.00494207 0.66869528 0.09309573 0.73766888
1461245231.86938 2.08989082 -0.27074459 2.85280166 0.00349446 0.65460097 0.09453593 0.75003221
1461245231.98937 2.14833085 -0.26677035 2.85896354 0.00375921 0.63516939 0.09557379 0.76642766
1461245232.11134 2.20729835 -0.26412747 2.86065196 0.00596990 0.63243326 0.08915337 0.76944409
1461245232.27202 2.28373044 -0.26598730 2.85862974 -0.00550913 0.62971868 0.09228576 0.77130239
1461245232.42919 2.35799514 -0.26644529 2.85030614 -0.01172164 0.63300672 0.09002098 0.76880512
1461245232.58912 2.43163522 -0.25970484 2.84053005 -0.02160185 0.63318775 0.08877808 0.76858642
1461245232.74902 2.50057661 -0.25829697 2.83185271 -0.02431643 0.62175914 0.08703710 0.77797740
1461245232.91133 2.56378993 -0.25955669 2.82891476 -0.03118189 0.60092790 0.09248455 0.79332210
1461245233.06905 2.62203112 -0.25956449 2.82987925 -0.03127136 0.59959650 0.10803904 0.79235958
1461245233.22884 2.68089505 -0.25632547 2.84028850 -0.03336243 0.59881236 0.10244194 0.79360970
1461245233.34875 2.73232995 -0.25116327 2.85297045 -0.03207829 0.60281680 0.10493588 0.79029827
1461245233.46867 2.77914653 -0.25059648 2.86773668 -0.02831640 0.61542461 0.10119441 0.78115967
1461245233.58867 2.82952797 -0.25007143 2.88410033 -0.03856434 0.62515207 0.11191555 0.77147430
1461245233.71206 2.87955326 -0.25156225 2.89905496 -0.03721692 0.63762551 0.12472951 0.75927015
1461245233.86852 2.94792811 -0.25439182 2.91939425 -0.02459854 0.64991905 0.12803704 0.74873671
1461245234.02849 3.01701918 -0.24948491 2.93783799 -0.02900446 0.66257578 0.12679327 0.73761476
1461245234.18842 3.09307583 -0.24834396 2.95429015 -0.01430829 0.66304988 0.13393563 0.73635683
1461245234.34829 3.17033524 -0.25243147 2.97152588 -0.02694278 0.66364525 0.13903047 0.73451998
1461245234.46815 3.22420139 -0.25542312 2.98061970 -0.02607798 0.66789938 0.15024980 0.72846095
1461245234.58816 3.28195348 -0.25398747 2.98976404 -0.01546235 0.67584818 0.15746351 0.71985789
1461245234.71018 3.34300250 -0.24946585 2.99751935 -0.01409449 0.68961944 0.15255029 0.70778160
1461245234.82828 3.40566159 -0.24699327 3.00179835 -0.00664531 0.70883321 0.15028017 0.68914962
1461245234.94808 3.46636146 -0.24679444 3.00517104 -0.00646850 0.71877058 0.15513000 0.67768850
1461245235.06804 3.52866813 -0.24647674 3.00574109 -0.01140496 0.72958281 0.16685344 0.66312802
1461245235.18786 3.59377381 -0.24382127 3.00561257 -0.01457741 0.73886370 0.16710564 0.65264358
1461245235.31285 3.65919118 -0.23569791 3.00396270 -0.00840146 0.74382467 0.17021094 0.64628362
1461245235.38776 3.70579479 -0.23267811 3.00436628 -0.00605611 0.74212200 0.16445843 0.64974740
1461245235.51033 3.77485786 -0.23447010 3.00453100 -0.00939092 0.73608902 0.15549745 0.65871489
1461245235.66776 3.86182389 -0.24182321 3.00346007 -0.01916920 0.72785349 0.15537565 0.66762283
1461245235.82850 3.94620328 -0.24196551 3.00079483 -0.02305379 0.71930081 0.15677183 0.67638559
1461245235.94760 4.01421157 -0.23526270 2.99910390 -0.02350839 0.71888708 0.14879892 0.67860711
1461245236.06747 4.08444957 -0.23038346 2.99757054 -0.02499542 0.71661670 0.14685265 0.68137363
1461245236.22753 4.17455333 -0.23344080 2.99426626 -0.03102558 0.71692013 0.15322743 0.67939995
1461245236.38731 4.26295595 -0.23526456 2.98953387 -0.04264149 0.71614563 0.15240774 0.67977130
1461245236.58727 4.37393603 -0.22760851 2.98201208 -0.04633886 0.71270971 0.14819796 0.68405770
1461245236.74716 4.46250645 -0.22789733 2.98119668 -0.05144523 0.69599161 0.14694699 0.70096766
1461245236.91001 4.54725661 -0.23402526 2.97959800 -0.06389212 0.67967637 0.16090757 0.71278789
1461245237.02708 4.61328821 -0.23197992 2.98307412 -0.08803443 0.66340769 0.16288772 0.72498811
1461245237.14686 4.68085249 -0.22293130 2.98672761 -0.08629242 0.65259449 0.17758807 0.73153026
1461245237.26688 4.75038243 -0.21354844 2.98770898 -0.10021616 0.64837402 0.18027185 0.73285053
1461245237.38926 4.81635411 -0.20677731 2.98845613 -0.12555941 0.64681601 0.18462103 0.72923176
1461245237.50928 4.88070066 -0.20497592 2.98571190 -0.13519326 0.65196937 0.20119424 0.71845640
1461245237.62672 4.94542568 -0.20605950 2.98176982 -0.12600475 0.65645290 0.20827231 0.71401333
1461245237.74787 5.01215340 -0.20068213 2.97795197 -0.12572156 0.65977629 0.21461001 0.70910639
1461245237.82661 5.05782699 -0.19664622 2.97470839 -0.13071357 0.66493869 0.21204694 0.70413535
1461245237.90921 5.10317456 -0.19766880 2.97265692 -0.12036782 0.66653084 0.20591770 0.70629040
1461245237.98660 5.14795091 -0.20060250 2.97266537 -0.11097268 0.66145863 0.20733219 0.71215932
1461245238.10909 5.21095677 -0.20817219 2.97262309 -0.11576831 0.65661933 0.20396684 0.71683072
1461245238.22673 5.27279310 -0.21404578 2.97507571 -0.12080043 0.65252573 0.20377958 0.71978560
1461245238.34642 5.33935456 -0.21287981 2.97876574 -0.11218083 0.64899093 0.20096897 0.72514668
1461245238.46630 5.40783348 -0.20897355 2.98136913 -0.11373541 0.65186548 0.19115880 0.72497860
1461245238.58629 5.47521924 -0.20795166 2.98171094 -0.11479857 0.65616811 0.18861124 0.72158887
1461245238.70858 5.54072745 -0.21142420 2.98395234 -0.11938813 0.65350768 0.19095056 0.72264242
1461245238.86625 5.62548839 -0.21406375 2.98293122 -0.13115798 0.65190601 0.19160428 0.72187529
1461245239.06614 5.73630621 -0.20805356 2.98012714 -0.12887115 0.64593391 0.18320833 0.72979197
1461245239.26596 5.84128309 -0.20951041 2.97383995 -0.12598668 0.62612184 0.18231238 0.74757006
1461245239.46591 5.94042282 -0.21428786 2.96965063 -0.13304864 0.60773317 0.18633979 0.76041826
1461245239.62587 6.02119685 -0.20757229 2.97237237 -0.12956132 0.59116954 0.17830620 0.77584750
1461245239.78561 6.10674371 -0.19806813 2.97411190 -0.13538104 0.58416034 0.16781347 0.78247512
1461245239.94640 6.18821834 -0.19920891 2.97851049 -0.13704196 0.57187204 0.17271777 0.79015849
1461245240.11207 6.26428064 -0.20227134 2.98566758 -0.15022505 0.55424472 0.16924498 0.80100023
1461245240.26732 6.34111528 -0.19716181 2.99578393 -0.14842984 0.53419236 0.16673830 0.81535602
1461245240.38717 6.40077216 -0.19871284 3.00296458 -0.14167312 0.51531794 0.15675755 0.83054393
1461245240.50715 6.45626962 -0.20293529 3.01211328 -0.14321354 0.48390456 0.15131109 0.84995954
1461245240.62750 6.50446964 -0.20700352 3.02120051 -0.15798344 0.45581742 0.14619373 0.86365450
1461245240.74704 6.54984323 -0.20679989 3.03580546 -0.16636546 0.42827031 0.14272660 0.87666196
1461245240.86589 6.59621849 -0.19998282 3.05413038 -0.17595529 0.39906645 0.12923994 0.89055193
1461245240.98517 6.64496951 -0.19309731 3.07168878 -0.17695803 0.37920417 0.12236454 0.89995387
1461245241.11025 6.68957950 -0.19128514 3.09257374 -0.17544407 0.35105466 0.12246089 0.91158287
1461245241.22513 6.72970357 -0.19519857 3.11427294 -0.18371885 0.31909799 0.11662051 0.92240095
1461245241.34501 6.76442995 -0.19986001 3.13377975 -0.19032918 0.28375384 0.11060819 0.93328687
1461245241.46491 6.79789049 -0.19995284 3.15264639 -0.19080510 0.24969322 0.10765096 0.94321683
1461245241.58488 6.83122891 -0.19880634 3.17134549 -0.19011037 0.20889746 0.09913594 0.95414462
1461245241.70706 6.86701097 -0.19982359 3.18617788 -0.19282317 0.16974875 0.09222994 0.96202819
1461245241.82616 6.89819558 -0.20802027 3.19861634 -0.19117153 0.11713979 0.07904272 0.97133103
1461245241.94483 6.92994028 -0.21678737 3.21088183 -0.19714098 0.07845684 0.06405900 0.97512892
1461245242.06474 6.95776684 -0.22291400 3.22500652 -0.19102912 0.04653419 0.06017788 0.97863224
1461245242.18440 6.98129275 -0.22142807 3.24222904 -0.19073180 0.00691234 0.04265564 0.98069062
1461245242.30690 7.00563125 -0.21667693 3.26217438 -0.19067764 -0.02348290 0.02949197 0.98092855
1461245242.42456 7.02440392 -0.21568972 3.28142761 -0.19176264 -0.06321800 0.01626737 0.97926807
1461245242.54440 7.03887254 -0.22219994 3.29916247 -0.18601993 -0.09438060 0.00287374 0.97799828
1461245242.70688 7.05105251 -0.23789948 3.31247508 -0.17772709 -0.13312341 -0.00591394 0.97501603
1461245242.86433 7.05963324 -0.25765164 3.32221630 -0.15538452 -0.15338450 0.00627256 0.97585322
1461245243.06419 7.06936460 -0.28625565 3.32433758 -0.13788129 -0.14814463 -0.00118583 0.97930614
1461245243.18424 7.07802771 -0.32059667 3.31698324 -0.09679008 -0.14226487 -0.00222245 0.98508246
1461245243.26410 7.08221328 -0.34609419 3.30889592 -0.07412725 -0.13818776 -0.00522488 0.98761429
1461245243.34401 7.08423609 -0.37055684 3.29972090 -0.04840589 -0.14322985 -0.00681930 0.98848145
1461245243.46399 7.08813644 -0.40065039 3.28298955 -0.02788330 -0.15708977 -0.00489412 0.98717849
1461245243.58507 7.09799984 -0.42485158 3.26297094 -0.01701494 -0.16412823 -0.00596571 0.98627421
1461245243.66679 7.10399817 -0.44061695 3.24731980 0.00050067 -0.18296243 0.00167700 0.98311835
1461245243.74392 7.11052423 -0.45311377 3.22965516 0.01241147 -0.20421413 0.00779309 0.97881654
1461245243.82388 7.12059237 -0.46333007 3.21101229 0.02356339 -0.21148933 0.00586526 0.97707862
1461245243.94373 7.13405177 -0.47203260 3.18279364 0.03812376 -0.22143514 0.01086762 0.97436900
1461245244.06378 7.14796057 -0.47042426 3.15311037 0.04154142 -0.24697810 0.01542593 0.96800732
1461245244.18367 7.16546875 -0.45900743 3.12605695 0.03134359 -0.26456164 0.01693025 0.96371058
1461245244.30589 7.18896090 -0.44327938 3.09798671 0.02485463 -0.27272884 0.02032605 0.96155503
1461245244.42349 7.21339037 -0.42387592 3.06996737 0.01521745 -0.28709007 0.01330018 0.95769036
1461245244.54352 7.23741250 -0.40086522 3.04314127 -0.00642232 -0.30680527 0.00525131 0.95173615
1461245244.66352 7.26374538 -0.37646410 3.01871820 -0.03208821 -0.33490340 -0.00619346 0.94168556
1461245244.82343 7.30685923 -0.34953700 2.99369417 -0.05591489 -0.35031110 -0.01210832 0.93488451
1461245244.98336 7.36102108 -0.32899558 2.97194963 -0.06695784 -0.37911602 -0.02775244 0.92250609
1461245245.14324 7.42471652 -0.31574594 2.95726263 -0.07148902 -0.40322169 -0.03530935 0.91162209
1461245245.26314 7.47478542 -0.30506501 2.95018148 -0.08440622 -0.42078590 -0.04700244 0.90200088
1461245245.42316 7.53556298 -0.29658199 2.94069191 -0.09272442 -0.43845271 -0.06702828 0.89144187
1461245245.62304 7.60195320 -0.28513089 2.93135158 -0.10450268 -0.46775217 -0.07215879 0.87468863
1461245245.86291 7.68217182 -0.27905715 2.92545831 -0.09605298 -0.49269751 -0.07490665 0.86163332
1461245246.06282 7.75396034 -0.28033098 2.91968517 -0.09088358 -0.51921527 -0.07975313 0.84604675
1461245246.30566 7.83977521 -0.28533912 2.92016959 -0.09220204 -0.54652013 -0.08611479 0.82788814
1461245246.50514 7.91446094 -0.28414587 2.93053588 -0.08525154 -0.57052783 -0.09707286 0.81105304
1461245246.70249 7.99587780 -0.28704643 2.94342418 -0.08614005 -0.60280461 -0.09510805 0.78750298
1461245246.90474 8.07648233 -0.29713530 2.95194517 -0.08418331 -0.62543188 -0.08629054 0.77090990
1461245247.10478 8.14870580 -0.30221456 2.95771993 -0.06564349 -0.63777099 -0.08456999 0.76274964
1461245247.30462 8.22077880 -0.30220476 2.95800320 -0.04984224 -0.64482258 -0.08939307 0.75744865
1461245247.50414 8.29084979 -0.30193615 2.96043366 -0.04541231 -0.64958020 -0.09692938 0.75272039
1461245247.70440 8.35610938 -0.30802038 2.96528378 -0.04181504 -0.66343559 -0.10085613 0.74022481
1461245247.90439 8.42058400 -0.31066269 2.97560407 -0.04129860 -0.68849531 -0.09930785 0.71722143
1461245248.06179 8.47161926 -0.31150916 2.98788361 -0.04417274 -0.70916216 -0.09513478 0.69719952
1461245248.26162 8.53184765 -0.31419234 3.00154483 -0.05910234 -0.73292405 -0.10363552 0.66976782
1461245248.58156 8.59028983 -0.33116267 3.02305329 -0.05555047 -0.74049456 -0.08527221 0.66431212
1461245248.86177 8.59336916 -0.36894903 3.02824226 -0.02987208 -0.73942916 -0.05380564 0.67041564
1461245249.10367 8.55786004 -0.39783288 3.02765378 -0.01955157 -0.74227501 -0.02600838 0.66930495
1461245249.30394 8.50688439 -0.41094352 3.02626867 -0.00967774 -0.74067355 -0.01955628 0.67151067
1461245249.46198 8.45330938 -0.42089491 3.02566587 0.00279174 -0.73067228 -0.00445994 0.68270809
1461245249.62280 8.39189551 -0.42446809 3.02326730 0.00582955 -0.72347563 0.00019467 0.69032528
1461245249.78109 8.32525987 -0.41699687 3.02458611 0.00023622 -0.71205369 0.00090166 0.70212440
1461245249.90377 8.26923427 -0.41182174 3.02541219 -0.00422096 -0.70911264 0.01341102 0.70495503
1461245250.02177 8.20564861 -0.40241995 3.02542057 -0.01202574 -0.70690031 0.01942208 0.70694421
1461245250.10329 8.16127106 -0.39622142 3.02322534 -0.01064166 -0.70654615 0.01753891 0.70736955
1461245250.18089 8.11493910 -0.39003447 3.01868965 -0.00744904 -0.71203582 0.00722899 0.70206641
1461245250.30800 8.04578592 -0.38322412 3.01124559 -0.01865623 -0.71669043 0.00237886 0.69713781
1461245250.42117 7.98027165 -0.37723467 3.00106305 -0.01819649 -0.72018760 -0.01663422 0.69334120
1461245250.54051 7.90870278 -0.36583558 2.98429632 -0.02680308 -0.73164701 -0.01169765 0.68105610
1461245250.62103 7.85838332 -0.35500587 2.97272915 -0.03449664 -0.73437286 -0.01082052 0.67778271
1461245250.70292 7.80609792 -0.34651164 2.96251642 -0.02890530 -0.72623687 -0.02185628 0.68648875
1461245250.78068 7.75370565 -0.34144170 2.95444822 -0.02351704 -0.71256453 -0.03229061 0.70046846
1461245250.86069 7.70283548 -0.33931449 2.94793663 -0.02537592 -0.70082025 -0.04000516 0.71176304
1461245250.94165 7.65298357 -0.33857923 2.94240488 -0.03022369 -0.69263069 -0.03786910 0.71966325
1461245251.06054 7.57699647 -0.33148532 2.93468376 -0.04206252 -0.69210704 -0.03934545 0.71949324
1461245251.18061 7.49865255 -0.32076080 2.92757775 -0.04560163 -0.69379955 -0.03237521 0.71799340
1461245251.30244 7.41415838 -0.31321881 2.92011659 -0.04497217 -0.69839221 -0.03311316 0.71353300
1461245251.38045 7.35870575 -0.31334609 2.91612970 -0.04117593 -0.69992785 -0.03387412 0.71222053
1461245251.46032 7.30594830 -0.31577917 2.91357869 -0.03941705 -0.69832721 -0.03440163 0.71386408
1461245251.54033 7.25507779 -0.31559273 2.91053201 -0.03555954 -0.69888937 -0.04868611 0.71268425
1461245251.62129 7.20388254 -0.31066863 2.90835011 -0.05385091 -0.69867778 -0.05294542 0.71143955
1461245251.70227 7.15194550 -0.30632287 2.90681560 -0.05205065 -0.69970338 -0.04884276 0.71085884
1461245251.78013 7.09966995 -0.30249553 2.90637853 -0.04486700 -0.69182693 -0.04308547 0.71937896
1461245251.86015 7.04569400 -0.29929491 2.90489464 -0.03572017 -0.68435303 -0.05001546 0.72655588
1461245252.02019 6.93971636 -0.29874601 2.90096276 -0.03614864 -0.67009869 -0.06598743 0.73844883
1461245252.22000 6.81187023 -0.30611651 2.89999610 -0.04195158 -0.66727896 -0.06338234 0.74091939
1461245252.37999 6.71517830 -0.30167186 2.90737358 -0.03027852 -0.66877794 -0.04952233 0.74119283
1461245252.53980 6.62206723 -0.29517372 2.91578509 -0.04569099 -0.67476141 -0.04466445 0.73526489
1461245252.70367 6.53332136 -0.30053637 2.92171995 -0.04901781 -0.67467053 -0.05232711 0.73462834
1461245252.82139 6.46406291 -0.30094008 2.92858194 -0.04108454 -0.67022743 -0.04687840 0.73953342
1461245252.93959 6.38885402 -0.29317957 2.93573646 -0.04197390 -0.66408296 -0.03842070 0.74549036
1461245253.05958 6.31063237 -0.28406375 2.94168446 -0.04617834 -0.65296388 -0.05525168 0.75395821
1461245253.18038 6.23551998 -0.28125840 2.94260224 -0.05121347 -0.64791344 -0.06139644 0.75750633
1461245253.25977 6.18667097 -0.27759488 2.94276671 -0.06221811 -0.64299803 -0.07885672 0.75925230
1461245253.33941 6.14066523 -0.27500405 2.94180236 -0.07096829 -0.63862741 -0.08306394 0.76172102
1461245253.41935 6.09591912 -0.27402577 2.93987799 -0.06812447 -0.64014371 -0.08054456 0.76097810
1461245253.50275 6.05336386 -0.27569501 2.93609359 -0.06141010 -0.64781758 -0.06821020 0.75624635
1461245253.57949 6.01323959 -0.27642005 2.93209668 -0.06178806 -0.65558013 -0.06193022 0.75004105
1461245253.65931 5.96949392 -0.27815821 2.92749565 -0.06231502 -0.65999703 -0.06932928 0.74546241
1461245253.73920 5.92850108 -0.28064225 2.92228488 -0.05939995 -0.66373328 -0.06291044 0.74294822
1461245253.85927 5.87068693 -0.27732994 2.91373403 -0.07029557 -0.66375100 -0.07653456 0.74069940
1461245253.97919 5.81063161 -0.27172405 2.90326736 -0.06785366 -0.66490572 -0.07909463 0.73962173
1461245254.10468 5.74676010 -0.26608914 2.89255142 -0.05239077 -0.66133661 -0.08569498 0.74333402
1461245254.21903 5.68281800 -0.26048823 2.88062079 -0.05531818 -0.65766071 -0.08081437 0.74692123
1461245254.33899 5.61700037 -0.25838008 2.87012947 -0.06214705 -0.64526591 -0.09165524 0.75588952
1461245254.53893 5.49992644 -0.26159065 2.85281462 -0.07191372 -0.64944240 -0.08595649 0.75210668
1461245254.73856 5.37835706 -0.26314033 2.84427688 -0.06085148 -0.65380137 -0.06293736 0.75158483
1461245254.90128 5.28480611 -0.26638403 2.83645531 -0.05493130 -0.66625123 -0.07476260 0.73993405
1461245255.02037 5.21763608 -0.26560475 2.82767900 -0.06199203 -0.67242537 -0.09246192 0.73174579
1461245255.13866 5.14415567 -0.25996587 2.81672012 -0.06671078 -0.67905407 -0.10282699 0.72378301
1461245255.25856 5.06602480 -0.25582105 2.80697593 -0.06356351 -0.68199142 -0.08477771 0.72364364
1461245255.41847 4.96348859 -0.25503847 2.79349868 -0.05446416 -0.67815853 -0.09255171 0.72702740
1461245255.53838 4.88763281 -0.25782385 2.77854401 -0.05925001 -0.68480239 -0.08758150 0.72101637
1461245255.65849 4.81447574 -0.25688453 2.76442638 -0.06470460 -0.69272022 -0.09494845 0.71199495
1461245255.78105 4.74048478 -0.25345655 2.75517799 -0.06137726 -0.70045221 -0.08489892 0.70596863
1461245255.90261 4.66683623 -0.25047741 2.74720436 -0.04997221 -0.71041093 -0.08131143 0.69728584
1461245256.01810 4.59359956 -0.24863775 2.74108035 -0.06060468 -0.72322762 -0.08250512 0.68298008
1461245256.13826 4.52028845 -0.25306360 2.73422473 -0.06410903 -0.73314685 -0.08120229 0.67215468
1461245256.21832 4.46987615 -0.25471152 2.73047050 -0.05836204 -0.73190877 -0.09154463 0.67269830
1461245256.30451 4.41668998 -0.25366403 2.72542329 -0.05616389 -0.73759522 -0.08451010 0.66757542
1461245256.37795 4.36049877 -0.25058398 2.72174710 -0.05573158 -0.73795482 -0.07172093 0.66870979
1461245256.45793 4.30305434 -0.24802511 2.71741211 -0.04547730 -0.73679929 -0.07969429 0.66985628
1461245256.57796 4.22087433 -0.25028595 2.71235868 -0.04340357 -0.72911979 -0.08757484 0.67737073
1461245256.65800 4.16557194 -0.25525028 2.70470432 -0.04694197 -0.73649390 -0.08377418 0.66959321
1461245256.77786 4.08694513 -0.25948838 2.69916825 -0.04617681 -0.73345600 -0.09192073 0.67190816
1461245256.85786 4.03560365 -0.25784069 2.69636339 -0.04802084 -0.73634016 -0.08582267 0.66942635
1461245256.97782 3.96129083 -0.25599352 2.69268530 -0.03702904 -0.73894144 -0.07727041 0.66829910
1461245257.05789 3.91317645 -0.25832684 2.68932708 -0.02708745 -0.73966189 -0.07276232 0.66848501
1461245257.13772 3.86695754 -0.25831461 2.68598305 -0.02313015 -0.74380983 -0.07386128 0.66389490
1461245257.21772 3.82356371 -0.25528350 2.68420960 -0.04190992 -0.74545159 -0.07940993 0.66048433
1461245257.29999 3.78336193 -0.25803781 2.68180413 -0.03948725 -0.74554136 -0.09028165 0.65913432
1461245257.37763 3.73986287 -0.25957832 2.67739883 -0.03393750 -0.74804743 -0.09035466 0.65658916
1461245257.45755 3.69258905 -0.25660612 2.67355457 -0.03187341 -0.74803703 -0.08652420 0.65722010
1461245257.53745 3.64358411 -0.25269767 2.66959051 -0.02274493 -0.74450080 -0.08346532 0.66199302
1461245257.65917 3.56893987 -0.24856758 2.66534335 -0.01196752 -0.73690049 -0.08480087 0.67055445
1461245257.81732 3.46908406 -0.24657214 2.65912993 -0.03383501 -0.72711472 -0.08924572 0.67984894
1461245257.97728 3.37092067 -0.24889033 2.65681783 -0.04132935 -0.72018030 -0.09661640 0.68578240
1461245258.09728 3.29278755 -0.24564975 2.66120226 -0.03795587 -0.71301466 -0.09113750 0.69416381
1461245258.21714 3.21176120 -0.24669205 2.66414812 -0.03161712 -0.71312270 -0.07567589 0.69622520
1461245258.29969 3.15623971 -0.24805154 2.66683667 -0.03507936 -0.71613051 -0.07618392 0.69290875
1461245258.37702 3.10154861 -0.24980289 2.67134623 -0.03342496 -0.71234914 -0.08920075 0.69533064
1461245258.45709 3.04867357 -0.25049707 2.67735099 -0.03947483 -0.70308165 -0.10088795 0.70280833
1461245258.53698 2.99482994 -0.25144849 2.68086180 -0.04311365 -0.70223667 -0.09839476 0.70379212
1461245258.61696 2.93826967 -0.25070880 2.68382108 -0.03618806 -0.70466094 -0.09640708 0.70203209
1461245258.69962 2.88007838 -0.24889153 2.68977518 -0.02784759 -0.69719979 -0.09018383 0.71063622
1461245258.77690 2.82347107 -0.24870077 2.69599318 -0.01664845 -0.68497532 -0.08392415 0.72352497
1461245258.85691 2.76535777 -0.24787563 2.70127523 -0.02275588 -0.66909443 -0.09405354 0.73685055
1461245258.93679 2.70943642 -0.24876104 2.70473263 -0.03407216 -0.65768097 -0.09230264 0.74684339
1461245259.01821 2.65516968 -0.25135179 2.70700692 -0.04449577 -0.65400001 -0.08364471 0.75053825
1461245259.10070 2.60274989 -0.25208716 2.70890531 -0.05460079 -0.64928208 -0.08759087 0.75351136
1461245259.17664 2.55228881 -0.25342707 2.71257443 -0.03723597 -0.63898423 -0.09168573 0.76282788
1461245259.25838 2.50248441 -0.25140316 2.71599570 -0.02368443 -0.63614065 -0.09284278 0.76560064
1461245259.33661 2.45281778 -0.25053908 2.71893769 -0.01766935 -0.63599409 -0.08107829 0.76721941
1461245259.41667 2.40473701 -0.24949231 2.72001247 -0.01886467 -0.64020527 -0.07684505 0.76411790
1461245259.49875 2.35307385 -0.24884367 2.71928814 -0.02743019 -0.64185881 -0.08139886 0.76199677
1461245259.57657 2.30235684 -0.24896253 2.71543147 -0.03087199 -0.65098745 -0.09050431 0.75304132
1461245259.65650 2.24973686 -0.24548161 2.71219351 -0.04395159 -0.65667240 -0.10003734 0.74621856
1461245259.73621 2.19285741 -0.24180115 2.70977628 -0.04483079 -0.65924882 -0.09656097 0.74435017
1461245259.81637 2.13219747 -0.23819585 2.70690537 -0.04165476 -0.66346000 -0.08865197 0.74177257
1461245259.89891 2.06852398 -0.23646932 2.70461762 -0.03423308 -0.66404380 -0.09393921 0.74097865
1461245259.97763 2.00351501 -0.23815478 2.70050853 -0.02652460 -0.66692796 -0.10111712 0.73775258
1461245260.05639 1.94053356 -0.24016521 2.69771450 -0.03975521 -0.66984859 -0.09562167 0.73524070
1461245260.13644 1.87958815 -0.24181596 2.69730957 -0.04633256 -0.66743741 -0.10865073 0.73523847
1461245260.21646 1.82188685 -0.24399027 2.70003134 -0.05384042 -0.66686567 -0.09892592 0.73661730
1461245260.29871 1.76468378 -0.24464513 2.70527088 -0.05375044 -0.66618998 -0.08343789 0.73914811
1461245260.37626 1.70947545 -0.24497555 2.71151207 -0.04364938 -0.66442190 -0.08194020 0.74156866
1461245260.49819 1.62901973 -0.24947674 2.71885814 -0.02600519 -0.66373887 -0.08881141 0.74221761
1461245260.57598 1.57731012 -0.25333466 2.72097451 -0.02982968 -0.67056811 -0.08762182 0.73605096
1461245260.69839 1.50131331 -0.25793446 2.72107801 -0.03689306 -0.68078842 -0.09701209 0.72508943
1461245260.85603 1.40225712 -0.25951513 2.72149929 -0.03257531 -0.69301591 -0.09506344 0.71388426
1461245261.01595 1.30491150 -0.25916250 2.72476534 -0.01337420 -0.69318814 -0.08194774 0.71595803
1461245261.13570 1.23061583 -0.25987591 2.72461779 -0.00109918 -0.69428196 -0.10400006 0.71214840
1461245261.25558 1.15334633 -0.26322527 2.72358737 -0.01224501 -0.70368831 -0.10284397 0.70291958
1461245261.37678 1.07678727 -0.26902730 2.72585422 -0.01340310 -0.70541078 -0.09921931 0.70169190
1461245261.49933 0.99539385 -0.26927698 2.72926380 -0.00907698 -0.71490822 -0.09339521 0.69289333
1461245261.61564 0.91884546 -0.27007900 2.73870503 0.00147788 -0.70860710 -0.09484841 0.69919780
1461245261.73556 0.84695367 -0.27569282 2.74370715 -0.00317990 -0.71555686 -0.08767041 0.69302393
1461245261.89588 0.75581217 -0.28409146 2.74100158 -0.00856566 -0.72709581 -0.09318734 0.68012824
1461245262.05601 0.65668308 -0.28083358 2.73677657 -0.00016723 -0.73137734 -0.09462949 0.67537576
1461245262.17523 0.58001403 -0.27424760 2.73673386 0.00269518 -0.72357342 -0.08977722 0.68437876
1461245262.33523 0.47981313 -0.27575998 2.73249078 0.00639336 -0.70935665 -0.09311205 0.69864326
1461245262.49797 0.37913396 -0.28216533 2.72440788 -0.00492369 -0.70832152 -0.09220333 0.69982493
1461245262.61515 0.29884440 -0.27885916 2.71923851 -0.00241270 -0.70292110 -0.10241189 0.70385219
1461245262.73525 0.21434927 -0.27472660 2.70836923 0.00516600 -0.70907325 -0.10105550 0.69783681
1461245262.81620 0.16277188 -0.27480479 2.70216947 0.00741055 -0.71176972 -0.09039622 0.69653246
1461245262.89863 0.11317199 -0.27498817 2.69657959 0.00479106 -0.71589358 -0.09916766 0.69111446
1461245262.97485 0.06685612 -0.27971719 2.69084775 0.00706792 -0.72235795 -0.09604464 0.68478059
1461245263.05497 0.02484906 -0.28290025 2.68078275 0.00429584 -0.73870478 -0.09075196 0.66787789
1461245263.17480 -0.03244141 -0.27969885 2.66134869 0.00665235 -0.76141113 -0.09223193 0.64164017
1461245263.29746 -0.08057359 -0.26886477 2.64159369 0.00726635 -0.77317764 -0.09398643 0.62714439
1461245263.41476 -0.11886709 -0.26215977 2.61988607 0.00397188 -0.79583726 -0.09896570 0.59735507
1461245263.53462 -0.14957504 -0.26449313 2.59543956 0.00648891 -0.82192545 -0.10114941 0.56050445
1461245263.69748 -0.18688283 -0.27016173 2.56709722 0.00471945 -0.84683955 -0.10243678 0.52186895
1461245263.85429 -0.22169900 -0.26862518 2.53529056 -0.00500103 -0.87402148 -0.09896200 0.47567632
1461245264.01557 -0.25742221 -0.26550124 2.50589229 0.00440934 -0.89325773 -0.10496178 0.43709748
1461245264.13439 -0.27841537 -0.26703212 2.48162821 0.00781149 -0.91306615 -0.10223166 0.39471239
1461245264.25427 -0.29661315 -0.26595717 2.45629330 0.00449728 -0.92957688 -0.10933473 0.35201208
1461245264.41417 -0.31165666 -0.26120863 2.42249586 -0.01036067 -0.94659754 -0.11351208 0.30159703
1461245264.53421 -0.31879412 -0.25296762 2.39177837 -0.01100122 -0.95574516 -0.12386487 0.26662270
1461245264.65421 -0.32790258 -0.23898934 2.35781969 -0.01134981 -0.95870255 -0.14645179 0.24354153
1461245264.77413 -0.33874379 -0.22580389 2.31936727 -0.01990835 -0.96109179 -0.15483970 0.22788350
1461245264.89710 -0.35151822 -0.21236172 2.27787033 -0.01718168 -0.95694642 -0.17265309 0.23269993
1461245265.01395 -0.36099373 -0.20100670 2.23262989 -0.02362898 -0.95424512 -0.18075733 0.23703316
1461245265.09657 -0.36708259 -0.19191847 2.19981311 -0.03095832 -0.95092437 -0.19565367 0.23770583
1461245265.17396 -0.37363451 -0.18478181 2.16632760 -0.03296376 -0.94860771 -0.20504181 0.23877745
1461245265.25391 -0.38112038 -0.17660747 2.13242600 -0.04076769 -0.94532421 -0.21433559 0.24240542
1461245265.33389 -0.38950146 -0.16497892 2.09793466 -0.04735302 -0.94240981 -0.23000427 0.23815852
1461245265.41607 -0.40113357 -0.14997231 2.06603472 -0.05608565 -0.93535987 -0.24827208 0.24559580
1461245265.49704 -0.41858561 -0.13368737 2.03705341 -0.07108537 -0.92772675 -0.26033827 0.25786419
1461245265.57367 -0.43744957 -0.11716205 2.01016530 -0.07343927 -0.91821586 -0.27366308 0.27675770
1461245265.65472 -0.45361910 -0.10206019 1.98226507 -0.07871804 -0.91517791 -0.28017211 0.27884845
1461245265.73371 -0.46894974 -0.08732644 1.95897983 -0.08557870 -0.90917858 -0.28758904 0.28872675
1461245265.81357 -0.48244349 -0.07178412 1.93978651 -0.09574139 -0.89704620 -0.30898682 0.30111267
1461245265.93358 -0.49816867 -0.05790340 1.91265647 -0.11298554 -0.88853440 -0.31640953 0.31245143
1461245266.05406 -0.50960421 -0.04518779 1.88770579 -0.11659768 -0.87736074 -0.34504153 0.31239310
1461245266.21351 -0.53097888 -0.02784445 1.84856789 -0.13998140 -0.86454978 -0.35547782 0.32648798
1461245266.33332 -0.55118436 -0.01754443 1.81382193 -0.14431487 -0.85638274 -0.35476372 0.34630120
1461245266.45334 -0.57341402 -0.01032227 1.77469378 -0.14964472 -0.84690605 -0.34722832 0.37388380
1461245266.57325 -0.59158749 -0.00784875 1.73629896 -0.15612285 -0.83901327 -0.34283507 0.39261495
1461245266.69643 -0.60698990 -0.00890305 1.70111623 -0.17764684 -0.83485902 -0.32270344 0.40904096
1461245266.85319 -0.62368470 -0.00876249 1.66526991 -0.18419384 -0.82339362 -0.31843172 0.43208427
1461245267.01299 -0.63789207 -0.00313728 1.62832604 -0.17389497 -0.82544739 -0.32104681 0.43049516
1461245267.17282 -0.65118174 0.00333137 1.59165649 -0.15698259 -0.82799903 -0.33658027 0.42010450
1461245267.29844 -0.66393253 0.01067937 1.55897874 -0.15960683 -0.83339878 -0.34102430 0.40456712
1461245267.41281 -0.68106639 0.01701022 1.52028699 -0.13745785 -0.84599311 -0.34982803 0.37818163
1461245267.49520 -0.69395796 0.02172182 1.49033258 -0.12683375 -0.85373444 -0.35752178 0.35669157
1461245267.57537 -0.70700121 0.02408652 1.45639692 -0.11968334 -0.86345623 -0.36177010 0.33051723
1461245267.65437 -0.71940552 0.02206800 1.42070841 -0.10552438 -0.87544159 -0.36268480 0.30153999
1461245267.73275 -0.72901761 0.01535911 1.38431810 -0.09190053 -0.88864613 -0.35746042 0.27218448
1461245267.81274 -0.73480340 0.00607810 1.34937611 -0.08028956 -0.90045944 -0.35643292 0.23597024
1461245267.89507 -0.73906351 -0.00600253 1.31695045 -0.06158387 -0.90936930 -0.35773545 0.20317543
1461245267.97245 -0.74360075 -0.01520211 1.28311912 -0.05171203 -0.91876907 -0.35170814 0.17172841
1461245268.05252 -0.74927746 -0.02081578 1.24836029 -0.04936444 -0.92728780 -0.34282971 0.14201506
1461245268.13397 -0.75720963 -0.02265648 1.21255120 -0.03835608 -0.93493259 -0.33488496 0.11082389
1461245268.21256 -0.76933435 -0.02322570 1.17364007 -0.02939589 -0.94279355 -0.31974156 0.08967459
1461245268.29246 -0.78424475 -0.02522353 1.13200944 -0.03407156 -0.94973918 -0.30113634 0.07843161
1461245268.37245 -0.79851153 -0.03213716 1.08982071 -0.03348140 -0.95736720 -0.27960412 0.06440937
1461245268.45227 -0.80913635 -0.04129621 1.05102228 -0.00924406 -0.96150965 -0.27169741 0.03992815
1461245268.53228 -0.81764852 -0.05094876 1.01543287 0.01126388 -0.96405681 -0.26485781 0.01783062
1461245268.61228 -0.82887563 -0.06145678 0.98188540 0.02239912 -0.96519729 -0.26050769 -0.00531151
1461245268.69556 -0.83851426 -0.06776929 0.94745786 0.00667885 -0.96708328 -0.25316986 -0.02470495
1461245268.77261 -0.84701104 -0.07249774 0.91039831 -0.01000274 -0.97080471 -0.23460997 -0.04895217
1461245268.89478 -0.86264856 -0.07299534 0.84988589 0.00697603 -0.97153499 -0.22420549 -0.07617745
1461245269.01206 -0.87808285 -0.07545484 0.78622788 0.01730998 -0.97204684 -0.20979690 -0.10397390
1461245269.09557 -0.88405492 -0.08216875 0.74493681 -0.00949695 -0.97081439 -0.20061296 -0.13108653
1461245269.17224 -0.88807641 -0.09429414 0.70506037 -0.00563989 -0.96965123 -0.18599628 -0.15858775
1461245269.29420 -0.89259867 -0.10542051 0.64757086 0.01201506 -0.96602145 -0.18036871 -0.18473038
1461245269.41192 -0.89130664 -0.10706501 0.58911214 0.01664373 -0.96069562 -0.17676806 -0.21340097
1461245269.53182 -0.88351237 -0.09557364 0.52555730 0.02476707 -0.95525383 -0.17141707 -0.23977676
1461245269.65180 -0.87252223 -0.08371699 0.45697864 0.03423169 -0.95397650 -0.15705375 -0.25316230
1461245269.77174 -0.85237519 -0.08252121 0.39391354 0.03367573 -0.94426913 -0.15105555 -0.29052362
1461245269.89458 -0.83110167 -0.08456091 0.33682349 0.03573842 -0.93472773 -0.15933067 -0.31562726
1461245270.01155 -0.80568343 -0.08095302 0.28065469 0.03887845 -0.92333672 -0.17378059 -0.34020300
1461245270.13151 -0.77558448 -0.07452328 0.22591600 0.04499796 -0.91231050 -0.16757294 -0.37092324
1461245270.25449 -0.74265058 -0.06677342 0.17640947 0.06219484 -0.90195857 -0.15277411 -0.39907720
1461245270.37178 -0.70975163 -0.06617066 0.13220803 0.04530202 -0.88905002 -0.14970232 -0.43026387
1461245270.45140 -0.68499605 -0.07084679 0.10982554 0.03980338 -0.87049001 -0.14398716 -0.46896753
1461245270.57140 -0.65284978 -0.07561007 0.07774503 0.06045151 -0.85080027 -0.14573227 -0.50124507
1461245270.69140 -0.61697309 -0.07728398 0.05781356 0.06092606 -0.82573557 -0.15141842 -0.53992708
1461245270.77126 -0.59195339 -0.07509664 0.04763232 0.06294360 -0.80347021 -0.15197876 -0.57216796
1461245270.89312 -0.55666402 -0.06851871 0.03244843 0.06913556 -0.77867641 -0.14561973 -0.60636476
1461245271.01234 -0.52927986 -0.06576579 0.02180840 0.05555889 -0.76127087 -0.13714756 -0.63132434
1461245271.17102 -0.50918938 -0.06804820 0.02039593 0.05636455 -0.72372359 -0.12286628 -0.67672083
1461245271.37125 -0.52006220 -0.08040765 0.03440136 0.04859800 -0.67765137 -0.11339428 -0.72496109
1461245271.49376 -0.54382024 -0.08789949 0.05185529 0.05044470 -0.64093227 -0.10219020 -0.75909046
1461245271.61148 -0.58205174 -0.09276360 0.06891611 0.04941373 -0.60734146 -0.09715880 -0.78692745
1461245271.73093 -0.63289420 -0.09698972 0.08536124 0.04017573 -0.57400028 -0.09296266 -0.81256848
1461245271.85321 -0.69383393 -0.09989617 0.10332651 0.03969221 -0.53812009 -0.09001767 -0.83710699
1461245271.97075 -0.76153220 -0.10300212 0.11973847 0.03981120 -0.50387326 -0.09407289 -0.85771621
1461245272.09279 -0.83188700 -0.10620836 0.13875281 0.04867906 -0.47290882 -0.09179601 -0.87496348
1461245272.21069 -0.90528095 -0.10942512 0.16289652 0.05074363 -0.44028385 -0.08563954 -0.89232342
1461245272.33063 -0.98061594 -0.10944125 0.19082961 0.05493828 -0.41345203 -0.06821472 -0.90630346
1461245272.45056 -1.05955553 -0.10926571 0.22021444 0.05248904 -0.38968313 -0.06474732 -0.91716942
1461245272.57046 -1.14078649 -0.10927096 0.24692776 0.05221119 -0.37246261 -0.06699533 -0.92415217
1461245272.69055 -1.22529882 -0.10988815 0.26695433 0.04767244 -0.35115640 -0.08892343 -0.93086473
1461245272.81044 -1.31091733 -0.11033740 0.28084618 0.04897187 -0.32387502 -0.08321205 -0.94116018
1461245272.93027 -1.40266212 -0.10700051 0.28697323 0.05349193 -0.28578223 -0.06748023 -0.95441791
1461245273.01028 -1.46502180 -0.10240624 0.28846479 0.06155447 -0.25687640 -0.05785859 -0.96274501
1461245273.13022 -1.56313488 -0.09807680 0.28580967 0.07321487 -0.21556654 -0.04834958 -0.97253944
1461245273.21019 -1.62971785 -0.09539652 0.28421176 0.08183043 -0.18077617 -0.04739924 -0.97896735
1461245273.29069 -1.69395390 -0.09399378 0.27934170 0.08569541 -0.15106643 -0.05071851 -0.98349523
1461245273.37000 -1.75734050 -0.09217407 0.27579207 0.08669997 -0.11752938 -0.05104716 -0.98795959
1461245273.45007 -1.81768352 -0.08785495 0.27049515 0.09568099 -0.08495673 -0.04307057 -0.99084430
1461245273.56996 -1.90124507 -0.08342285 0.26160420 0.09612767 -0.05481260 -0.04210692 -0.99296629
1461245273.69236 -1.98151403 -0.08253859 0.25437606 0.08805547 -0.03801226 -0.04575024 -0.99433808
1461245273.81000 -2.05986880 -0.08141685 0.24565273 0.10119749 -0.01043679 -0.04448498 -0.99381650
1461245273.89239 -2.10935242 -0.08462300 0.23683467 0.10788522 0.01870198 -0.04540096 -0.99295003
1461245273.96983 -2.15556967 -0.09033884 0.22814100 0.10969087 0.05226887 -0.04557108 -0.99154382
1461245274.09242 -2.20966419 -0.09510589 0.21421346 0.10669327 0.09908305 -0.04073830 -0.98850366
1461245274.20978 -2.24889710 -0.09410931 0.20303793 0.11120370 0.14058346 -0.04339190 -0.98284646
1461245274.36988 -2.27866368 -0.09046874 0.19508801 0.11896169 0.19502237 -0.02926754 -0.97311757
1461245274.56956 -2.27455041 -0.08794501 0.20548932 0.12394348 0.25450221 -0.02160070 -0.95885351
1461245274.72946 -2.23068968 -0.09521416 0.23211674 0.11211348 0.28029254 0.00102545 -0.95334443
1461245274.84943 -2.17900658 -0.09934935 0.26067961 0.09853570 0.30007614 0.01182092 -0.94873879
1461245274.96944 -2.12128600 -0.10111647 0.29364419 0.09880737 0.30943861 0.01037165 -0.94571522
1461245275.09178 -2.06357792 -0.10245649 0.32785811 0.10733050 0.31663122 0.02547395 -0.94211247
1461245275.20923 -2.00284608 -0.10482100 0.36834306 0.10726280 0.32411343 0.02583887 -0.93956241
1461245275.32892 -1.94013630 -0.10688916 0.41444083 0.09658696 0.33859012 0.02879403 -0.93552049
1461245275.40914 -1.89607140 -0.10466190 0.44976669 0.08866669 0.34548475 0.03634796 -0.93351879
1461245275.49117 -1.85028667 -0.10396361 0.48580721 0.07486189 0.35008305 0.04247710 -0.93275573
1461245275.56908 -1.80362426 -0.10477289 0.52101647 0.07281463 0.35394985 0.05980657 -0.93050562
1461245275.64894 -1.75736577 -0.10776755 0.55625031 0.08113682 0.35606504 0.06218848 -0.92885257
1461245275.76902 -1.68971391 -0.11745499 0.60530620 0.07825604 0.36325770 0.06041871 -0.92642831
1461245275.85172 -1.64682792 -0.12154141 0.63414806 0.07198754 0.38667825 0.08336709 -0.91561327
1461245275.92896 -1.59650236 -0.12352226 0.66363799 0.06448480 0.39319164 0.09815970 -0.91192473
1461245276.00888 -1.54451372 -0.12064950 0.69011102 0.06287471 0.41153465 0.10987779 -0.90255907
1461245276.09102 -1.49331963 -0.11926725 0.71420693 0.06662684 0.42334975 0.10348481 -0.89756713
1461245276.16886 -1.44634610 -0.11823059 0.73348260 0.07651874 0.44193336 0.10387759 -0.88772137
1461245276.24881 -1.40721714 -0.11769808 0.75305996 0.08892699 0.46269186 0.10176186 -0.87615795
1461245276.32872 -1.37275928 -0.11966733 0.77219322 0.09358912 0.49228234 0.10909926 -0.85848502
1461245276.40934 -1.34110005 -0.12218051 0.79330861 0.09052363 0.52062015 0.10923139 -0.84191961
1461245276.49225 -1.31077877 -0.12285055 0.81733186 0.08179350 0.54409954 0.10977908 -0.82777658
1461245276.60863 -1.27022625 -0.12553214 0.85705128 0.03982428 0.57877144 0.11760718 -0.80598151
1461245276.72846 -1.23413896 -0.13055042 0.89621904 0.02858572 0.61371209 0.11536466 -0.78053272
1461245276.88842 -1.19609586 -0.14486599 0.94698688 0.03955146 0.63527954 0.13221561 -0.75985171
1461245277.00835 -1.17811079 -0.15363885 0.98254184 0.03840966 0.66553149 0.12669584 -0.73453434
1461245277.16838 -1.16121682 -0.15708564 1.02755440 0.02345108 0.70252524 0.13602947 -0.69814348
1461245277.29050 -1.15447170 -0.15441690 1.05433166 0.02893528 0.73908204 0.15303720 -0.65536257
1461245277.44849 -1.15860588 -0.16020159 1.08493832 0.03761913 0.77646096 0.15438277 -0.60980254
1461245277.61094 -1.18989380 -0.15976915 1.11699985 0.05930390 0.80424009 0.14261746 -0.57388255
1461245277.76810 -1.25486456 -0.16086024 1.14499934 0.04524288 0.82465124 0.14312877 -0.54536003
1461245277.89045 -1.31275622 -0.16313631 1.16290782 0.03889279 0.84087526 0.13493503 -0.52269368
1461245278.00822 -1.37847381 -0.16723683 1.17713921 0.02726614 0.84714941 0.14774524 -0.50967223
1461245278.12789 -1.45115003 -0.17344847 1.18450333 0.02203379 0.85356254 0.15019398 -0.49838465
1461245278.24790 -1.53083398 -0.17725443 1.18489517 0.02301700 0.86100773 0.14195991 -0.48783532
1461245278.36896 -1.61330647 -0.18455441 1.18176964 0.01315450 0.86977098 0.12528987 -0.47710361
1461245278.49015 -1.68826839 -0.19536659 1.17183350 0.00816978 0.88464230 0.10540352 -0.45412702
1461245278.64764 -1.78787804 -0.20716135 1.14909771 -0.00856844 0.89722738 0.11742003 -0.42558448
1461245278.76757 -1.86427879 -0.21133614 1.12224086 -0.00116152 0.90886715 0.11209737 -0.40173789
1461245278.88973 -1.94069199 -0.21318944 1.09124598 -0.01117315 0.91818473 0.09949226 -0.38329266
1461245279.00921 -2.01480393 -0.21365617 1.05701166 -0.00335862 0.92646258 0.07186544 -0.36944711
1461245279.08970 -2.05483828 -0.21716473 1.02835668 -0.01027818 0.93863898 0.06076826 -0.33935003
1461245279.20729 -2.11308499 -0.21792855 0.98611859 -0.01092878 0.94832862 0.07438252 -0.30825418
1461245279.32732 -2.16750272 -0.21273000 0.93709359 -0.00509086 0.95548862 0.09195477 -0.28028541
1461245279.40736 -2.19729707 -0.20758280 0.90084518 -0.00236096 0.96456944 0.09381171 -0.24657572
1461245279.49129 -2.22665326 -0.20390967 0.86493468 -0.00923503 0.97113798 0.09266806 -0.21958680
1461245279.56714 -2.24935556 -0.20412005 0.82884318 -0.01279338 0.98001938 0.08279718 -0.18039672
1461245279.64714 -2.26319266 -0.21229448 0.79394135 -0.01630389 0.98888642 0.06663012 -0.13190243
1461245279.72735 -2.27123281 -0.22064991 0.75907899 -0.02806513 0.99342931 0.06931733 -0.08663528
1461245279.80708 -2.27806632 -0.22601272 0.72512703 -0.02697753 0.99548385 0.07901423 -0.04517603
1461245279.88714 -2.28402921 -0.23013973 0.69194082 -0.02327882 0.99673622 0.07699372 -0.00685323
1461245279.96760 -2.28927872 -0.22915393 0.65801596 -0.01524625 0.99619745 0.07951946 0.03216920
1461245280.08962 -2.29468287 -0.22097222 0.60614388 -0.01316254 0.99423493 0.06822804 0.08166138
1461245280.20689 -2.29388589 -0.21211116 0.55774519 -0.02627136 0.98860326 0.06943848 0.13096449
1461245280.32689 -2.28730193 -0.20524083 0.51227078 -0.02386600 0.98059809 0.07776438 0.17835497
1461245280.44681 -2.27586706 -0.19782278 0.46832018 -0.03369855 0.96939907 0.10118476 0.22111421
1461245280.56666 -2.25428728 -0.19199103 0.41921463 -0.02408337 0.95779164 0.10035257 0.26829933
1461245280.72668 -2.22475757 -0.18609076 0.34683942 -0.04065795 0.94542063 0.09604708 0.30870976
1461245280.84938 -2.19552473 -0.18773279 0.30188771 -0.03489605 0.92874428 0.08607520 0.35889746
1461245280.96659 -2.15894994 -0.18830081 0.25959197 -0.03549547 0.91361971 0.08925845 0.39505953
1461245281.08898 -2.11578705 -0.18068016 0.21895904 -0.03211018 0.90068675 0.09667468 0.42235804
1461245281.20936 -2.06737855 -0.17041756 0.18195210 -0.03263793 0.88714106 0.09725823 0.44995148
1461245281.32632 -2.01025184 -0.16651433 0.14742924 -0.02553988 0.87892546 0.08056695 0.46941102
1461245281.40637 -1.97141837 -0.16767586 0.12856271 -0.02916021 0.87306058 0.06091672 0.48291207
1461245281.52616 -1.90910110 -0.16409888 0.10216275 -0.02910856 0.85694436 0.06854019 0.51000128
1461245281.64630 -1.84394958 -0.15762273 0.07767501 -0.03762831 0.84454335 0.08003849 0.52813301
1461245281.76626 -1.76813824 -0.14630299 0.05971872 -0.05020230 0.82817435 0.08489692 0.55172410
1461245281.88893 -1.69264766 -0.14044041 0.04465394 -0.05141011 0.81216704 0.08337561 0.57514364
1461245282.00601 -1.62141582 -0.14148117 0.03498261 -0.02275989 0.79042804 0.08356646 0.60640098
1461245282.12594 -1.55164236 -0.14346794 0.03242808 -0.00817860 0.76119158 0.08507741 0.64287038
1461245282.20593 -1.50423180 -0.14210627 0.03257165 -0.03034755 0.74542429 0.08576138 0.66035342
1461245282.32595 -1.43083421 -0.13869334 0.03423412 -0.03490740 0.72143097 0.09210035 0.68544610
1461245282.56581 -1.27459043 -0.12940356 0.03747769 -0.02637641 0.69217026 0.06202973 0.71857980
1461245282.68826 -1.19814013 -0.12794008 0.04066087 -0.04672544 0.67471618 0.05446032 0.73458075
1461245282.80864 -1.12309718 -0.12945462 0.04126745 -0.05142112 0.66298292 0.06311494 0.74419488
1461245282.92576 -1.04556037 -0.12551165 0.04752998 -0.05221232 0.64552123 0.07351467 0.75840082
1461245283.04559 -0.96715268 -0.12106467 0.05261025 -0.05024467 0.63234815 0.07448174 0.76945680
1461245283.16664 -0.89434183 -0.12108552 0.05595877 -0.03184163 0.61561841 0.07395814 0.78391981
1461245283.28968 -0.82743137 -0.12212010 0.06478657 -0.03402911 0.58487807 0.07652584 0.80678588
1461245283.40543 -0.76034512 -0.12040295 0.07014616 -0.05422420 0.56703481 0.07916593 0.81808558
1461245283.64531 -0.62592521 -0.10710624 0.06965023 -0.04765818 0.52759808 0.08929204 0.84344288
1461245283.76597 -0.55977723 -0.09725552 0.05541302 -0.04874720 0.53371379 0.06659083 0.84162875
1461245283.88509 -0.49913710 -0.09063946 0.04081406 -0.05291131 0.52592313 0.05857235 0.84686158
1461245284.00657 -0.44108264 -0.08633433 0.02730553 -0.06916996 0.51164102 0.05347781 0.85473921
1461245284.12675 -0.38467757 -0.07651457 0.01319933 -0.07392650 0.49709904 0.07038894 0.86166862
1461245284.36496 -0.28093908 -0.04165762 -0.02729828 -0.08979345 0.47269399 0.07709352 0.87324345
1461245284.48787 -0.23387370 -0.02678621 -0.04821890 -0.08812374 0.45877546 0.08770729 0.87981061
1461245284.68773 -0.17041229 -0.00688103 -0.07489376 -0.10024398 0.42153710 0.09713610 0.89600346
1461245284.84477 -0.13245214 0.00505791 -0.09636195 -0.10973794 0.42042921 0.11069187 0.89383677
1461245285.04468 -0.09524275 0.02143840 -0.11145353 -0.13065470 0.43674790 0.10027141 0.88437903
