1463224709.62168 0.36413808 -0.05034638 0.66245221 0.13232925 -0.12512620 -0.24066653 -0.95336878
1463224709.75735 0.34607730 -0.07660642 0.69172641 0.13847395 -0.14546304 -0.25804949 -0.94502695
1463224709.92413 0.32409032 -0.10555946 0.72729803 0.14212950 -0.16117269 -0.26903818 -0.93885091
1463224710.15483 0.29535788 -0.13146332 0.76530122 0.14058008 -0.16284644 -0.27518189 -0.93701292
1463224710.28856 0.27528704 -0.13880986 0.77946114 0.14093068 -0.14112624 -0.26487208 -0.94343241
1463224710.68803 0.22485306 -0.14564146 0.78458907 0.12584275 -0.07505212 -0.24270929 -0.95896975
1463224710.92720 0.20527453 -0.13460626 0.76806136 0.10571599 -0.04662638 -0.23706031 -0.96459967
1463224711.15468 0.18969218 -0.11314552 0.73849490 0.08666074 -0.01990090 -0.23466961 -0.96800002
1463224711.28795 0.18525346 -0.09440060 0.71705427 0.07195901 -0.00733563 -0.22861349 -0.97082643
1463224711.45451 0.18871423 -0.06214251 0.68735182 0.07585119 0.00337834 -0.23293499 -0.96952384
1463224711.62115 0.20112845 -0.02525141 0.65425296 0.08241864 0.01483122 -0.22617319 -0.97048075
1463224711.75714 0.21484326 0.00268827 0.62515784 0.08353380 0.03610693 -0.22088818 -0.97104418
1463224711.88772 0.23207197 0.03059512 0.59038153 0.08655737 0.05662672 -0.21527032 -0.97106124
1463224712.09065 0.26245524 0.06145981 0.54138906 0.08291464 0.06562284 -0.21744588 -0.97032783
1463224712.32105 0.29432171 0.09299887 0.49404574 0.07915365 0.05542934 -0.22308283 -0.96999811
1463224712.48815 0.32155357 0.11910125 0.45985824 0.07454376 0.03134669 -0.22933015 -0.96998366
1463224712.62104 0.34632349 0.14466344 0.42820613 0.07401680 0.01115901 -0.23141608 -0.96997092
1463224712.82100 0.38157356 0.18095627 0.37470497 0.08309941 -0.00300437 -0.23525099 -0.96837102
1463224712.98761 0.41623792 0.20253508 0.33818146 0.09293657 -0.03016164 -0.24863837 -0.96365556
1463224713.28754 0.46564029 0.19927148 0.32081339 0.06310451 -0.02613851 -0.24817838 -0.96630331
1463224713.59027 0.50355541 0.17898101 0.35159489 0.02983730 -0.00124829 -0.22881233 -0.97301238
1463224713.85413 0.52139584 0.14915574 0.38629829 0.01449524 0.03800192 -0.20939643 -0.97698458
1463224714.08994 0.52069993 0.11586044 0.42765253 0.01786150 0.03963866 -0.19870801 -0.97909390
1463224714.25647 0.51232301 0.07392719 0.46607883 0.01063727 0.01964935 -0.20135497 -0.97926346
1463224714.38734 0.49787125 0.03189382 0.49665721 0.00982276 0.00572186 -0.21134329 -0.97734579
1463224714.65396 0.46546209 -0.05995864 0.54821093 0.01130060 -0.02558805 -0.25635453 -0.96617799
1463224714.78723 0.45180402 -0.09754311 0.57268533 0.01470394 -0.03442063 -0.27540964 -0.96059801
1463224714.95387 0.43524361 -0.13771899 0.60594086 0.01921139 -0.04243359 -0.28621382 -0.95703290
1463224715.12055 0.41948680 -0.17754650 0.64031401 0.01479623 -0.05274108 -0.29611871 -0.95357913
1463224715.25597 0.40536595 -0.21091556 0.66933674 0.01338627 -0.05569079 -0.31675405 -0.94677675
1463224715.38722 0.38783592 -0.23594933 0.69760563 0.02009752 -0.05915339 -0.32664129 -0.94308135
1463224715.55372 0.35801210 -0.25716106 0.73022864 0.02712058 -0.06819413 -0.31987036 -0.94461473
1463224715.68704 0.32732752 -0.26727739 0.75201463 0.03534026 -0.07794185 -0.31345048 -0.94574041
1463224715.82057 0.29128204 -0.27321761 0.77218123 0.04939870 -0.09365914 -0.31225073 -0.94408009
1463224715.92355 0.26102368 -0.27516735 0.78599784 0.06126589 -0.10617773 -0.31679781 -0.94053810
1463224716.02120 0.22889833 -0.27390855 0.79718643 0.08377739 -0.11613822 -0.31946248 -0.93671607
1463224716.15372 0.19146091 -0.26875272 0.80696768 0.10647536 -0.13301849 -0.31233549 -0.93456708
1463224716.28681 0.15877774 -0.25492633 0.81054856 0.13065057 -0.14431119 -0.31042430 -0.93045229
1463224716.45359 0.12487348 -0.23133878 0.80702473 0.14887975 -0.15375002 -0.30836145 -0.92688131
1463224716.62047 0.09887993 -0.20630634 0.79593830 0.17412806 -0.14503360 -0.30304459 -0.92563959
1463224716.88689 0.07684558 -0.17853171 0.76455244 0.18699597 -0.13728229 -0.29208835 -0.92783106
1463224717.22017 0.07294971 -0.15152377 0.70069618 0.18397827 -0.14467364 -0.29325418 -0.92694310
1463224717.45347 0.08259310 -0.12861900 0.63965607 0.17049421 -0.15108456 -0.29161329 -0.92901392
1463224717.62091 0.09235908 -0.10951038 0.58521359 0.16007041 -0.15631472 -0.28569440 -0.93183791
1463224717.75591 0.09638233 -0.09234022 0.53884553 0.16043645 -0.15346424 -0.28738970 -0.93172745
1463224718.01998 0.10237171 -0.07118495 0.45895311 0.14697908 -0.15077238 -0.28701063 -0.93449973
1463224718.55578 0.10507969 -0.03973784 0.34332671 0.10496226 -0.14899156 -0.26599540 -0.94658908
1463224718.92229 0.10450461 -0.02944086 0.27291536 0.08756208 -0.13158236 -0.25452750 -0.95406222
1463224719.05434 0.10544918 -0.03894357 0.26342630 0.06097262 -0.11394327 -0.24033761 -0.96204839
1463224719.31968 0.10653840 -0.05301247 0.27231137 0.03575350 -0.07844112 -0.22729557 -0.97000278
1463224719.48639 0.10895521 -0.06170744 0.28629124 0.02268597 -0.06748787 -0.22338687 -0.97212604
1463224719.78631 0.08522833 -0.09281736 0.33113173 0.01733091 -0.04521106 -0.21051951 -0.97638985
1463224719.95294 0.05501501 -0.12519464 0.36409931 0.01347835 -0.04370063 -0.21391786 -0.97578058
1463224720.15372 0.00625722 -0.17832336 0.40342059 0.01171432 -0.04888862 -0.21996628 -0.97421123
1463224720.31990 -0.03630442 -0.23088470 0.43329156 0.00549557 -0.04319733 -0.23559066 -0.97087632
1463224720.48623 -0.07741151 -0.27802726 0.46718389 -0.00955551 -0.03079575 -0.24313895 -0.96945540
1463224720.65286 -0.11680209 -0.31775196 0.50636480 -0.02057538 -0.01174523 -0.23020851 -0.97285289
1463224720.81945 -0.15997933 -0.36199683 0.55324471 -0.02511906 0.00295150 -0.23165116 -0.97247008
1463224720.95277 -0.19480647 -0.40675105 0.59414145 -0.03818946 0.01344247 -0.23375770 -0.97145160
1463224721.08854 -0.22158241 -0.44639097 0.63157118 -0.04899544 0.02914484 -0.22798995 -0.97199311
1463224721.42255 -0.28100781 -0.52748591 0.72746409 -0.05688329 0.04933913 -0.21614378 -0.97345355
1463224721.55269 -0.30021784 -0.55701258 0.77900062 -0.07073330 0.04636248 -0.20417494 -0.97527428
1463224721.68605 -0.31192139 -0.59071679 0.83675178 -0.07755791 0.01848878 -0.21492561 -0.97337039
1463224721.78601 -0.32203550 -0.61813131 0.87874263 -0.07677043 0.00695106 -0.22344647 -0.97166335
1463224721.92194 -0.33363268 -0.64894262 0.93615241 -0.07208391 0.00044192 -0.22944950 -0.97064754
1463224722.08593 -0.34337250 -0.66833076 1.01972022 -0.06496175 -0.00656495 -0.23408614 -0.97002090
1463224722.25261 -0.34642570 -0.68258074 1.13023995 -0.05256789 -0.01965239 -0.23737778 -0.96979492
1463224722.38583 -0.34466526 -0.70794176 1.21473521 -0.05156729 -0.02375740 -0.24909666 -0.96681294
1463224722.51918 -0.34053659 -0.74315183 1.28953646 -0.06604583 -0.01065457 -0.25234046 -0.96532312
1463224722.68580 -0.34686588 -0.77069650 1.37500088 -0.04510908 0.01124765 -0.24835870 -0.96755187
1463224722.85284 -0.36042208 -0.78470772 1.46316420 -0.02650954 0.02999727 -0.23066970 -0.97220826
1463224723.05242 -0.37550068 -0.81643730 1.57931188 -0.02214948 0.04583116 -0.22129192 -0.97387822
1463224723.21898 -0.37386998 -0.85807867 1.66487368 -0.02615074 0.05374093 -0.22357791 -0.97285198
1463224723.35232 -0.36780678 -0.88106837 1.71978036 -0.01746306 0.04731619 -0.23046505 -0.97177265
1463224723.51897 -0.37029735 -0.88946665 1.79009787 -0.02110554 0.05643392 -0.22426044 -0.97266491
1463224723.68559 -0.38933303 -0.88386706 1.87373655 -0.03231158 0.08625738 -0.21088345 -0.97316175
1463224723.81937 -0.39711900 -0.87797531 1.93693369 -0.04653798 0.10564928 -0.21127778 -0.97058443
1463224723.98553 -0.39472002 -0.89129514 2.00682788 -0.03574338 0.13435560 -0.20287657 -0.96928432
1463224724.11876 -0.39709663 -0.89932867 2.05727171 -0.02660284 0.14455415 -0.19273490 -0.97018021
1463224724.35214 -0.42894616 -0.88926939 2.17549082 -0.04995894 0.15406838 -0.18418629 -0.96945472
1463224724.55208 -0.44547167 -0.89678838 2.25455293 -0.05085035 0.17624194 -0.17768470 -0.96684082
1463224724.78546 -0.44262075 -0.89279750 2.33769586 -0.05045021 0.19913346 -0.17107197 -0.96360522
1463224724.98531 -0.43277237 -0.87054168 2.43334482 -0.06005532 0.20207851 -0.15683779 -0.96486245
1463224725.21860 -0.42235348 -0.88065294 2.52029861 -0.06301626 0.22791311 -0.13849939 -0.96171851
1463224725.42149 -0.43366917 -0.88512858 2.59591283 -0.06279161 0.24183876 -0.10921968 -0.96210306
1463224725.58774 -0.45076046 -0.89144403 2.66776328 -0.09272869 0.25741364 -0.09315555 -0.95732004
1463224725.78520 -0.47588710 -0.90687216 2.73107514 -0.09282853 0.28795190 -0.09082612 -0.94879776
1463224725.92181 -0.48671528 -0.91261437 2.77457022 -0.09366622 0.30139197 -0.08978697 -0.94463105
1463224726.08761 -0.51151184 -0.90226588 2.84026627 -0.10378582 0.33722389 -0.08164119 -0.93211763
1463224726.28520 -0.53564428 -0.89724879 2.90926731 -0.09372469 0.36196315 -0.06884118 -0.92491040
1463224726.42120 -0.55139030 -0.89971613 2.94863669 -0.05704529 0.38428424 -0.05523532 -0.91979373
1463224726.65207 -0.59153355 -0.89343615 3.04173876 -0.06210903 0.37871792 -0.02255298 -0.92315035
1463224726.81887 -0.62058305 -0.89952950 3.11693565 -0.05005633 0.40534259 0.00627017 -0.91277184
1463224727.01847 -0.64874321 -0.91033917 3.17979033 -0.03859399 0.44204310 0.01322935 -0.89606550
1463224727.25388 -0.69043501 -0.91394907 3.28128682 -0.06749886 0.44477718 0.01667932 -0.89293839
1463224727.51893 -0.72380310 -0.93609611 3.38075688 -0.08014958 0.44912757 0.03279371 -0.88926095
1463224727.78905 -0.78162210 -0.95627634 3.47309301 -0.08638286 0.45795686 0.03725056 -0.88398298
1463224728.01803 -0.84192935 -0.98344212 3.55755472 -0.09086847 0.46619379 0.03541580 -0.87929062
1463224728.28484 -0.90946911 -1.00970512 3.65765699 -0.10181087 0.48123541 0.04029529 -0.86972600
1463224728.51801 -0.96817333 -1.01800551 3.75209995 -0.10302813 0.48860189 0.07091800 -0.86349524
1463224728.71891 -1.02718900 -1.02719796 3.82428564 -0.10195026 0.49846831 0.08859896 -0.85632103
1463224729.01786 -1.12924687 -1.05553176 3.91647952 -0.11046978 0.51016797 0.08829139 -0.84836885
1463224729.25386 -1.21749208 -1.08921871 4.00826467 -0.11861768 0.52775930 0.09322525 -0.83588816
1463224729.55103 -1.32590540 -1.12274182 4.11132701 -0.13184422 0.54542990 0.10332885 -0.82124690
1463224729.85112 -1.44694836 -1.16140708 4.20133938 -0.13851687 0.55296349 0.11671224 -0.81327899
1463224730.08704 -1.54086483 -1.18743002 4.26435347 -0.14853179 0.57951288 0.11201595 -0.79344537
1463224730.35090 -1.64506549 -1.20986643 4.34114118 -0.15700273 0.60549293 0.12544897 -0.77005910
1463224730.68465 -1.77502972 -1.24405848 4.41570036 -0.16132888 0.62066867 0.11039202 -0.75931350
1463224730.95397 -1.87956375 -1.26804961 4.47888065 -0.14360856 0.60761620 0.07405120 -0.77762173
1463224731.18409 -1.97057833 -1.28406294 4.52625756 -0.12815763 0.62654863 0.08530613 -0.76402572
1463224731.45079 -2.07646683 -1.30096956 4.58223260 -0.10388613 0.63188079 0.07132883 -0.76475260
1463224731.71818 -2.19981286 -1.31651020 4.61928877 -0.09791961 0.64105468 0.08581756 -0.75637027
1463224731.92030 -2.28135335 -1.31953376 4.64428113 -0.05824668 0.65038931 0.10430262 -0.75014801
1463224732.08710 -2.35011794 -1.32397531 4.67118145 -0.05436625 0.66818434 0.14368611 -0.72796175
1463224732.28397 -2.43171986 -1.34066677 4.70146369 -0.08530727 0.68384634 0.17302484 -0.70366132
1463224732.51725 -2.52980087 -1.36411270 4.74103363 -0.10474647 0.70354685 0.18361727 -0.67847970
1463224732.71721 -2.62805169 -1.38476066 4.74874949 -0.13289171 0.71822700 0.21270593 -0.64903464
1463224732.91965 -2.71672058 -1.40344827 4.76978630 -0.13544034 0.74195246 0.20118485 -0.62504970
1463224733.11741 -2.80245321 -1.42096721 4.80225979 -0.16082148 0.75718045 0.22296318 -0.59253830
1463224733.38380 -2.91901830 -1.44748363 4.83751986 -0.15971475 0.76496647 0.23048367 -0.57982305
1463224733.55042 -3.00597151 -1.47336291 4.84450960 -0.19199420 0.76889658 0.22227468 -0.56791746
1463224733.75288 -3.09648135 -1.49429302 4.85237566 -0.19673908 0.78090193 0.22757173 -0.54744590
1463224733.91974 -3.17182248 -1.50899581 4.86109840 -0.21027121 0.79247183 0.23912797 -0.52018480
1463224734.11747 -3.26954474 -1.52445376 4.86943201 -0.22645443 0.80038807 0.25029757 -0.49542754
1463224734.31741 -3.37516036 -1.53014997 4.86526732 -0.21705658 0.80689984 0.26105163 -0.48337474
1463224734.48362 -3.46525742 -1.53849800 4.85157453 -0.23514069 0.81432367 0.25632387 -0.46463306
1463224734.65017 -3.54313517 -1.54499548 4.83490619 -0.23570944 0.82554348 0.26024856 -0.44180279
1463224734.81715 -3.62210821 -1.55559363 4.82136070 -0.25291580 0.83779294 0.26500684 -0.40485548
1463224735.01683 -3.71708418 -1.56472594 4.80667126 -0.26355267 0.84587029 0.26355865 -0.38154983
1463224735.21677 -3.81327325 -1.57183713 4.78625269 -0.25834093 0.85235037 0.26352616 -0.37055738
1463224735.41955 -3.91929983 -1.57051442 4.74368963 -0.26204510 0.86096694 0.25519097 -0.35347682
1463224735.58622 -3.99219522 -1.57164936 4.71682212 -0.25509017 0.87244849 0.25651970 -0.32857310
1463224735.75290 -4.06717863 -1.57326391 4.69814731 -0.26812427 0.87747639 0.26041552 -0.30054671
1463224735.94995 -4.15353846 -1.57009882 4.66857883 -0.27441559 0.88048648 0.27283632 -0.27386126
1463224736.14995 -4.24786731 -1.57033427 4.63147247 -0.27743131 0.88351712 0.27050032 -0.26317092
1463224736.31654 -4.32153612 -1.56732156 4.59883813 -0.28801819 0.88747750 0.26536253 -0.24292374
1463224736.48321 -4.39122399 -1.56370862 4.58158515 -0.28785140 0.88983853 0.27124412 -0.22749854
1463224736.68313 -4.49583893 -1.55948659 4.54202067 -0.30764595 0.88926826 0.28017298 -0.18989218
1463224736.88315 -4.58978925 -1.54814713 4.49864050 -0.29645060 0.89522962 0.29160700 -0.16014474
1463224737.08600 -4.69218699 -1.53152428 4.43737909 -0.29517832 0.89825209 0.28129101 -0.16397654
1463224737.28299 -4.77781578 -1.51042101 4.37897204 -0.28515027 0.90588824 0.27863463 -0.14289356
1463224737.44963 -4.84291005 -1.49977965 4.32890165 -0.27750005 0.91461942 0.27073592 -0.11474799
1463224737.64960 -4.92264346 -1.48758762 4.26292624 -0.27647370 0.92347995 0.25024087 -0.09014748
1463224737.85268 -5.00271978 -1.47029342 4.19684741 -0.26174577 0.93037385 0.24190530 -0.08588064
1463224738.08531 -5.09011169 -1.43965330 4.12293888 -0.27091945 0.93111848 0.23471511 -0.06730407
1463224738.28486 -5.15576647 -1.42010420 4.06127799 -0.26152490 0.93665843 0.22817332 -0.04703876
1463224738.51610 -5.23771223 -1.39366572 3.99542570 -0.26757762 0.93663663 0.22435199 -0.02793246
1463224738.75168 -5.31748721 -1.36211552 3.91184022 -0.26108419 0.93878832 0.22401382 -0.01814759
1463224738.91977 -5.36993238 -1.33097724 3.85651410 -0.26702171 0.93916337 0.21551371 0.01501397
1463224739.08534 -5.41925720 -1.30216345 3.80347495 -0.26610164 0.93566317 0.22840425 0.03944411
1463224739.25218 -5.47096635 -1.27032389 3.75730119 -0.26330995 0.93200747 0.23510518 0.08219188
1463224739.44929 -5.52918460 -1.22764162 3.69911483 -0.24760195 0.92863804 0.25607280 0.10368886
1463224739.68266 -5.59152962 -1.17789810 3.61742499 -0.24063575 0.92637867 0.26523126 0.11648762
1463224739.84923 -5.63019828 -1.13741883 3.56056384 -0.23724124 0.92302385 0.26931803 0.13860507
1463224740.01586 -5.66553952 -1.09855905 3.50395897 -0.22937295 0.92009460 0.27254024 0.16289810
1463224740.14996 -5.69351352 -1.06861550 3.45838937 -0.22966120 0.91528707 0.26491898 0.19830090
1463224740.31581 -5.71896535 -1.02700816 3.40124640 -0.22706609 0.90524983 0.26963650 0.23719168
1463224740.61575 -5.75824901 -0.92363915 3.28379464 -0.21603391 0.89201473 0.28633400 0.27504893
1463224740.84914 -5.77681169 -0.83718207 3.19800718 -0.21457040 0.86929141 0.30239652 0.32687663
1463224741.18227 -5.79329028 -0.71734043 3.06061159 -0.19506263 0.85663116 0.29447667 0.37605468
1463224741.44918 -5.78591596 -0.61236925 2.91437018 -0.17672197 0.85029231 0.27076990 0.41527822
1463224741.84911 -5.78507226 -0.46853466 2.64720879 -0.16222782 0.83489224 0.28447069 0.44239519
1463224742.31537 -5.78739850 -0.34858932 2.25562812 -0.15317368 0.83282029 0.27001356 0.45830215
1463224742.68193 -5.79942451 -0.22108173 1.91180910 -0.17173372 0.84082390 0.25253909 0.44693032
1463224742.91795 -5.83388096 -0.15710399 1.68757057 -0.16603262 0.86012380 0.24250596 0.41690656
1463224743.31511 -5.90776318 -0.08120390 1.31178379 -0.16146481 0.85870889 0.24334405 0.42110785
1463224743.54847 -5.97635309 -0.00161312 1.07808143 -0.18507156 0.87106513 0.22249750 0.39684873
1463224743.78246 -6.02930988 0.04393727 0.83414323 -0.19709607 0.88603680 0.21673104 0.35933213
1463224744.18172 -6.15179749 0.13246201 0.43919293 -0.19073945 0.89916112 0.20595467 0.33572371
1463224744.58487 -6.26652198 0.18636073 0.07106103 -0.21292036 0.89802561 0.18729862 0.33635422
1463224744.94830 -6.37605274 0.24398733 -0.25898470 -0.21293301 0.90072720 0.20749887 0.31669270
1463224745.31481 -6.50134514 0.28963962 -0.57182352 -0.20530383 0.90879364 0.19364420 0.30732129
1463224745.64821 -6.62267009 0.31858500 -0.85794795 -0.21616220 0.91641753 0.18021975 0.28455869
1463224745.94809 -6.73768533 0.36418692 -1.12806028 -0.22772135 0.92000551 0.18030715 0.26310107
1463224746.28126 -6.86836644 0.40625178 -1.40101097 -0.21528168 0.92929509 0.18427733 0.23686769
1463224746.71468 -7.01143994 0.42645926 -1.75815169 -0.22277038 0.92236339 0.18988070 0.25211994
1463224747.08617 -7.14411215 0.47833572 -2.07366520 -0.23438159 0.92591279 0.17835233 0.23651897
1463224747.38252 -7.26176452 0.51812483 -2.32206490 -0.22877486 0.93575956 0.16970637 0.20788423
1463224747.75086 -7.35514070 0.54363301 -2.62997320 -0.20787330 0.93489475 0.19177608 0.21443517
1463224748.11430 -7.47389672 0.63082030 -2.95016862 -0.22786033 0.93290092 0.17762592 0.21499900
1463224748.48095 -7.58296465 0.68471569 -3.27376179 -0.22514262 0.94001714 0.16778803 0.19371565
1463224748.94748 -7.71851132 0.73970148 -3.66819686 -0.23359601 0.93528431 0.17973084 0.19589024
1463224749.28079 -7.81904777 0.79261201 -3.97235764 -0.24438987 0.94022977 0.15694375 0.17779264
1463224749.61405 -7.93079891 0.83630030 -4.24624765 -0.24449873 0.94760430 0.13413957 0.15579805
1463224750.04726 -8.07752224 0.86380957 -4.60924094 -0.25233003 0.94371431 0.12831767 0.17107726
1463224750.38064 -8.20305863 0.90640822 -4.90362405 -0.27014506 0.94363471 0.11833087 0.15024310
1463224750.78046 -8.35705521 0.95153652 -5.22573490 -0.26683933 0.94391512 0.12707812 0.14721472
1463224751.14830 -8.47456288 0.97243766 -5.51042948 -0.27262267 0.93949025 0.12970299 0.16190148
1463224751.44693 -8.58116239 1.01644646 -5.76819644 -0.29346548 0.93825083 0.11019839 0.14635473
1463224751.68020 -8.65465798 1.02690365 -5.95647364 -0.29196594 0.94285798 0.11525577 0.11176232
1463224752.01351 -8.77099047 1.07004652 -6.22117835 -0.28827622 0.94394867 0.11246869 0.11492835
1463224752.31661 -8.85053275 1.09571347 -6.45295985 -0.28092941 0.94756015 0.10384465 0.11146621
1463224752.51631 -8.91602987 1.14164781 -6.61647191 -0.28640937 0.94972684 0.09293739 0.08573934
1463224752.68029 -8.94837522 1.15547090 -6.74605203 -0.29539617 0.94712635 0.10813397 0.06324415
1463224752.91808 -9.02001853 1.19644081 -6.92456783 -0.28876902 0.95094878 0.10448515 0.03730592
1463224753.14660 -9.08704426 1.23164003 -7.11752801 -0.27026733 0.95605044 0.10691536 0.03862949
1463224753.34660 -9.11663168 1.23961409 -7.27365988 -0.27344836 0.95636884 0.08716418 0.05465390
1463224753.51363 -9.15405507 1.26878641 -7.40292565 -0.27083664 0.95889201 0.05106616 0.06757129
1463224753.64656 -9.18180571 1.29581399 -7.51325344 -0.27119068 0.95899263 0.02587673 0.07822491
1463224753.81325 -9.20726952 1.30866156 -7.64797939 -0.27976088 0.95647976 0.03320379 0.07601198
1463224753.91696 -9.22374561 1.31865109 -7.71865922 -0.27553916 0.95691910 0.04106447 0.08183962
1463224754.04662 -9.25411292 1.34575833 -7.80741925 -0.26367534 0.95804475 0.03925398 0.10528388
1463224754.14639 -9.28160188 1.37069638 -7.87622750 -0.25393991 0.95753845 0.04524143 0.12879387
1463224754.24906 -9.30338682 1.39391701 -7.94605742 -0.24417158 0.95567723 0.05415141 0.15533479
1463224754.37977 -9.32176165 1.40514159 -8.03887019 -0.23499293 0.95217176 0.05939059 0.18606454
1463224754.51313 -9.33539175 1.41411297 -8.12369069 -0.23451698 0.94896727 0.07231053 0.19807596
1463224754.64637 -9.33984952 1.43093858 -8.20909422 -0.21918784 0.94700151 0.06948285 0.22431445
1463224754.81304 -9.34005662 1.45181618 -8.32264758 -0.20139266 0.94777330 0.05228838 0.24172857
1463224754.98138 -9.33733424 1.46044171 -8.43201814 -0.19613260 0.94794348 0.05693849 0.24432184
1463224755.14690 -9.32750788 1.46434131 -8.52418939 -0.18073762 0.94622667 0.05660535 0.26226865
1463224755.34637 -9.30256089 1.46834619 -8.62884955 -0.16450956 0.94216457 0.06059791 0.28564037
1463224755.51291 -9.28837885 1.47087120 -8.70080286 -0.15943166 0.92857619 0.08242436 0.32486001
1463224755.67958 -9.25739948 1.47467369 -8.77638045 -0.13591945 0.92269101 0.08403841 0.35086287
1463224755.84611 -9.23464282 1.47964955 -8.86621998 -0.13939368 0.92648760 0.07562839 0.34127771
1463224756.01328 -9.21713269 1.47911402 -8.95099648 -0.13525019 0.93085603 0.06372519 0.33339698
1463224756.21313 -9.20955675 1.49961074 -9.05320489 -0.13711662 0.93339493 0.07142776 0.32383795
1463224756.37941 -9.19278907 1.50833823 -9.13568808 -0.12766177 0.92913950 0.07956615 0.33774471
1463224756.54614 -9.16657315 1.50474704 -9.21143128 -0.12139204 0.92258565 0.07990588 0.35737200
1463224756.67934 -9.14421680 1.51265908 -9.27479844 -0.11213919 0.91827366 0.07457317 0.37234008
1463224756.84619 -9.11449922 1.53090985 -9.36289744 -0.09583011 0.91412025 0.06952226 0.38777238
1463224756.97945 -9.08186284 1.54292291 -9.43815516 -0.09495797 0.90668609 0.07242421 0.40454671
1463224757.11265 -9.04907944 1.55801492 -9.51159696 -0.11355115 0.89800358 0.09848223 0.41351777
1463224757.25318 -9.01876690 1.56897469 -9.58369184 -0.10864847 0.89382225 0.11769956 0.41883661
1463224757.37918 -8.98705357 1.57688974 -9.66287784 -0.10634830 0.89113973 0.11314444 0.42633127
1463224757.54584 -8.94063916 1.58676922 -9.77165479 -0.09006659 0.88763762 0.10134722 0.44013203
1463224757.67920 -8.90036640 1.59226997 -9.85203256 -0.08861410 0.87568955 0.10597740 0.46269228
1463224757.81251 -8.86183973 1.59396171 -9.92113521 -0.08387780 0.86463283 0.11304613 0.48228120
1463224757.97903 -8.80987727 1.60580265 -10.00448600 -0.07917532 0.85397545 0.13047650 0.49742645
1463224758.14559 -8.74913849 1.61978652 -10.09076860 -0.06942466 0.84489244 0.12819336 0.51468772
1463224758.31226 -8.68446309 1.63188453 -10.17608154 -0.06440077 0.83918415 0.12308333 0.52580699
1463224758.51227 -8.61299782 1.64327531 -10.26164382 -0.06549915 0.82460302 0.14040663 0.54408243
1463224758.74553 -8.53600505 1.67006780 -10.35830612 -0.05033946 0.81727885 0.13936835 0.55686415
1463224758.91225 -8.46010430 1.69127442 -10.42666161 -0.02056785 0.80896131 0.13396231 0.57202505
1463224759.07884 -8.40240302 1.68722267 -10.50245105 -0.01620555 0.79860555 0.13635890 0.58598020
1463224759.27877 -8.32838806 1.67871413 -10.57343795 -0.00024689 0.78581184 0.14765026 0.60058230
1463224759.51205 -8.26269383 1.71939103 -10.64512463 0.00872292 0.77096195 0.14778013 0.61943734
1463224759.74789 -8.18357418 1.78554032 -10.72559911 0.01007559 0.75721731 0.16989743 0.63059915
1463224759.91473 -8.10234822 1.79925982 -10.78359978 0.01206260 0.74568901 0.18600717 0.63969034
1463224760.08347 -8.02768999 1.79368486 -10.83723630 0.01679606 0.73931770 0.18218849 0.64802360
1463224760.31196 -7.94362261 1.82331224 -10.89671819 0.02051842 0.72174517 0.18775312 0.66589163
1463224760.51189 -7.86431819 1.87211713 -10.95209369 0.02961172 0.70400906 0.18373951 0.68537157
1463224760.67856 -7.77388396 1.88869418 -10.99846321 0.04230592 0.68489688 0.19954317 0.69950626
1463224760.84522 -7.68351451 1.87860167 -11.03345690 0.04431922 0.66141103 0.20590408 0.71984357
1463224761.07849 -7.55795498 1.89961664 -11.05529239 0.06404845 0.63238281 0.20392764 0.74458263
1463224761.31248 -7.42801407 1.94044406 -11.08530869 0.08407414 0.61760019 0.19868570 0.75632370
1463224761.47837 -7.32035141 1.94393663 -11.10234320 0.08756811 0.60463038 0.19960249 0.76610233
1463224761.67835 -7.21069087 1.93731697 -11.12017647 0.09793220 0.58931113 0.20978898 0.77402213
1463224761.91164 -7.10018245 1.98000822 -11.13063901 0.10754170 0.56906520 0.20645408 0.78865474
1463224762.11191 -6.98313641 2.01056446 -11.15035284 0.12273216 0.55700661 0.23391471 0.78737816
1463224762.24735 -6.89882715 2.00337844 -11.16043057 0.11861715 0.54206494 0.24217320 0.79589429
1463224762.41407 -6.80396405 2.00205391 -11.15378492 0.12617303 0.51724345 0.25320313 0.80773000
1463224762.61223 -6.69328876 2.02811684 -11.14779992 0.13936360 0.49203106 0.24271066 0.82436325
1463224762.81153 -6.56122577 2.05295457 -11.13140530 0.13230535 0.47460580 0.24130011 0.83607350
1463224762.97839 -6.45248796 2.04499039 -11.12609871 0.12941009 0.46947906 0.23974411 0.83986023
1463224763.14537 -6.36212710 2.04483483 -11.12155033 0.13153860 0.46091974 0.25224073 0.84061002
1463224763.34483 -6.25922527 2.07661932 -11.10766464 0.13317725 0.45166783 0.23757875 0.84959775
1463224763.47801 -6.17401627 2.08776262 -11.09740830 0.14349817 0.44086303 0.24996091 0.85003977
1463224763.61137 -6.08923881 2.08101911 -11.09043051 0.14777337 0.42373230 0.25457089 0.85662572
1463224763.74726 -6.01375531 2.06758641 -11.08139588 0.15177756 0.40606130 0.25918503 0.86307643
1463224763.87793 -5.94050237 2.06040455 -11.06516620 0.16874615 0.39114779 0.26545944 0.86490429
1463224763.97797 -5.89176918 2.06248847 -11.04874258 0.18683803 0.38025110 0.25580131 0.86894553
1463224764.11119 -5.81512263 2.06351681 -11.02549053 0.20479130 0.36521270 0.24930342 0.87322850
1463224764.24688 -5.73530194 2.05468337 -11.00258930 0.20894086 0.34517505 0.25158466 0.87971760
1463224764.37785 -5.65742447 2.03808319 -10.98935251 0.20527362 0.34044143 0.24535879 0.88417274
1463224764.51112 -5.58634994 2.02664995 -10.97753608 0.20833906 0.33537273 0.25484814 0.88270742
1463224764.64442 -5.52180072 2.03506847 -10.95917348 0.21015704 0.33395766 0.24281934 0.88619697
1463224764.77774 -5.45223790 2.04869348 -10.93773362 0.22053285 0.33102865 0.24323296 0.88465984
1463224764.91338 -5.37517880 2.04728524 -10.91987577 0.21885232 0.31457156 0.25981232 0.88636671
1463224765.01100 -5.31795197 2.03208624 -10.91257208 0.22658246 0.30759484 0.25452903 0.88840350
1463224765.11108 -5.26821612 2.01231704 -10.90343245 0.23801539 0.29529447 0.24937581 0.89104520
1463224765.24648 -5.20378150 1.98969205 -10.88317062 0.25048991 0.27947630 0.25038448 0.89244351
1463224765.37768 -5.14837793 1.98358144 -10.85167260 0.26800333 0.26919990 0.23870644 0.89371408
1463224765.54426 -5.07946556 1.98657020 -10.79879944 0.27790562 0.25580622 0.23462072 0.89570350
1463224765.67754 -5.01606942 1.97435038 -10.75598746 0.26842863 0.24306337 0.23844788 0.90111535
1463224765.81088 -4.95457322 1.94852417 -10.72763693 0.26111501 0.23684263 0.23762010 0.90513049
1463224765.94464 -4.89877780 1.92310407 -10.70266243 0.26212046 0.23068008 0.24547056 0.90433609
1463224766.08069 -4.85155934 1.90810900 -10.67225407 0.26915838 0.22681042 0.24186931 0.90421792
1463224766.21076 -4.80757839 1.90553075 -10.63371748 0.27522915 0.21920089 0.23935389 0.90493624
1463224766.31159 -4.77629125 1.90029163 -10.60814423 0.28019366 0.20079932 0.24347828 0.90658120
1463224766.44411 -4.73496126 1.88179829 -10.57868778 0.29056359 0.17407760 0.24175607 0.90929852
1463224766.57956 -4.69580961 1.85682042 -10.55191614 0.30354552 0.15403708 0.24489916 0.90783099
1463224766.74655 -4.65315430 1.83895050 -10.50327961 0.31274553 0.12987489 0.23935192 0.90996341
1463224766.91320 -4.60696066 1.82911884 -10.44208083 0.32145897 0.11809950 0.23685502 0.90918443
1463224767.11070 -4.53299946 1.79089037 -10.36711353 0.31131655 0.11835918 0.24277447 0.91111671
1463224767.37731 -4.44346939 1.73141911 -10.29741263 0.29747088 0.10251065 0.24510239 0.91702097
1463224767.91306 -4.29068579 1.64290726 -10.16900883 0.29989056 0.07053204 0.26836672 0.91272679
1463224768.11049 -4.24960518 1.61678524 -10.10452691 0.30721630 0.08410461 0.26976798 0.90871877
1463224768.24608 -4.21714227 1.59516695 -10.05769861 0.28849369 0.10453752 0.27221982 0.91199762
1463224768.34380 -4.18649894 1.57828091 -10.03002061 0.27779047 0.12602632 0.27785013 0.91090566
1463224768.67760 -4.10531700 1.54409015 -9.93366334 0.26776280 0.15584903 0.27578332 0.90992182
1463224769.01028 -4.01358480 1.51531438 -9.84739607 0.21814790 0.15353844 0.30552380 0.91405287
1463224769.11024 -3.98684666 1.50756850 -9.82279686 0.20880864 0.15682640 0.31260171 0.91328232
1463224769.17690 -3.96526006 1.50375112 -9.80446414 0.20853406 0.16796585 0.31336142 0.91110134
1463224769.44358 -3.85337059 1.49197717 -9.73022318 0.19384412 0.21542960 0.30363758 0.90764462
1463224769.51030 -3.82877287 1.47944336 -9.71550909 0.18409699 0.23264943 0.30415354 0.90524757
1463224769.77757 -3.71063397 1.49671153 -9.65182250 0.16428808 0.28282490 0.31304295 0.89164097
1463224769.87677 -3.68367144 1.50213191 -9.63171418 0.15522909 0.29860697 0.31892655 0.88601561
1463224769.97685 -3.63673448 1.50606483 -9.60489624 0.14613895 0.31095455 0.32397304 0.88147158
1463224770.21080 -3.50733211 1.52125477 -9.54894207 0.12871782 0.33703352 0.33750384 0.86944309
1463224770.41294 -3.42687295 1.54916394 -9.49813466 0.07578226 0.35312549 0.35910368 0.86058351
1463224770.57977 -3.33296300 1.59671635 -9.44387477 0.05963790 0.38973325 0.35917073 0.84590053
1463224770.70994 -3.23507794 1.62744152 -9.40038949 0.05764044 0.42114148 0.34050667 0.83867314
1463224770.84330 -3.13867132 1.65499177 -9.36583294 0.04699568 0.45153233 0.34192294 0.82279928
1463224771.04330 -3.00878999 1.70860639 -9.32180780 0.04005295 0.47596854 0.33649836 0.81155318
1463224771.24598 -2.89091642 1.79144770 -9.26463539 0.03684762 0.47033059 0.33758016 0.81453731
1463224771.41268 -2.77476197 1.84107450 -9.22446581 0.01751430 0.45521589 0.33797180 0.82355741
1463224771.57966 -2.65836457 1.87714689 -9.18814248 0.03298841 0.44935979 0.33448568 0.82771183
1463224771.81070 -2.50185934 1.97369103 -9.11142680 0.03825432 0.43392765 0.30813586 0.84575155
1463224772.00976 -2.35660075 2.02945674 -9.04899143 0.02854130 0.42136225 0.29665775 0.85652404
1463224772.24631 -2.19467273 2.09216591 -8.98979252 0.04477867 0.41831788 0.29240698 0.85878005
1463224772.37641 -2.10335115 2.15005294 -8.94723592 0.05233111 0.40930765 0.29341132 0.86234477
1463224772.47630 -2.04872419 2.17100772 -8.90342173 0.06330304 0.38260178 0.30119490 0.87114306
1463224772.57900 -1.99440760 2.16627900 -8.86212740 0.07042893 0.35694364 0.29932561 0.88206303
1463224772.70961 -1.92797370 2.16433342 -8.79953356 0.07505425 0.31707591 0.29151820 0.89935914
1463224772.87627 -1.85039082 2.20044412 -8.70361266 0.06962210 0.28395848 0.27116944 0.91705369
1463224773.04291 -1.75311073 2.23387892 -8.59818904 0.08438224 0.26419571 0.26063869 0.92474198
1463224773.31251 -1.60478049 2.24247229 -8.46020573 0.08479758 0.25312902 0.27850366 0.92258917
1463224773.41238 -1.56171049 2.25348221 -8.40636119 0.09071980 0.24197991 0.28117849 0.92420468
1463224773.60946 -1.47925046 2.29513063 -8.32039024 0.09512107 0.20921237 0.28859461 0.92945969
1463224773.77605 -1.39194030 2.27856704 -8.20307599 0.10555791 0.18708208 0.28189133 0.93509096
1463224773.97604 -1.32327224 2.28263074 -8.08640760 0.11279069 0.14544800 0.27386331 0.94399260
1463224774.20938 -1.23686874 2.29661847 -7.92172069 0.10914727 0.14422863 0.26090182 0.94826959
1463224774.47630 -1.13382687 2.25628078 -7.75101840 0.11947678 0.14195959 0.27743616 0.94265686
1463224774.67588 -1.07039172 2.26096965 -7.59540358 0.13527701 0.12297826 0.28855935 0.93984572
1463224774.91550 -0.96712382 2.23285430 -7.43234040 0.14144491 0.11724186 0.28285932 0.94140230
1463224775.17577 -0.87139287 2.22131102 -7.24655614 0.14845985 0.10603760 0.28079225 0.94226929
1463224775.41145 -0.78219648 2.22053716 -7.06752877 0.14074039 0.12167067 0.26849085 0.94514605
1463224775.60906 -0.69705749 2.19143226 -6.94216412 0.14323716 0.13443719 0.28644745 0.93774070
1463224775.87571 -0.61397732 2.19936645 -6.74339230 0.13497533 0.13020211 0.30089914 0.93503411
1463224776.04236 -0.54356610 2.16668767 -6.62753910 0.16822136 0.09861312 0.30960451 0.93065680
1463224776.24505 -0.48402892 2.15809322 -6.49224297 0.16927902 0.13946524 0.28929040 0.93177526
1463224776.41149 -0.42070967 2.15266866 -6.36328289 0.16514818 0.18280634 0.27688999 0.92878407
1463224776.60940 -0.34309356 2.13386498 -6.23911104 0.15992698 0.22200875 0.28281228 0.91932186
1463224776.87552 -0.27187163 2.10731258 -6.07018134 0.10832162 0.23300062 0.28216607 0.92431566
1463224777.17679 -0.19471971 2.08671767 -5.84809341 0.08550347 0.23827453 0.26816128 0.92951812
1463224777.24498 -0.16607447 2.06484621 -5.81071957 0.10373235 0.21953279 0.27004172 0.93173087
1463224777.37546 -0.14483976 2.03508828 -5.71473707 0.10798398 0.19789318 0.26425390 0.93773537
1463224777.64198 -0.10543541 2.01005231 -5.51329932 0.11840527 0.18055478 0.24085690 0.94623893
1463224777.94199 -0.04749559 1.93622268 -5.31117977 0.13678576 0.16026039 0.23128759 0.94979593
1463224778.14184 -0.02851486 1.91734822 -5.16279220 0.14882293 0.12780047 0.22984795 0.95325164
1463224778.50883 0.03398863 1.81979531 -4.90162268 0.16503370 0.08005182 0.22463312 0.95702432
1463224778.97509 0.08179193 1.72840916 -4.54523419 0.16551799 0.07743251 0.21462891 0.95944903
1463224779.47497 0.15469124 1.62786029 -4.14409138 0.15957042 0.08497363 0.20666083 0.96156542
1463224779.91090 0.21134887 1.52782495 -3.81703510 0.17228142 0.09330051 0.23024742 0.95320525
1463224780.14138 0.25312315 1.46621330 -3.64050372 0.14943598 0.13026095 0.23778660 0.95087250
1463224780.41084 0.28717908 1.43716697 -3.44139914 0.12998727 0.15826332 0.23618929 0.94987928
1463224780.77472 0.36595234 1.34915093 -3.17411881 0.12892874 0.14768469 0.22072955 0.95542927
1463224781.07743 0.40370655 1.31036913 -2.93142868 0.14020913 0.17093945 0.21773429 0.95063815
1463224781.44159 0.48301706 1.22759018 -2.66501858 0.12086308 0.17987865 0.22096796 0.95089902
1463224781.74375 0.53728738 1.18303933 -2.42177269 0.10224195 0.16187446 0.20855211 0.95908772
1463224781.97441 0.57787414 1.12470738 -2.26005017 0.11814927 0.12784880 0.22070994 0.95967836
1463224782.30780 0.59265863 1.06601260 -2.01061001 0.13487790 0.12041466 0.20564562 0.96177863
1463224782.67438 0.60984045 0.97439610 -1.75183076 0.14689935 0.09786776 0.22407964 0.95845229
1463224782.91075 0.60716442 0.90801542 -1.57922493 0.15781145 0.06160795 0.18795039 0.96745783
1463224783.17614 0.58902062 0.82861412 -1.41614059 0.16342953 0.03142188 0.19073220 0.96743200
1463224783.47427 0.54427360 0.74108438 -1.20449612 0.16907100 0.02308416 0.18303144 0.96818470
1463224783.74398 0.51388245 0.63777125 -1.04775327 0.16105773 0.02268739 0.21243439 0.96354415
1463224783.87414 0.48379355 0.60535426 -0.95716993 0.15943742 0.01426883 0.22283094 0.96162492
1463224784.07661 0.44383286 0.53300930 -0.82337754 0.15420493 0.00323977 0.21087043 0.96526888
1463224784.24257 0.41848700 0.45630607 -0.73675647 0.16677251 0.00141004 0.24104582 0.95607628
1463224784.41010 0.37756068 0.40225094 -0.63599310 0.15432785 0.01157303 0.23436170 0.95975183
1463224784.54108 0.33531533 0.36503054 -0.55113583 0.14056951 0.02031483 0.21639966 0.96591858
1463224784.67409 0.30132686 0.31346848 -0.47136114 0.13215360 0.04628731 0.21083248 0.96744125
1463224784.80731 0.27236873 0.25384696 -0.40239767 0.11065244 0.05622811 0.22509651 0.96639847
1463224784.97398 0.23938046 0.20067182 -0.31159532 0.07964807 0.06103072 0.25176530 0.96257242
1463224785.10727 0.20942672 0.16296147 -0.23130719 0.08094060 0.05453711 0.27456889 0.95660140
1463224785.24344 0.18729495 0.11255397 -0.15113306 0.09048392 0.05555786 0.28101044 0.95381294
1463224785.37392 0.17612082 0.05052868 -0.08393221 0.11109468 0.06277594 0.29777173 0.94607037
1463224785.47463 0.16658916 0.00710839 -0.04208406 0.11267977 0.06907799 0.28724279 0.94869546
1463224785.60717 0.15522685 -0.03860376 0.01020167 0.10228765 0.08377467 0.29333284 0.94682358
1463224785.74425 0.14675442 -0.07806195 0.05927865 0.10674364 0.10234373 0.31691817 0.93685347
1463224785.87385 0.13880805 -0.11252682 0.10554699 0.09578322 0.11246542 0.34210255 0.92797788
1463224786.00728 0.13408868 -0.14740816 0.14895474 0.09714998 0.14777502 0.33743603 0.92458712
1463224786.14122 0.13038491 -0.18763463 0.18575784 0.10379741 0.15915691 0.34538732 0.91902273
1463224786.30699 0.12195403 -0.23171973 0.22139496 0.12199635 0.15818333 0.33496108 0.92081268
1463224786.47374 0.10212416 -0.25754300 0.24598776 0.12728264 0.14856705 0.31389591 0.92908359
1463224786.67366 0.06511621 -0.26465021 0.26980523 0.12166744 0.12703849 0.29957204 0.93771789
1463224786.80698 0.03598590 -0.25180356 0.28462294 0.09759266 0.10692007 0.29220353 0.94533638
1463224786.94031 0.00656857 -0.22946189 0.29454748 0.07235609 0.09060357 0.27650774 0.95399112
1463224787.00690 -0.00706122 -0.21773811 0.29744933 0.06359812 0.08137432 0.26604368 0.95841237
1463224787.17355 -0.03907298 -0.18924170 0.30384514 0.05533854 0.05640729 0.24855549 0.96538906
1463224787.34016 -0.06423942 -0.15559057 0.30825196 0.03619140 0.04259232 0.23643405 0.97003867
1463224787.50705 -0.08731524 -0.12489918 0.31388206 0.02114049 0.02712277 0.22260000 0.97430317
1463224787.70683 -0.10859473 -0.09235739 0.31775676 0.01916568 0.01312257 0.20731854 0.97799770
1463224787.87345 -0.12389897 -0.06149076 0.31347545 -0.00543230 -0.00307944 0.18857191 0.98203953
1463224788.07637 -0.12927968 -0.03511861 0.28889843 -0.01783808 -0.02555319 0.17415984 0.98422415
1463224788.24310 -0.11794581 -0.02357032 0.24682203 -0.00940370 -0.04018671 0.16998588 0.98458184
1463224788.37336 -0.10133084 -0.01621727 0.20036692 0.00449345 -0.05469952 0.16646238 0.98451920
1463224788.50672 -0.07954745 -0.00415042 0.14519229 0.01559972 -0.07150545 0.16386244 0.98376457
1463224788.60693 -0.06224406 0.00960646 0.09891195 0.01546839 -0.09080346 0.15731945 0.98324262
1463224788.74415 -0.03757859 0.02901538 0.03975973 0.02109351 -0.10879658 0.16179565 0.98058173
1463224788.90927 -0.01130853 0.05251557 -0.02696789 0.03039483 -0.11637845 0.15834632 0.98002993
1463224789.07677 0.00263660 0.07677961 -0.08911220 0.04179113 -0.12937738 0.15629009 0.97830895
1463224789.30647 0.01441899 0.11930766 -0.17877204 0.03574666 -0.13044060 0.17584561 0.97508243
1463224789.53977 0.02433867 0.15994144 -0.24993536 0.00627276 -0.13792867 0.18065182 0.97380760
1463224789.87303 0.05758728 0.17603572 -0.24301585 -0.00035092 -0.09978726 0.20079380 0.97453796
1463224790.03961 0.08578345 0.16818792 -0.19598758 0.00168909 -0.05733664 0.22036053 0.97373040
1463224790.20628 0.11572767 0.15200019 -0.13235979 -0.00003192 -0.01706288 0.24323178 0.96981811
1463224790.40897 0.15230479 0.12065209 -0.05309809 0.00916247 0.01075504 0.26347359 0.96456314
1463224790.60630 0.18069125 0.08749008 0.01431670 -0.00287921 0.03208839 0.28654547 0.95752480
1463224790.80628 0.20349335 0.05287883 0.08159555 -0.02735272 0.04200391 0.29517624 0.95412708
1463224791.00616 0.21818508 0.01048075 0.15356669 -0.01632443 0.04758095 0.29249448 0.95494322
1463224791.17286 0.22671968 -0.03018136 0.21302760 -0.00757563 0.05034455 0.27697692 0.95952687
1463224791.30610 0.23533083 -0.06729185 0.25558343 0.01650393 0.05316731 0.27983798 0.95843182
1463224791.43934 0.24346518 -0.09970164 0.29127533 0.03433907 0.05470906 0.27722937 0.95863008
1463224791.57663 0.25157801 -0.12537108 0.32056312 0.05045428 0.06255657 0.27616656 0.95774374
1463224791.74199 0.25564818 -0.15336321 0.35280946 0.07320592 0.05848658 0.28747674 0.95319323
1463224791.93943 0.24717051 -0.17823796 0.38613729 0.08104488 0.04994512 0.27825129 0.95577897
1463224792.00730 0.23919047 -0.18411975 0.39574923 0.07556964 0.04451621 0.27315977 0.95796204
1463224792.13984 0.21764835 -0.19612050 0.41375288 0.06568337 0.03533648 0.26431420 0.96154825
1463224792.27253 0.19001750 -0.21137297 0.42917862 0.05831998 0.03322638 0.26982652 0.96056673
1463224792.40779 0.15650549 -0.22493298 0.44147349 0.04687043 0.03571346 0.27716296 0.95901429
1463224792.50586 0.12775866 -0.23196379 0.44942500 0.03432438 0.03795050 0.28514437 0.95711770
1463224792.60587 0.09695210 -0.23646951 0.45475214 0.02003881 0.03708756 0.28926702 0.95631979
1463224792.67257 0.07768086 -0.23732532 0.45726169 0.00908682 0.03942533 0.29231050 0.95546724
1463224792.77253 0.04970076 -0.23574503 0.45846377 -0.00533805 0.04159267 0.29869327 0.95342744
1463224792.90834 0.01689862 -0.22883297 0.45823275 -0.01315016 0.04765684 0.30149476 0.95218528
1463224793.03942 -0.01302533 -0.21349844 0.45240994 -0.02383382 0.04929456 0.30066397 0.95215712
1463224793.13929 -0.03232796 -0.19792253 0.44327538 -0.03255314 0.04774567 0.29208079 0.95464625
1463224793.27229 -0.05407217 -0.17535471 0.42543139 -0.04456915 0.03986307 0.28227466 0.95746830
1463224793.43901 -0.07344732 -0.15034740 0.38945110 -0.04215053 0.04361760 0.27217587 0.96033386
1463224793.60567 -0.08777523 -0.12924791 0.34023384 -0.03598597 0.03814851 0.26616110 0.96250089
1463224793.77234 -0.09896517 -0.10785228 0.27509982 -0.02274552 0.02550175 0.27192665 0.96171108
1463224793.90831 -0.10325897 -0.08577342 0.21631226 -0.01853040 0.02228311 0.28955036 0.95672393
1463224794.07541 -0.10424182 -0.05353179 0.15410132 -0.03137615 0.01699737 0.30543014 0.95154562
1463224794.24164 -0.09964304 -0.02141930 0.10846253 -0.05691676 0.01912763 0.29452867 0.95375441
1463224794.43881 -0.08554884 0.01805464 0.07628953 -0.07578037 0.04042263 0.29357597 0.95206959
1463224794.63905 -0.05812701 0.05288943 0.05657187 -0.09632090 0.06123335 0.28158470 0.95272389
1463224794.87201 -0.01151197 0.07942896 0.06552838 -0.10858078 0.06449592 0.28587493 0.94990842
1463224795.10540 0.04206381 0.08402477 0.10906142 -0.09334014 0.05113170 0.27997892 0.95408855
1463224795.30811 0.08740276 0.07089300 0.15307686 -0.06419242 0.03652729 0.27237869 0.95935131
1463224795.50525 0.11720956 0.04499130 0.19729010 -0.04280411 0.01923228 0.27102654 0.96142735
1463224795.70521 0.13476749 0.00794409 0.25477076 -0.02664912 0.00522425 0.27580750 0.96082920
1463224795.83859 0.14134545 -0.02484943 0.29865955 -0.02244515 0.00809814 0.28279257 0.95888425
1463224795.93889 0.14581988 -0.05505040 0.32957227 -0.00238108 0.02444305 0.28019966 0.95962754
1463224796.07429 0.14939776 -0.09403409 0.37038356 0.00767111 0.03066726 0.28539376 0.95788886
1463224796.17188 0.15230301 -0.12308538 0.39855724 0.02553194 0.03906462 0.29082889 0.95563625
1463224796.30497 0.15381482 -0.15422477 0.43305585 0.02617666 0.03879642 0.29929873 0.95301096
1463224796.43842 0.15205832 -0.17800679 0.46456217 0.01665286 0.02493014 0.30957583 0.95040201
1463224796.57449 0.15204229 -0.20204605 0.49180114 0.02904971 0.02344158 0.31294123 0.94903867
1463224796.70513 0.15140053 -0.22540935 0.51925368 0.04039503 0.01591440 0.31260202 0.94889143
1463224796.83839 0.14591220 -0.24643447 0.54251696 0.05001682 0.02051744 0.31068455 0.94897443
1463224796.97209 0.13641911 -0.25994474 0.56250125 0.05079076 0.03090230 0.30743012 0.94971157
1463224797.13819 0.11161855 -0.26675966 0.57705740 0.04089623 0.03839675 0.31359243 0.94789924
1463224797.24061 0.08908158 -0.26958340 0.58115937 0.03243861 0.03783163 0.32169416 0.94553127
1463224797.33821 0.06424741 -0.26982047 0.58043234 0.01613784 0.03898658 0.32777665 0.94381253
1463224797.43832 0.03927603 -0.26964974 0.57449164 0.00337050 0.04509913 0.33056227 0.94270000
1463224797.53829 0.01240373 -0.26722534 0.56402719 -0.01474865 0.04624187 0.33429005 0.94121960
1463224797.63938 -0.01316593 -0.26191100 0.55207228 -0.03465400 0.04533138 0.33917472 0.93899131
1463224797.74105 -0.03653670 -0.25533842 0.53714930 -0.04862266 0.04722099 0.33598817 0.93942427
1463224797.83892 -0.06016289 -0.24380788 0.51897029 -0.07159059 0.04342488 0.33517293 0.93842857
1463224797.93822 -0.08090416 -0.23192486 0.50019712 -0.08704311 0.03930016 0.33408798 0.93769089
1463224798.07370 -0.10060521 -0.21051627 0.46934040 -0.10268582 0.03426885 0.32941824 0.93795783
1463224798.17230 -0.11240561 -0.19138828 0.44352394 -0.11531969 0.02498066 0.32356358 0.93882051
1463224798.27144 -0.11781781 -0.17282790 0.41406724 -0.11640984 0.01629870 0.31998842 0.94010133
1463224798.40892 -0.11818736 -0.14302166 0.36849032 -0.11920789 0.01446200 0.31237929 0.94233726
1463224798.50478 -0.11306040 -0.11962639 0.33017620 -0.12446038 0.02073342 0.31238391 0.94153918
1463224798.63809 -0.09769898 -0.08980296 0.28335422 -0.12553616 0.04225282 0.31210586 0.94076846
1463224798.77138 -0.07825718 -0.06920854 0.24074158 -0.10641746 0.06322407 0.31346340 0.94149813
1463224798.90713 -0.05471533 -0.05622909 0.19909401 -0.08084325 0.09678139 0.30410352 0.94425568
1463224799.00465 -0.03656634 -0.04593882 0.16465519 -0.05269292 0.12268628 0.28340724 0.94965882
1463224799.10472 -0.02383242 -0.03865508 0.13412894 -0.02051279 0.12764941 0.24257252 0.96147981
1463224799.20491 -0.01534583 -0.03370887 0.10149469 -0.00046612 0.08479840 0.21269194 0.97343266
1463224799.33792 -0.01708754 -0.02720159 0.06114691 -0.01130031 0.03548782 0.19208700 0.98067095
1463224799.60460 -0.01882076 -0.00827508 0.00263581 -0.04204023 0.04103453 0.18039164 0.98183891
1463224799.93781 -0.00417102 -0.00443491 -0.02341074 -0.00970139 0.03281500 0.14538275 0.98878355
1463224800.24261 0.01278453 -0.00067591 -0.03017613 -0.03027614 0.07116571 0.03306457 0.99645649
1463224800.53775 0.01411264 0.00869309 -0.02250013 -0.01164504 0.03747112 -0.00202606 0.99922780
1463224800.83764 -0.00001330 -0.00003368 -0.00001029 -0.00001824 0.00000785 -0.00001578 1.00000000
