1463225277.66801 0.66855526 1.11515115 -1.40284096 -0.09363249 0.01762562 0.28974382 -0.95235015
1463225278.13448 0.51532037 1.06281821 -1.36947939 -0.09270709 0.00985832 0.26159605 -0.96066421
1463225278.33432 0.44639411 1.06200140 -1.36314321 -0.09272793 0.02907343 0.23837689 -0.96629847
1463225278.50101 0.38000161 1.06922311 -1.36173406 -0.09162567 0.03871493 0.17969893 -0.97867982
1463225278.66760 0.30557307 1.07848553 -1.36757739 -0.08135929 0.02896214 0.14877394 -0.98509298
1463225278.80082 0.24446711 1.08455358 -1.37506875 -0.06687714 0.02333886 0.11855519 -0.99041780
1463225278.96820 0.17596623 1.09434598 -1.38109505 -0.04421906 0.01515207 0.09755881 -0.99413146
1463225279.16782 0.11006700 1.09989330 -1.37399363 -0.04878749 -0.00581735 0.10630134 -0.99311931
1463225279.40055 0.03322146 1.10258949 -1.34731649 -0.03111508 -0.00849120 0.12500889 -0.99163125
1463225279.60042 -0.03739919 1.09280165 -1.31891726 -0.03179117 -0.01517404 0.12895186 -0.99102497
1463225279.76693 -0.09676325 1.07081617 -1.29374120 -0.03387863 -0.03263851 0.11193520 -0.99260137
1463225279.93359 -0.15583696 1.04406477 -1.27482825 -0.03606040 -0.04604967 0.09143452 -0.99409195
1463225280.16684 -0.22686731 1.02181127 -1.25268933 -0.03105957 -0.05655380 0.08580148 -0.99422084
1463225280.40028 -0.28141547 1.01280867 -1.23965148 -0.02657517 -0.07996408 0.08192994 -0.99306948
1463225280.60079 -0.35442832 1.01213520 -1.23255603 -0.02040271 -0.09555430 0.07429321 -0.99243822
1463225280.77003 -0.42244726 1.01235586 -1.23172521 -0.01846124 -0.11381881 0.04815610 -0.99216201
1463225280.96653 -0.50730333 1.01727975 -1.24074797 -0.01038756 -0.12296311 0.04821537 -0.99118487
1463225281.23296 -0.58606249 1.02052369 -1.25715312 -0.02097255 -0.13708951 0.02089161 -0.99011624
1463225281.66601 -0.64094832 1.00586404 -1.22862982 -0.03298370 -0.11182415 0.01221965 -0.99310529
1463225281.99916 -0.64061385 0.98144447 -1.16038990 -0.01336328 -0.08971406 0.00819351 -0.99584420
1463225282.29959 -0.59757756 0.95375285 -1.08273295 -0.00625939 -0.06722913 0.01119262 -0.99765515
1463225282.53228 -0.55616204 0.92707886 -1.02877525 -0.00700162 -0.04868377 0.00885328 -0.99875046
1463225282.76906 -0.51114899 0.91494780 -0.98423387 0.00324224 -0.02291690 0.00091450 -0.99973170
1463225282.96561 -0.45181263 0.90967910 -0.95283677 0.01170414 -0.01960524 0.00086921 -0.99973891
1463225283.10083 -0.40218317 0.90657127 -0.94054888 0.01060519 -0.02572852 0.00842681 -0.99957719
1463225283.23199 -0.35173611 0.90573233 -0.93615905 0.00504347 -0.02436361 0.01777758 -0.99953236
1463225283.36565 -0.29613653 0.90890490 -0.93447541 -0.00158805 -0.02390146 0.02477106 -0.99940612
1463225283.49896 -0.24593024 0.91500292 -0.93349050 0.00419623 -0.01060696 0.04992624 -0.99868777
1463225283.63182 -0.19915478 0.91918791 -0.93429896 0.00886927 -0.00259335 0.05860795 -0.99823831
1463225283.79827 -0.14547916 0.92046395 -0.93948270 0.00738523 0.00435705 0.07183281 -0.99737983
1463225283.93420 -0.09823077 0.92476839 -0.94486945 0.00436910 0.00677739 0.08196850 -0.99660230
1463225284.06493 -0.04486766 0.92772294 -0.95051561 -0.00473961 0.01141693 0.09373159 -0.99552076
1463225284.19824 0.01159134 0.92952741 -0.95998700 -0.01267342 0.02001086 0.10444617 -0.99424843
1463225284.33162 0.06641786 0.93504085 -0.97261271 -0.01422871 0.03047007 0.11450511 -0.99285331
1463225284.46479 0.11847692 0.94021790 -0.98477495 -0.01639891 0.03661213 0.12343795 -0.99154107
1463225284.59850 0.16644511 0.94101390 -0.99485299 -0.02575442 0.03508230 0.12832817 -0.99077637
1463225284.73120 0.21136058 0.94039109 -1.00616497 -0.03936274 0.03036874 0.13460217 -0.98965174
1463225284.89805 0.26330731 0.94588457 -1.02918470 -0.04939954 0.02635506 0.13583403 -0.98914823
1463225285.06486 0.31321973 0.96210218 -1.06699659 -0.05761662 0.01529041 0.13979334 -0.98838472
1463225285.19758 0.35075981 0.97935673 -1.10687137 -0.06781978 0.00442889 0.13032192 -0.98913956
1463225285.33092 0.38130095 1.00504258 -1.15403231 -0.04567376 0.00060745 0.13272628 -0.99009963
1463225285.53081 0.41453883 1.04006182 -1.21931454 -0.03614801 0.00390847 0.12401050 -0.99161456
1463225285.76675 0.43471102 1.06241548 -1.28910618 -0.04973178 0.02750818 0.11525874 -0.99170836
1463225285.99718 0.45464527 1.09509931 -1.36577587 -0.06493901 0.04418723 0.12524826 -0.98901127
1463225286.20069 0.46129851 1.13384593 -1.43802381 -0.06791301 0.07908196 0.13610168 -0.98519551
1463225286.46367 0.44104009 1.19257016 -1.52021214 -0.07152858 0.09993956 0.15931244 -0.97954852
1463225286.73029 0.36324252 1.23982072 -1.58801706 -0.08178650 0.10696239 0.17216938 -0.97582156
1463225286.93261 0.25715701 1.26603650 -1.63198631 -0.08413375 0.10998478 0.16131446 -0.97713996
1463225287.09859 0.16349878 1.27054377 -1.65936171 -0.08552385 0.10912031 0.13051554 -0.98170470
1463225287.49653 -0.05264756 1.26375130 -1.65185037 -0.08328717 0.12253309 0.10449949 -0.98342704
1463225287.66307 -0.14546003 1.24559814 -1.61763116 -0.08443650 0.12284086 0.09907034 -0.98385246
1463225287.79755 -0.22180947 1.21920192 -1.58394540 -0.07951579 0.11562208 0.08728705 -0.98625035
1463225287.93276 -0.29224965 1.19146938 -1.54758127 -0.06178127 0.10870283 0.06155675 -0.99024115
1463225288.06288 -0.35110144 1.15685378 -1.51129062 -0.06320042 0.09308057 0.05390221 -0.99218762
1463225288.19623 -0.40262613 1.12813784 -1.46970173 -0.05517214 0.07510879 0.04135698 -0.99478857
1463225288.32949 -0.45046662 1.10359175 -1.41946527 -0.04564270 0.05986879 0.03002786 -0.99670999
1463225288.46271 -0.49070953 1.07719132 -1.36381940 -0.03920487 0.03681587 0.01962516 -0.99835987
1463225288.59590 -0.52196795 1.04817797 -1.30603501 -0.03057346 0.00911319 0.00400004 -0.99948297
1463225288.72924 -0.54427112 1.01760680 -1.25229387 -0.03036437 -0.01025158 -0.01275720 -0.99940491
1463225288.92924 -0.55472165 0.97977932 -1.18789046 -0.03201257 -0.02848101 -0.02329658 -0.99880994
1463225289.22896 -0.51695791 0.96495532 -1.11963321 -0.02475826 -0.04879571 -0.03294607 -0.99795820
1463225289.42885 -0.46219336 0.97274260 -1.09808262 -0.01577245 -0.06514357 -0.03014045 -0.99729589
1463225289.59545 -0.40180320 0.98400336 -1.09668583 -0.01574024 -0.07521873 -0.03093994 -0.99656265
1463225289.72935 -0.34309271 0.99225404 -1.10227550 -0.02176362 -0.07828217 -0.03051302 -0.99622648
1463225289.86451 -0.28148685 0.99791066 -1.11406186 -0.03531270 -0.07109800 -0.02069966 -0.99662912
1463225289.99528 -0.21983214 1.00837009 -1.13752576 -0.04454421 -0.07235305 -0.00332122 -0.99637835
1463225290.16192 -0.15317439 1.02786351 -1.17112344 -0.05064144 -0.08213325 0.00648476 -0.99531278
1463225290.36187 -0.10184982 1.05358464 -1.21205576 -0.05492605 -0.09446742 -0.00355770 -0.99400522
1463225290.69497 -0.09071292 1.09316392 -1.30340373 -0.06641726 -0.09475102 0.00853681 -0.99324625
1463225291.03466 -0.11907078 1.16149512 -1.41434359 -0.06869154 -0.09766537 0.00667953 -0.99282341
1463225292.19423 -0.08226612 1.21058257 -1.49656761 -0.05934285 -0.08314655 0.00900043 -0.99472814
1463225292.49409 -0.04060770 1.14239041 -1.40300467 -0.06805343 -0.06823569 0.01202887 -0.99527279
1463225292.76066 -0.01315651 1.09129031 -1.30259694 -0.05144963 -0.07482656 0.00880990 -0.99582946
1463225292.96240 0.00461110 1.05374590 -1.22190812 -0.04176590 -0.09131053 0.00302381 -0.99494163
1463225293.16035 0.00955790 1.00886130 -1.14654513 -0.04235476 -0.10030045 -0.00244474 -0.99405227
1463225293.36711 0.00686423 0.96932194 -1.07688937 -0.03808064 -0.10031182 -0.00829176 -0.99419246
1463225293.59412 0.00371276 0.93990676 -1.01197559 -0.03415759 -0.09958861 -0.01108830 -0.99438042
1463225293.82753 0.00403065 0.92833171 -0.95522924 -0.01200204 -0.09258000 -0.01751114 -0.99547891
1463225294.42651 0.02016805 0.91121115 -0.86526625 -0.00928393 -0.08947093 -0.01638438 -0.99581138
1463225294.69701 0.02012681 0.91414800 -0.91357283 -0.03286642 -0.10508839 -0.00938177 -0.99387535
1463225294.89316 0.01084280 0.93215569 -0.97937481 -0.04115296 -0.10897999 -0.00730484 -0.99316486
1463225295.05949 0.00193919 0.95684881 -1.04858093 -0.05378855 -0.10415578 0.00626534 -0.99308565
1463225295.19533 -0.00509614 0.98073740 -1.11424599 -0.07118228 -0.09555882 0.01948290 -0.99268425
1463225295.32603 -0.01470241 1.00778609 -1.18579711 -0.08920204 -0.08240714 0.04285665 -0.99167301
1463225295.49254 -0.03266268 1.04789686 -1.27517411 -0.09921489 -0.06203749 0.06532199 -0.99097971
1463225295.66218 -0.05296977 1.08768124 -1.36218645 -0.11293443 -0.04639393 0.07204114 -0.98990075
1463225295.86109 -0.09794906 1.13581561 -1.44608667 -0.11752865 -0.01993899 0.09680879 -0.98813841
1463225296.05943 -0.16043978 1.17567357 -1.51333100 -0.13046644 -0.00195038 0.10518078 -0.98585582
1463225296.25914 -0.25381621 1.22211923 -1.57989660 -0.12732101 0.01098361 0.10862302 -0.98583455
1463225296.45882 -0.36630567 1.25735311 -1.64299565 -0.12959478 0.02921012 0.09480173 -0.98659242
1463225296.79206 -0.57665242 1.30224777 -1.69043640 -0.14207878 0.08249541 0.13613679 -0.97697231
1463225296.92613 -0.67980418 1.31044888 -1.68870125 -0.14984047 0.11632509 0.14872433 -0.97051398
1463225297.05842 -0.80022986 1.30682659 -1.68200947 -0.15737850 0.14694125 0.15475087 -0.96420560
1463225297.19180 -0.92880497 1.29074095 -1.68124987 -0.15512894 0.18032821 0.17398866 -0.95558605
1463225297.42500 -1.13349655 1.25249279 -1.66609175 -0.16470447 0.20395244 0.17204363 -0.94956665
1463225297.65813 -1.36119887 1.22834823 -1.61476741 -0.18758173 0.22337141 0.17308702 -0.94072270
1463225297.89147 -1.60731307 1.16993873 -1.56637899 -0.19218176 0.23966000 0.16303907 -0.93757534
1463225298.12460 -1.83283263 1.12660242 -1.50034863 -0.17948159 0.24513691 0.15089572 -0.94070438
1463225298.35775 -2.08280523 1.06265814 -1.39627170 -0.19255048 0.25127813 0.12657644 -0.94008618
1463225298.59112 -2.32106546 0.96299539 -1.32075486 -0.19334396 0.26548711 0.11828284 -0.93709332
1463225298.79397 -2.51381512 0.91407645 -1.23015216 -0.18583141 0.26401057 0.12410494 -0.93827665
1463225298.95788 -2.68032797 0.85942131 -1.14852013 -0.20282926 0.24736278 0.11087074 -0.94094613
1463225299.09153 -2.78736676 0.80753666 -1.09664799 -0.20271822 0.22485838 0.09088185 -0.94872784
1463225299.26261 -2.92690697 0.74574402 -1.03121816 -0.19396974 0.21969185 0.08647146 -0.95217326
1463225299.45868 -3.09123206 0.68251562 -0.91973135 -0.20497128 0.20985425 0.07081812 -0.95337965
1463225299.62384 -3.22007557 0.60905548 -0.82646896 -0.20687832 0.18741996 0.05670842 -0.95857148
1463225299.79048 -3.34224784 0.52955507 -0.73635295 -0.20186404 0.16377198 0.04595801 -0.96452968
1463225299.92373 -3.43902662 0.47561679 -0.65419663 -0.20278822 0.14487752 0.03962874 -0.96763475
1463225300.02702 -3.50590539 0.43904583 -0.57836388 -0.20744613 0.11640987 0.02537022 -0.97096406
1463225300.12371 -3.56964589 0.39549979 -0.50175596 -0.21027888 0.08597346 0.01377512 -0.97375644
1463225300.22364 -3.62528443 0.34372462 -0.43081901 -0.20714820 0.05050005 0.00210446 -0.97700304
1463225300.36006 -3.69388176 0.27066259 -0.34127070 -0.19433407 0.02161273 -0.00979166 -0.98064840
1463225300.52610 -3.76667125 0.19407846 -0.21506239 -0.18848313 -0.00517481 -0.01354795 -0.98196934
1463225300.65679 -3.81467322 0.13582731 -0.09937025 -0.19507420 -0.03028553 -0.02649429 -0.97996270
1463225300.82330 -3.87117450 0.03651173 0.03926805 -0.20282088 -0.04716558 -0.03386807 -0.97749274
1463225300.98987 -3.91913301 -0.07132046 0.16024140 -0.20343738 -0.06215001 -0.03333661 -0.97654456
1463225301.15652 -3.96881580 -0.16043433 0.30971164 -0.20464889 -0.07554892 -0.03373592 -0.97533229
1463225301.28973 -4.00392791 -0.22627203 0.43954749 -0.20632326 -0.09657104 -0.04514125 -0.97265976
1463225301.38966 -4.02545537 -0.28830537 0.52815933 -0.21212365 -0.12214329 -0.04857899 -0.96836184
1463225301.52540 -4.04666378 -0.37798335 0.63658099 -0.20503280 -0.15706736 -0.07119506 -0.96344313
1463225301.65637 -4.06207160 -0.45055182 0.75180460 -0.18864068 -0.18026124 -0.08067264 -0.96198363
1463225301.75712 -4.06740694 -0.49825984 0.84373425 -0.18512176 -0.19958302 -0.08222182 -0.95871587
1463225301.85802 -4.06505143 -0.54246659 0.94024051 -0.18170840 -0.22653000 -0.09616053 -0.95206059
1463225301.95612 -4.05855838 -0.59247064 1.03103366 -0.17531504 -0.25253819 -0.10744551 -0.94548642
1463225302.05619 -4.05266064 -0.65061803 1.11439451 -0.16623733 -0.27425941 -0.12136006 -0.93937142
1463225302.15608 -4.05246402 -0.71170342 1.19728309 -0.15501340 -0.27790370 -0.12491840 -0.93975304
1463225302.28947 -4.04874337 -0.78509758 1.31283612 -0.14629958 -0.28978274 -0.12692458 -0.93729000
1463225302.39083 -4.04103715 -0.83511677 1.40682077 -0.14679525 -0.30422285 -0.13153577 -0.93198603
1463225302.48924 -4.02887934 -0.88820155 1.50619911 -0.15185411 -0.31895968 -0.13806353 -0.92528023
1463225302.55587 -4.01391633 -0.92909622 1.56428684 -0.16474363 -0.34740808 -0.14436913 -0.91177010
1463225302.65574 -3.99086433 -0.99047861 1.64760193 -0.15891245 -0.37403993 -0.15578407 -0.90031788
1463225302.75588 -3.97045302 -1.05547568 1.72819102 -0.14816035 -0.38431222 -0.16271447 -0.89659167
1463225302.85587 -3.94054218 -1.10595429 1.81897677 -0.14131580 -0.39846468 -0.15987788 -0.89201727
1463225302.95555 -3.90511619 -1.15253566 1.91452017 -0.13965085 -0.41097824 -0.16519983 -0.88560914
1463225303.05569 -3.85953970 -1.20270520 2.01447284 -0.14401472 -0.42100940 -0.17845199 -0.87759087
1463225303.15550 -3.80808469 -1.26449102 2.10033996 -0.15490199 -0.44708707 -0.17554662 -0.86330870
1463225303.25549 -3.75613950 -1.32387573 2.17510173 -0.15291609 -0.46701741 -0.18453747 -0.85115059
1463225303.35756 -3.70596137 -1.37923771 2.24033582 -0.14524118 -0.48652799 -0.18706559 -0.84095302
1463225303.48873 -3.63679521 -1.43980069 2.33773385 -0.14152010 -0.51106750 -0.19164122 -0.82586665
1463225303.58873 -3.57660002 -1.47617092 2.41785759 -0.13876766 -0.53392694 -0.20286479 -0.80901881
1463225303.65532 -3.53276439 -1.50080574 2.46950881 -0.13381487 -0.55255807 -0.21604085 -0.79378808
1463225303.75528 -3.45146489 -1.54235627 2.53239359 -0.13561673 -0.57733031 -0.22104909 -0.77423196
1463225303.85754 -3.38884657 -1.59542074 2.59991785 -0.13030217 -0.60230572 -0.23305450 -0.75228635
1463225303.95563 -3.31457479 -1.63937767 2.65828472 -0.12028236 -0.62152576 -0.24191337 -0.73533381
1463225304.05563 -3.24032531 -1.67114226 2.71794845 -0.11105532 -0.63601446 -0.25606590 -0.71943212
1463225304.15488 -3.15904854 -1.69079915 2.77934502 -0.10851063 -0.65079669 -0.26652387 -0.70260525
1463225304.25524 -3.06819719 -1.70405481 2.83764943 -0.10935957 -0.66876330 -0.28065328 -0.67972779
1463225304.35492 -2.97511039 -1.72342356 2.88631018 -0.10522862 -0.68449928 -0.28920246 -0.66087034
1463225304.45493 -2.89004292 -1.74823121 2.92823028 -0.08785680 -0.68966783 -0.30118389 -0.65263139
1463225304.58824 -2.78303440 -1.78238171 2.96929407 -0.06778885 -0.70415209 -0.30024438 -0.63986547
1463225304.69043 -2.69551811 -1.80034854 3.00120618 -0.06471631 -0.71951976 -0.29691271 -0.62445653
1463225304.78810 -2.60244898 -1.80641501 3.03553206 -0.06634422 -0.74152944 -0.29906917 -0.59690046
1463225304.88791 -2.50361034 -1.81104359 3.06972283 -0.06647397 -0.75694079 -0.30569792 -0.57373394
1463225304.98799 -2.41061902 -1.81753495 3.09053138 -0.05759610 -0.77576903 -0.31307693 -0.54483754
1463225305.08795 -2.32850902 -1.82619660 3.10404503 -0.04113072 -0.79101927 -0.31881419 -0.52053270
1463225305.22118 -2.22985099 -1.83155320 3.12458325 -0.01734055 -0.79859145 -0.32502005 -0.50627361
1463225305.38774 -2.11829194 -1.81842048 3.15640196 -0.01626580 -0.80930972 -0.32450542 -0.48933571
1463225305.52409 -2.02559597 -1.78585353 3.18577662 -0.02932105 -0.81871137 -0.33268647 -0.46708851
1463225305.72099 -1.88623897 -1.74275175 3.22619943 -0.02448370 -0.82423089 -0.32477927 -0.46320882
1463225305.88762 -1.78603152 -1.72027478 3.24490191 -0.01084248 -0.82907400 -0.33102712 -0.45048839
1463225306.09003 -1.65614324 -1.67961102 3.28142873 -0.00199259 -0.83378834 -0.33762261 -0.43681117
1463225306.25390 -1.54809064 -1.63459633 3.30741856 -0.00929065 -0.84833437 -0.33555941 -0.40944153
1463225306.48725 -1.40087712 -1.57097608 3.35277346 -0.00549167 -0.84418753 -0.35084406 -0.40524770
1463225306.68907 -1.27543149 -1.51202764 3.38047805 -0.00615874 -0.83840504 -0.35101842 -0.41692341
1463225306.88777 -1.13646920 -1.44492108 3.40287017 -0.01683898 -0.83669274 -0.35480946 -0.41685963
1463225307.05360 -1.02232512 -1.37755857 3.41924522 0.00070676 -0.84260409 -0.35440804 -0.40547847
1463225307.22032 -0.90583005 -1.30735708 3.44328816 0.00695881 -0.84868744 -0.35848097 -0.38880921
1463225307.38684 -0.78752038 -1.24361815 3.46350740 0.00290321 -0.84422407 -0.37402903 -0.38390048
1463225307.55338 -0.66882959 -1.17863838 3.47948461 -0.00062812 -0.84866291 -0.35697526 -0.39030697
1463225307.71993 -0.55010599 -1.12144959 3.48678815 0.00743428 -0.85306239 -0.34639869 -0.39017591
1463225307.85342 -0.45105369 -1.06245546 3.50454362 0.00431083 -0.85080779 -0.36258217 -0.38031789
1463225307.98656 -0.35346918 -1.00296807 3.51924890 0.00508243 -0.85055217 -0.37223523 -0.37145135
1463225308.15305 -0.22312051 -0.93076343 3.52345973 0.00315863 -0.85119928 -0.36786056 -0.37433732
1463225308.31975 -0.10960002 -0.85857995 3.52890547 0.00484581 -0.85292818 -0.36063585 -0.37740140
1463225308.48621 0.00810100 -0.78819616 3.53727774 0.01796688 -0.85163203 -0.36172730 -0.37888447
1463225308.65287 0.11939987 -0.71648453 3.54688834 0.02732574 -0.85832228 -0.35774849 -0.36681356
1463225308.81938 0.23008334 -0.65564441 3.56763082 0.02734490 -0.85275364 -0.36401930 -0.37356852
1463225308.98600 0.34500287 -0.59824346 3.58834234 0.01763761 -0.85135165 -0.35362247 -0.38709228
1463225309.15255 0.45542202 -0.53660218 3.60532778 0.02511220 -0.85077644 -0.35669416 -0.38512090
1463225309.28589 0.54412786 -0.47991270 3.62727514 0.03805161 -0.84362012 -0.37317750 -0.38418188
1463225309.45239 0.65685046 -0.41604792 3.64784202 0.04202473 -0.84753098 -0.37765886 -0.37053872
1463225309.61899 0.78613136 -0.35711533 3.66603685 0.03877748 -0.84467018 -0.38173731 -0.37323614
1463225309.75222 0.86911049 -0.31663504 3.67223628 0.03531810 -0.85094433 -0.36596533 -0.37512099
1463225309.88559 0.95742213 -0.26773865 3.68091609 0.03478071 -0.85548832 -0.37118894 -0.35937281
1463225310.02166 1.05073306 -0.21371315 3.69508752 0.04920822 -0.85106575 -0.38904240 -0.34915850
1463225310.11881 1.12007667 -0.17193895 3.70634487 0.05410063 -0.85395799 -0.40129072 -0.32679447
1463225310.25197 1.21561896 -0.11894366 3.71417895 0.05117237 -0.85823336 -0.40780144 -0.30743272
1463225310.41871 1.35639285 -0.04551235 3.72436170 0.03812041 -0.86542616 -0.40300961 -0.29524170
1463225310.55189 1.42584378 0.00266522 3.70990391 0.02708463 -0.87856073 -0.38733035 -0.27815944
1463225310.68568 1.51184181 0.06194485 3.70152966 0.03275990 -0.88423643 -0.38809346 -0.25775218
1463225310.81897 1.59687592 0.12508542 3.69428484 0.05403926 -0.88441234 -0.39653891 -0.24010721
1463225310.95165 1.68612693 0.19736310 3.68448585 0.05032283 -0.89226696 -0.39689342 -0.20929142
1463225311.08619 1.77101332 0.26915684 3.67025024 0.04691314 -0.89414413 -0.39923885 -0.19726575
1463225311.21827 1.85303032 0.34462744 3.64839419 0.04242168 -0.90124579 -0.39161484 -0.18053874
1463225311.35478 1.92447731 0.41834543 3.62192459 0.04740164 -0.90219115 -0.39949670 -0.15558470
1463225311.45141 1.98187346 0.47796870 3.59358787 0.05141417 -0.90198457 -0.40788390 -0.13195130
1463225311.55160 2.03923672 0.53856821 3.56002744 0.05834124 -0.90330812 -0.41118781 -0.10749569
1463225311.65132 2.09631140 0.59548116 3.52296886 0.06426019 -0.90406402 -0.41348858 -0.08698314
1463225311.75128 2.15509136 0.64937616 3.48443219 0.06423854 -0.89980417 -0.42748976 -0.05897776
1463225311.88462 2.20789391 0.70584663 3.42147210 0.07783978 -0.88681577 -0.45324489 -0.04547340
1463225311.98457 2.24719903 0.75953277 3.36404960 0.07723561 -0.88469170 -0.45911718 -0.02380482
1463225312.08442 2.28262793 0.81941028 3.29431789 0.07126733 -0.88687115 -0.45648645 -0.00080941
1463225312.18708 2.31309607 0.87658774 3.21806097 0.06725453 -0.88453296 -0.46120359 0.01922274
1463225312.28434 2.33943825 0.92289479 3.13528270 0.06904644 -0.88063473 -0.46786367 0.02861186
1463225312.38425 2.35984444 0.96154299 3.05106879 0.07752039 -0.88155706 -0.46440499 0.03428895
1463225312.48418 2.37388572 1.00001756 2.97702854 0.08498631 -0.87733391 -0.46988861 0.04761548
1463225312.61748 2.40773275 1.07088336 2.89521394 0.08817204 -0.87572257 -0.46946965 0.07024189
1463225312.75075 2.39242804 1.13453910 2.80034861 0.09631375 -0.87456337 -0.46498646 0.09823525
1463225312.88401 2.39677323 1.20252136 2.71010776 0.09918962 -0.87244175 -0.45886843 0.13581822
1463225313.05063 2.40988416 1.27261991 2.61022330 0.09064251 -0.86281444 -0.47216699 0.15618421
1463225313.25056 2.41706320 1.33704802 2.51800986 0.08861134 -0.85227757 -0.48609905 0.17169361
1463225313.48375 2.41821280 1.45195543 2.43570227 0.09292793 -0.85812727 -0.47270898 0.17756184
1463225313.68602 2.41520500 1.58364949 2.37145014 0.07887830 -0.85128408 -0.48287975 0.18952777
1463225313.91710 2.41543250 1.70177712 2.28645772 0.09450496 -0.84859562 -0.48079886 0.19946614
1463225314.18617 2.42645769 1.85958450 2.17580042 0.08647208 -0.84557149 -0.48082243 0.21527010
1463225314.41659 2.42893012 2.00404894 2.08038869 0.09140569 -0.84553749 -0.47209713 0.23202510
1463225314.68317 2.42445388 2.16494989 1.97041713 0.09949012 -0.85668784 -0.46045979 0.21015337
1463225315.01864 2.40157358 2.38278520 1.84187720 0.10310078 -0.85257303 -0.45785891 0.22990147
1463225315.28312 2.37163190 2.56186797 1.73974943 0.09443266 -0.85014520 -0.45893949 0.24022937
1463225315.55073 2.33756105 2.73164583 1.63442725 0.09866538 -0.85973045 -0.45274852 0.21481962
1463225315.81592 2.28837678 2.91160942 1.51840005 0.10647400 -0.85730451 -0.44314416 0.23940661
1463225316.11582 2.23640017 3.10635296 1.37844707 0.10716079 -0.86800332 -0.41580229 0.24938975
1463225316.48224 2.18270316 3.36159658 1.23414408 0.11790281 -0.86681258 -0.41728588 0.24618565
1463225316.81546 2.15281986 3.60294293 1.09599490 0.12456243 -0.87092084 -0.40888556 0.24247409
1463225317.11530 2.12387522 3.80936031 0.97769193 0.12211531 -0.87774445 -0.39787083 0.23738437
1463225317.38182 2.09877629 3.99537441 0.87318462 0.13385772 -0.86358804 -0.42285009 0.23978240
1463225317.64853 2.05824955 4.15450110 0.75719975 0.13210603 -0.87387281 -0.39653208 0.24830750
1463225318.01485 1.99628046 4.38843174 0.60657335 0.12923172 -0.87952400 -0.38289915 0.25124678
1463225318.31471 1.93615965 4.58932740 0.48972392 0.12921370 -0.87907982 -0.37250791 0.26788120
1463225318.71009 1.85840786 4.83957004 0.34745019 0.12981819 -0.88280979 -0.37184759 0.25597555
1463225319.28093 1.75516756 5.26184065 0.10569494 0.13001402 -0.88319015 -0.36318577 0.26677258
1463225319.68074 1.68573377 5.52417913 -0.07482786 0.12864075 -0.88767997 -0.34699088 0.27399482
1463225320.01393 1.62028640 5.77500250 -0.22864855 0.12726516 -0.89606226 -0.33849617 0.25748078
1463225320.34698 1.56667799 6.01364325 -0.42443211 0.12416267 -0.89485875 -0.33901352 0.26245244
1463225320.61355 1.54239071 6.18638864 -0.64094539 0.12587406 -0.89782947 -0.32620758 0.26766878
1463225320.88018 1.53478866 6.36921760 -0.86338441 0.11646684 -0.89676102 -0.33486196 0.26480676
1463225321.08297 1.53804620 6.50129434 -1.05670454 0.12156340 -0.89605627 -0.35002639 0.24451384
1463225321.27992 1.55600172 6.62249207 -1.25427913 0.11714376 -0.89141061 -0.37148984 0.23164577
1463225321.47985 1.55450380 6.76122888 -1.44704872 0.11246223 -0.89459249 -0.34862123 0.25596829
1463225321.71307 1.55582148 6.89908812 -1.69349680 0.11764548 -0.88836445 -0.34548938 0.27857716
1463225321.94638 1.53354624 7.04734249 -1.92882950 0.11469442 -0.88801563 -0.33481944 0.29354621
1463225322.14610 1.49613264 7.19195476 -2.12418974 0.09930331 -0.88885467 -0.32487408 0.30746229
1463225322.31278 1.47093276 7.28595692 -2.29409351 0.09584801 -0.88492495 -0.35199114 0.28952243
1463225322.51537 1.41657070 7.41367892 -2.48300865 0.10503267 -0.87995938 -0.35608014 0.29638919
1463225322.67924 1.35984640 7.53476143 -2.64028516 0.11681139 -0.87785535 -0.34542451 0.31049475
1463225322.84584 1.30808431 7.63329321 -2.80034946 0.11000242 -0.86733531 -0.37043640 0.31369698
1463225323.01235 1.25716336 7.73025843 -2.94466652 0.10238987 -0.85849340 -0.39189597 0.31452018
1463225323.17934 1.18914281 7.84385717 -3.07857230 0.09157958 -0.85575660 -0.39878493 0.31664554
1463225323.31225 1.13232341 7.92844615 -3.18934404 0.08160602 -0.85060396 -0.41193503 0.31642202
1463225323.44552 1.08006932 7.99241579 -3.29905776 0.08119203 -0.84358239 -0.43082537 0.31010660
1463225323.61217 1.01296152 8.07005150 -3.42213496 0.07954639 -0.83381419 -0.44476481 0.31719162
1463225323.74809 0.95256676 8.14189503 -3.51202438 0.08399490 -0.82594719 -0.44775194 0.33207574
1463225323.87874 0.88327800 8.21610961 -3.60655178 0.10346204 -0.81831807 -0.44235734 0.35209533
1463225324.01192 0.82487661 8.27199381 -3.70974060 0.11802999 -0.81692494 -0.43718336 0.35717403
1463225324.14543 0.77127221 8.31360626 -3.80204959 0.11092369 -0.81017459 -0.44107529 0.36981841
1463225324.31184 0.70164767 8.37589707 -3.89460341 0.11093782 -0.80222990 -0.44376882 0.38365248
1463225324.47830 0.62887859 8.45362566 -3.97998711 0.10628119 -0.79630085 -0.44603710 0.39453792
1463225324.61168 0.56683422 8.51178135 -4.05676924 0.10043237 -0.79263799 -0.45225800 0.39635975
1463225324.77825 0.49703255 8.55685356 -4.15339332 0.10682034 -0.79372188 -0.45273493 0.39195163
1463225324.94485 0.43421873 8.59326198 -4.23263511 0.11338514 -0.79548156 -0.44818472 0.39176952
1463225325.11132 0.37201986 8.64822061 -4.29451552 0.11819344 -0.78901775 -0.45697060 0.39326731
1463225325.24772 0.31598110 8.69697195 -4.34599780 0.11897004 -0.78444582 -0.45911078 0.39963506
1463225325.34460 0.27079034 8.72977295 -4.39242809 0.12379862 -0.78303071 -0.45675598 0.40362207
1463225325.44460 0.22848466 8.75826106 -4.43993049 0.12787631 -0.78104892 -0.46547464 0.39616107
1463225325.54453 0.18488912 8.77868324 -4.47988773 0.12542770 -0.77608051 -0.46415188 0.40808083
1463225325.68038 0.13509870 8.80017076 -4.52525210 0.12121781 -0.77360212 -0.46580544 0.41215445
1463225325.81111 0.09028890 8.82738489 -4.55968581 0.11695801 -0.77039860 -0.46970715 0.41494820
1463225325.94436 0.04862983 8.85696958 -4.58883164 0.11381971 -0.77070822 -0.47595600 0.40806838
1463225326.04429 0.00557484 8.88116563 -4.61855944 0.11193933 -0.77335406 -0.47322149 0.40676100
1463225326.17779 -0.04400610 8.90483582 -4.65569348 0.10386778 -0.77669813 -0.47243200 0.40343464
1463225326.31083 -0.09748008 8.92674068 -4.70261562 0.10112283 -0.78331388 -0.47439376 0.38877254
1463225326.47809 -0.14710457 8.94188002 -4.74546520 0.10725927 -0.79451632 -0.46744038 0.37247651
1463225326.67729 -0.19268399 8.96426567 -4.79288127 0.10846613 -0.80011908 -0.46798800 0.35920996
1463225326.91289 -0.23305184 8.99772877 -4.83237728 0.10848342 -0.80083560 -0.47268511 0.35137229
1463225327.11041 -0.26084908 9.03249494 -4.87472405 0.10706679 -0.80032563 -0.48322673 0.33838960
1463225327.31158 -0.30733768 9.06135365 -4.96314871 0.11747397 -0.81358619 -0.47114830 0.31983848
1463225327.54351 -0.31388193 9.09449056 -5.02426384 0.12287994 -0.83805057 -0.44207763 0.29519337
1463225327.74597 -0.33033774 9.12459056 -5.09367532 0.12297326 -0.85821717 -0.42335218 0.26289504
1463225327.91560 -0.35103511 9.14873480 -5.15733251 0.13583730 -0.87786295 -0.39713652 0.23062406
1463225328.14323 -0.38658511 9.18284414 -5.24255010 0.13033805 -0.89618486 -0.37400004 0.19997165
1463225328.44310 -0.41214018 9.23036307 -5.34855994 0.12517027 -0.91203656 -0.35727718 0.15771727
1463225328.74578 -0.44431352 9.31350141 -5.50109100 0.15305574 -0.92207756 -0.33048939 0.13085748
1463225328.97616 -0.47225811 9.38003614 -5.67112063 0.18267728 -0.93160264 -0.29019171 0.12055830
1463225329.24579 -0.49223599 9.48274390 -5.85567677 0.17102009 -0.93893840 -0.27887153 0.10666530
1463225329.37598 -0.49904002 9.56279123 -5.95354763 0.15080610 -0.94602318 -0.27809792 0.07042168
1463225329.50917 -0.51351792 9.64465588 -6.06990641 0.13096746 -0.95119478 -0.27463455 0.05149638
1463225329.67574 -0.53376495 9.72959794 -6.22099235 0.12909439 -0.94741041 -0.29245861 0.01470093
1463225329.91190 -0.56146000 9.86380420 -6.43285944 0.11461764 -0.95031220 -0.28922450 -0.01089573
1463225330.14221 -0.59677141 10.03210140 -6.66293120 0.13304523 -0.95358588 -0.26984809 -0.01244763
1463225330.50885 -0.67984779 10.26991323 -7.02808140 0.16343852 -0.94204592 -0.29290144 0.00678819
1463225331.04184 -0.83720481 10.63751143 -7.61169501 0.17593233 -0.94155697 -0.28639553 -0.02226881
1463225331.58153 -1.00050700 11.03714727 -8.21872905 0.16957104 -0.94259936 -0.28742868 0.01169912
1463225332.00796 -1.12556744 11.29885723 -8.69556298 0.16053732 -0.95426844 -0.25199330 0.00994488
1463225332.44100 -1.23536035 11.62972534 -9.17574713 0.19355101 -0.94948830 -0.24655843 0.01479568
1463225332.80760 -1.31007786 11.90473689 -9.57685744 0.20129688 -0.95017853 -0.23799204 0.00032767
1463225333.14093 -1.36365422 12.12233966 -9.95208454 0.18571827 -0.95136354 -0.24460136 -0.02421378
1463225333.41012 -1.41081261 12.34132771 -10.24751169 0.19863478 -0.95186317 -0.23330789 -0.00825512
1463225333.64054 -1.46053819 12.48823866 -10.51506238 0.20584735 -0.94342990 -0.25990863 -0.00379470
1463225333.90940 -1.52855189 12.70425768 -10.80246798 0.21343741 -0.94665977 -0.24131459 0.00685676
1463225334.24309 -1.60748659 12.93602519 -11.21150050 0.22306554 -0.94116089 -0.25277795 -0.02369066
1463225334.50683 -1.64299595 13.13325356 -11.46093549 0.24168682 -0.94085950 -0.23729429 -0.00789348
1463225334.74264 -1.67679777 13.28414075 -11.72062327 0.23553416 -0.93411751 -0.26809113 -0.00867654
1463225334.97554 -1.71638895 13.46650301 -11.97442480 0.22189590 -0.94265244 -0.24933601 -0.00036955
1463225335.30751 -1.75805013 13.67930013 -12.34310523 0.21379020 -0.94232095 -0.25626613 -0.02554704
1463225335.60630 -1.78437653 13.90860277 -12.67135306 0.23092247 -0.94204418 -0.24295606 -0.01413975
1463225335.90605 -1.81112836 14.11627436 -12.98992281 0.22669822 -0.93870118 -0.25892620 -0.02013059
1463225336.13962 -1.83948451 14.28845353 -13.24366967 0.23229707 -0.94146673 -0.24353563 -0.01920582
1463225336.40865 -1.85457542 14.46061243 -13.52846502 0.24000446 -0.93477721 -0.25595562 -0.05546297
1463225336.67245 -1.87422523 14.67023111 -13.82283047 0.24120774 -0.93874855 -0.24184896 -0.04559673
1463225336.97278 -1.92126892 14.88618484 -14.19508329 0.22431871 -0.93911019 -0.25799503 -0.03452162
1463225337.20544 -1.93627173 15.05025854 -14.40540093 0.21622642 -0.94441137 -0.24602609 -0.02836301
1463225337.43861 -1.94883606 15.20093444 -14.66313542 0.21009467 -0.94282676 -0.25397053 -0.04936502
1463225337.67488 -1.95854759 15.39296839 -14.91912952 0.21619689 -0.94656367 -0.23588443 -0.04043088
1463225337.90815 -1.96968324 15.54815691 -15.18239098 0.20582087 -0.94321695 -0.25823447 -0.03597936
1463225338.10499 -1.98951510 15.69569703 -15.40406860 0.20722750 -0.94802469 -0.24001740 -0.02641200
1463225338.33821 -2.02163713 15.86354021 -15.66913510 0.21911916 -0.94414461 -0.24265882 -0.04116356
1463225338.60477 -2.04064186 16.03742551 -15.95743297 0.22104489 -0.94386595 -0.24042349 -0.04952540
1463225338.84049 -2.06535658 16.20599354 -16.22595909 0.22436720 -0.94647495 -0.23014526 -0.02962570
1463225339.10453 -2.10722705 16.39888171 -16.52167021 0.22344600 -0.94304818 -0.24588684 -0.01648270
1463225339.37106 -2.14898302 16.59810958 -16.80244491 0.22460711 -0.94290989 -0.24543963 -0.01523089
1463225339.60427 -2.17750293 16.75541216 -17.05162035 0.22457254 -0.94026015 -0.25381800 -0.03247234
1463225339.83749 -2.20792776 16.93301800 -17.31372796 0.23776583 -0.94235130 -0.23399651 -0.02621202
1463225340.13931 -2.24419132 17.14112941 -17.65322292 0.23376221 -0.93951261 -0.24828453 -0.03203258
1463225340.53909 -2.28697761 17.42163537 -18.10530697 0.21536136 -0.94608928 -0.23616990 -0.05251987
1463225340.93691 -2.33241319 17.72597404 -18.54768198 0.22487672 -0.94551028 -0.23144718 -0.04327792
1463225341.20411 -2.37671201 17.92271828 -18.83750277 0.21918960 -0.94394076 -0.24551172 -0.02560765
1463225341.50340 -2.42111168 18.14279761 -19.15915159 0.22841485 -0.93976238 -0.25078560 -0.04218886
1463225341.76984 -2.44859627 18.33485558 -19.44958132 0.23248996 -0.93961685 -0.24534493 -0.05361398
1463225342.00307 -2.47306220 18.50562067 -19.71314472 0.23069890 -0.94117506 -0.24446287 -0.03471923
1463225342.23811 -2.50059893 18.66491034 -19.97154664 0.21749633 -0.94285531 -0.25175623 -0.01838524
1463225342.43616 -2.52500769 18.81544816 -20.19195568 0.22669425 -0.94437798 -0.23761532 -0.01728881
1463225342.60282 -2.53701180 18.92986023 -20.36817881 0.22195865 -0.94024610 -0.25623881 -0.03183246
1463225342.76941 -2.55877731 19.06146222 -20.58589996 0.23182024 -0.93787673 -0.25478454 -0.04161067
1463225342.93590 -2.56302117 19.16398100 -20.74215087 0.25169740 -0.93883824 -0.23239898 -0.03495550
1463225343.10259 -2.57763333 19.28163232 -20.92822379 0.25210372 -0.93563197 -0.24563380 -0.02646840
1463225343.26942 -2.59590812 19.39306719 -21.11179499 0.24982048 -0.93490977 -0.25104298 -0.02260235
1463225343.40479 -2.61466321 19.49292975 -21.25931762 0.25432880 -0.93614840 -0.24238579 -0.01386247
1463225343.60226 -2.63422807 19.63875738 -21.48114927 0.24834051 -0.93540460 -0.25020254 -0.02727494
1463225343.83545 -2.64990137 19.79955784 -21.73913287 0.23639261 -0.93960562 -0.24572556 -0.02964382
1463225344.03546 -2.66130858 19.95858432 -21.97020362 0.21963795 -0.94586359 -0.23840819 -0.01621042
1463225344.13532 -2.67391295 20.05366488 -22.05440943 0.19403607 -0.94665441 -0.25658626 0.01894541
1463225344.20191 -2.67916964 20.10568768 -22.13239271 0.18536686 -0.94311297 -0.27438513 0.02983025
1463225344.46855 -2.72061341 20.29464143 -22.41572057 0.17880873 -0.94481744 -0.27197822 0.03708500
1463225344.73948 -2.74501597 20.49431024 -22.70222222 0.14933591 -0.94136458 -0.30202527 0.01767028
1463225344.96821 -2.77096550 20.67081601 -22.93163595 0.13901697 -0.94304267 -0.30164050 0.01891613
1463225345.03484 -2.78152108 20.73400596 -23.01288457 0.13524197 -0.94532394 -0.29597663 0.02168164
1463225345.36805 -2.81775495 20.94944148 -23.37113560 0.10776936 -0.94165341 -0.31587089 0.04359136
1463225345.63457 -2.85806299 21.14122059 -23.64696796 0.05951221 -0.95362688 -0.29332804 0.03182360
1463225345.90370 -2.89378320 21.29449319 -23.93188449 0.02935943 -0.94923711 -0.31306969 -0.00861940
1463225346.23632 -2.94814448 21.53238424 -24.29052373 -0.01175449 -0.95424004 -0.29881055 -0.00018877
1463225346.53414 -3.02670473 21.72307996 -24.62248305 -0.03407324 -0.94737886 -0.31822584 0.00668066
1463225346.83403 -3.13944145 21.87558285 -24.97203647 -0.00460178 -0.95152424 -0.30750441 0.00463415
1463225347.10090 -3.23283721 21.99703166 -25.27948787 -0.00919194 -0.95497162 -0.29628313 0.01268922
1463225347.36711 -3.30522003 22.15225834 -25.58621432 0.02377582 -0.95496154 -0.29576890 -0.00198187
1463225347.60036 -3.38007917 22.25134200 -25.84412383 -0.01329204 -0.95355068 -0.30058300 0.01463816
1463225347.83354 -3.47694582 22.37289693 -26.09554113 -0.03372649 -0.95594042 -0.29066154 0.02358617
1463225348.03343 -3.55620435 22.45446576 -26.31350356 -0.02412834 -0.95682684 -0.28775610 0.03311556
1463225348.23577 -3.62590123 22.50010153 -26.52871673 -0.02587782 -0.96838868 -0.24524294 0.03754477
1463225348.53318 -3.71131006 22.70773954 -26.83548741 -0.01108443 -0.96625590 -0.25626546 0.02355198
1463225348.83301 -3.77706086 22.97650982 -27.09778223 -0.01006979 -0.96444688 -0.26396168 -0.00806449
1463225349.09955 -3.83716058 23.22146716 -27.28362623 0.03814115 -0.96466474 -0.25849203 -0.03389773
1463225349.36610 -3.86404716 23.48900195 -27.43825260 0.03626231 -0.96072354 -0.26698616 -0.06643578
1463225349.73521 -3.93806960 23.80546649 -27.70144795 0.07102979 -0.94869936 -0.29407444 -0.09189402
1463225349.99917 -4.01293166 24.04138314 -27.90240098 0.05901190 -0.94137880 -0.32230301 -0.08027651
1463225350.16582 -4.05866276 24.14288087 -28.02947330 0.07070920 -0.93368487 -0.32350992 -0.13628682
1463225350.46550 -4.05165368 24.30998808 -28.35852056 0.04959225 -0.93574903 -0.30533100 -0.16937337
1463225350.79868 -4.07969703 24.49327755 -28.75594285 0.03424184 -0.94043139 -0.29749962 -0.16096669
1463225350.99856 -4.13941650 24.60836574 -29.03348764 0.03409868 -0.95921108 -0.25014870 -0.12718886
1463225351.26525 -4.18283832 24.71770571 -29.36453393 0.01574744 -0.96991873 -0.20337118 -0.13285268
1463225351.56750 -4.24473544 24.78677473 -29.74820473 0.01301485 -0.97726520 -0.16876693 -0.12767561
1463225351.76492 -4.35051426 24.90436210 -29.97414938 0.03775669 -0.98557318 -0.14344752 -0.08150312
1463225351.93174 -4.45276222 25.01987425 -30.14843138 0.04259483 -0.98588623 -0.16037906 -0.02219391
1463225352.09944 -4.53967620 25.17704084 -30.31761514 0.06678485 -0.98436302 -0.16252748 0.01241182
1463225352.23364 -4.58231339 25.29610950 -30.38056584 0.06693289 -0.97624055 -0.19884212 0.05418663
1463225352.40074 -4.58995258 25.44523797 -30.48497979 0.09640323 -0.96415661 -0.23961715 0.06076242
1463225352.56748 -4.58704882 25.59842548 -30.58977043 0.11854343 -0.95192045 -0.28040491 0.03417596
1463225352.73370 -4.57278073 25.75948236 -30.69840771 0.11671533 -0.93964444 -0.31930898 0.03856983
1463225352.93115 -4.52458859 25.91596824 -30.84138572 0.10869181 -0.92824895 -0.35463212 0.02785758
1463225353.09757 -4.46192032 26.01407713 -30.96773702 0.08034500 -0.91592546 -0.39321620 0.00249975
1463225353.29880 -4.35869492 26.14094633 -31.15654460 0.03742027 -0.92319344 -0.38200894 -0.01956417
1463225353.50023 -4.26065095 26.22090605 -31.37587243 0.01041986 -0.92916573 -0.36587151 -0.05177364
1463225353.69757 -4.17638491 26.28531300 -31.60258936 -0.01195856 -0.93849825 -0.33668318 -0.07564692
1463225353.90405 -4.11534349 26.37408174 -31.83570208 -0.04085573 -0.94986499 -0.30327766 -0.06410903
1463225354.09739 -4.07505790 26.45279746 -32.06881930 -0.05814297 -0.95566028 -0.27787136 -0.07823255
1463225354.26374 -4.06174697 26.51981572 -32.26371260 -0.06872552 -0.96230809 -0.24311099 -0.10068263
1463225354.43028 -4.09163488 26.59571168 -32.46155752 -0.06258497 -0.97335271 -0.19334101 -0.10623973
1463225354.63038 -4.15082494 26.65624995 -32.68193508 -0.05502301 -0.97911235 -0.17087126 -0.09546981
1463225354.76340 -4.23131956 26.73671126 -32.84508998 -0.06117066 -0.98305339 -0.15069863 -0.08458195
1463225354.86375 -4.29306287 26.79480512 -32.94359283 -0.03381456 -0.98860762 -0.13029967 -0.06733157
1463225354.99672 -4.37595710 26.88188528 -33.07806997 -0.00992882 -0.99174748 -0.11554794 -0.05465364
1463225355.13014 -4.46857236 26.97568891 -33.22121501 -0.00995689 -0.99109878 -0.12889257 -0.03179252
1463225355.26358 -4.56371104 27.07357033 -33.35246863 -0.00282772 -0.98893694 -0.14798649 -0.00978437
1463225355.39900 -4.65841187 27.18910352 -33.46693744 0.00210179 -0.98778231 -0.15223664 0.03325195
1463225355.53006 -4.74592966 27.31512753 -33.57602984 0.00538151 -0.98171577 -0.17888838 0.06483922
1463225355.69627 -4.82150790 27.47023256 -33.69835679 0.04457636 -0.97369246 -0.20770929 0.08241840
1463225355.86323 -4.86532353 27.61763139 -33.80031944 0.05395483 -0.96493968 -0.24250192 0.08469418
1463225356.02954 -4.89533406 27.79057061 -33.90742861 0.07157191 -0.94826574 -0.29386576 0.09650113
1463225356.29600 -4.86503213 28.00308655 -34.11831785 0.07606645 -0.93070565 -0.34710247 0.08672233
1463225356.46266 -4.79425630 28.10817840 -34.25777323 0.04884330 -0.93365059 -0.35166410 0.04736319
1463225356.59589 -4.72485484 28.19171740 -34.37251072 0.02077570 -0.92961271 -0.36794592 0.00209342
1463225356.72916 -4.63735953 28.25709436 -34.49776205 -0.00086749 -0.92653077 -0.37322717 -0.04734402
1463225356.82922 -4.57709497 28.29341205 -34.59335664 -0.00676670 -0.92676368 -0.36365444 -0.09390813
1463225356.96240 -4.48544835 28.33348161 -34.72197612 -0.02067441 -0.93021783 -0.34149067 -0.13285891
1463225357.13026 -4.40682841 28.42179450 -34.87825965 -0.03339507 -0.93913567 -0.31614372 -0.13023864
1463225357.26221 -4.37605182 28.50524040 -35.00595584 -0.01971785 -0.94627816 -0.30685651 -0.10003969
1463225357.39799 -4.35346355 28.58346126 -35.13081946 -0.00252965 -0.94595936 -0.31777318 -0.06461185
1463225357.56458 -4.32621039 28.68779022 -35.28162930 0.02614971 -0.94641302 -0.31976593 -0.03699111
1463225357.76198 -4.28940288 28.83493110 -35.44123984 0.04888219 -0.94285563 -0.32830339 -0.02916651
1463225357.96186 -4.23051121 28.93705295 -35.59917124 0.07399286 -0.93012789 -0.35526431 -0.05634214
1463225358.16179 -4.17987731 29.03397725 -35.76655240 0.06691452 -0.93454840 -0.34842668 -0.02721362
1463225358.36170 -4.11378134 29.16506424 -35.92425886 0.07845503 -0.93598415 -0.34307584 -0.00880067
1463225358.53131 -4.06358154 29.24873324 -36.05384592 0.07148493 -0.92529902 -0.37232671 0.00918962
1463225358.76254 -3.99849085 29.37715592 -36.23319070 0.07922860 -0.91929016 -0.38453029 0.02765652
1463225358.99472 -3.97548280 29.50997375 -36.40356734 0.07709523 -0.91693691 -0.38930140 0.04156265
1463225359.26123 -3.94837655 29.61528199 -36.58334761 0.08761365 -0.91581791 -0.39031656 0.03541740
1463225359.52777 -3.92698359 29.75130286 -36.73507271 0.09351816 -0.91553497 -0.38780130 0.05157728
1463225359.76105 -3.91968342 29.92413883 -36.84601776 0.09587769 -0.90985469 -0.39804347 0.06732981
1463225360.02754 -3.93907117 30.09080861 -36.98461736 0.10909065 -0.91638858 -0.37491785 0.08813515
1463225360.26073 -3.97200956 30.23291529 -37.12935684 0.11884517 -0.92309620 -0.35751902 0.07713220
1463225360.49436 -4.01792343 30.35885190 -37.29109469 0.11284630 -0.91310455 -0.38309395 0.08212681
1463225360.66065 -4.07157835 30.46061731 -37.42262525 0.11782236 -0.90665028 -0.38945962 0.11146464
1463225360.83015 -4.13110135 30.53723177 -37.56451007 0.11872522 -0.90304184 -0.39109145 0.13216366
1463225360.99366 -4.19577918 30.61201912 -37.69917548 0.12434850 -0.90210640 -0.38598447 0.14750415
1463225361.16082 -4.26854720 30.70381509 -37.82431086 0.12258194 -0.90104665 -0.38164689 0.16563287
1463225361.32696 -4.34473077 30.78496082 -37.94967808 0.13127479 -0.89704957 -0.38581974 0.17091554
1463225361.49350 -4.41878848 30.84428811 -38.07272488 0.13512007 -0.89323017 -0.38816561 0.18223583
1463225361.66010 -4.49056957 30.91909947 -38.18843861 0.13227660 -0.88909592 -0.39194473 0.19593540
1463225361.79332 -4.55161707 30.97395819 -38.29229237 0.13920020 -0.88062889 -0.39363773 0.22397632
1463225361.92659 -4.60344570 31.01110817 -38.41487717 0.14057174 -0.88631044 -0.37116160 0.23860525
1463225362.02655 -4.63836758 31.02879696 -38.50391678 0.13864253 -0.88572076 -0.36356099 0.25318056
1463225362.15975 -4.68310825 31.05243875 -38.61175463 0.13101398 -0.88346402 -0.35507425 0.27613209
1463225362.25971 -4.71351546 31.07018061 -38.68660871 0.12767765 -0.88316921 -0.34616758 0.28961797
1463225362.35975 -4.74423469 31.09183525 -38.75808206 0.12692519 -0.88487700 -0.33904171 0.29314399
1463225362.49299 -4.78772783 31.11678703 -38.84155635 0.11439529 -0.88264096 -0.33569168 0.30849597
1463225362.59298 -4.82065420 31.13089108 -38.89453828 0.10575328 -0.87593045 -0.34117429 0.32428720
1463225362.72834 -4.85227037 31.14896715 -38.95997335 0.10217148 -0.86576608 -0.36637486 0.32523768
1463225362.85950 -4.87434123 31.15375998 -39.02412163 0.09462870 -0.85841105 -0.37657403 0.33521319
1463225362.99329 -4.89162040 31.15498244 -39.08576170 0.09299110 -0.85770491 -0.36430833 0.35067702
1463225363.12613 -4.90341649 31.15739229 -39.14844441 0.09548645 -0.85925992 -0.34673325 0.36377298
1463225363.25925 -4.91372555 31.16245348 -39.20748840 0.10436421 -0.85404729 -0.33752462 0.38182255
1463225363.42581 -4.93414915 31.17635189 -39.26613187 0.10400364 -0.83612897 -0.33894549 0.41855412
1463225363.72823 -4.97141086 31.21139455 -39.35715426 0.07334605 -0.82093231 -0.34924186 0.44578091
1463225364.09221 -5.02186142 31.27916032 -39.46089759 0.07334669 -0.80185663 -0.36212601 0.46958594
1463225364.56141 -5.06072572 31.43839105 -39.54218869 0.08430593 -0.81232947 -0.37535539 0.43831687
1463225365.09168 -5.09386328 31.66283344 -39.62030986 0.08348319 -0.81790324 -0.37985748 0.42399663
1463225365.42491 -5.16806656 31.78610570 -39.75396908 0.06837833 -0.81691388 -0.36507143 0.44124705
1463225365.62481 -5.23642754 31.87648612 -39.83052980 0.03469988 -0.81810336 -0.39026539 0.42094625
1463225365.79139 -5.32429189 31.93402700 -39.91418803 0.00234231 -0.83041959 -0.38916609 0.39868230
1463225365.95797 -5.44031588 31.94883780 -40.00795874 -0.01196544 -0.85051432 -0.37624742 0.36731471
1463225366.12469 -5.58471352 31.93185663 -40.09198075 -0.01868715 -0.87039706 -0.33765212 0.35784185
1463225366.29114 -5.76382726 31.92809988 -40.14602887 -0.00872369 -0.88489768 -0.28689329 0.36684088
1463225366.42441 -5.92707064 31.95458299 -40.17753881 0.03508290 -0.88897463 -0.27246297 0.36641127
1463225366.55767 -6.10558482 31.98916560 -40.19624200 0.05779126 -0.87215769 -0.28433395 0.39389762
1463225366.69092 -6.28958364 32.01608249 -40.20207635 0.06281775 -0.84851675 -0.31317805 0.42189189
1463225366.79088 -6.42745040 32.03516016 -40.19174558 0.06085890 -0.82987599 -0.32419893 0.44999677
1463225366.92409 -6.61203942 32.06295477 -40.15838974 0.07369867 -0.80374847 -0.34589921 0.47844607
1463225367.02411 -6.75213356 32.06640458 -40.11766266 0.09593343 -0.78015606 -0.35992271 0.50260217
1463225367.15885 -6.93071430 32.04916177 -40.08537521 0.12555188 -0.76460372 -0.36077636 0.51909373
1463225367.32394 -7.12741258 32.00877704 -40.05272071 0.13571158 -0.74774355 -0.36235685 0.53959194
1463225367.49051 -7.33354974 31.99792166 -39.98904656 0.12634670 -0.72111376 -0.34931617 0.58481593
1463225367.62382 -7.51688164 32.00014175 -39.92760705 0.13087996 -0.68389518 -0.34481380 0.62949286
1463225367.75744 -7.69031851 31.98157539 -39.88702366 0.12197029 -0.65316644 -0.34408221 0.66340356
1463225367.89312 -7.84443237 31.93259059 -39.86092811 0.10974602 -0.62634725 -0.32463539 0.70018340
1463225368.05908 -8.03126607 31.86343542 -39.83539108 0.13879640 -0.61401927 -0.28233785 0.72387929
1463225368.19062 -8.17747201 31.82123357 -39.82240962 0.17784967 -0.62926010 -0.25238619 0.71323378
1463225368.35673 -8.33911687 31.78862282 -39.82786114 0.19782695 -0.67108873 -0.25571914 0.66716724
1463225368.62326 -8.58990929 31.77421462 -39.85168195 0.18886003 -0.69874556 -0.27846188 0.63130461
1463225368.99002 -8.97602085 31.81615146 -39.91300065 0.20281004 -0.71006361 -0.29057686 0.60847584
1463225369.25633 -9.25126460 31.87785715 -39.98700147 0.18420396 -0.72764721 -0.31621949 0.58017555
1463225369.62279 -9.63935262 31.92338115 -40.11861277 0.16797579 -0.75689019 -0.30710103 0.55189702
1463225369.98932 -10.05622251 32.00127664 -40.29401050 0.14564718 -0.77148045 -0.25793674 0.56309275
1463225370.32245 -10.43773585 32.01351933 -40.42268552 0.11065907 -0.77241306 -0.20192732 0.59191046
1463225370.72516 -10.91676747 32.08145730 -40.45285079 0.10920884 -0.75793224 -0.23129191 0.60009683
1463225371.02210 -11.27878441 32.10733532 -40.41252755 0.12728657 -0.72289089 -0.25714252 0.62857347
1463225371.22560 -11.53315057 32.09108337 -40.38046893 0.13478328 -0.69358363 -0.24630654 0.66340659
1463225371.52216 -11.87276679 32.04520115 -40.33549219 0.14128591 -0.66523845 -0.25811178 0.68620289
1463225371.75503 -12.16875613 32.00376945 -40.26622983 0.15117648 -0.63913883 -0.24108181 0.71451157
1463225371.88832 -12.32180400 31.94762497 -40.21777430 0.16269754 -0.60262272 -0.23136580 0.74622063
1463225372.05489 -12.50078935 31.89340772 -40.14711054 0.16098551 -0.56295599 -0.21406472 0.78188267
1463225372.18827 -12.64654525 31.85602894 -40.07001601 0.17092982 -0.53034131 -0.19269425 0.80770664
1463225372.32146 -12.78754202 31.81147145 -39.99445158 0.17991138 -0.49838206 -0.18395048 0.82789458
1463225372.42147 -12.87766094 31.75916008 -39.94057424 0.17600662 -0.46540124 -0.17497554 0.84959221
1463225372.55721 -12.99733160 31.69359165 -39.86005371 0.17487585 -0.43641152 -0.16536122 0.86695968
1463225372.68793 -13.10285513 31.62710733 -39.76394260 0.19681602 -0.40555205 -0.15052069 0.87984914
1463225372.89013 -13.24391141 31.52128804 -39.60166715 0.21212553 -0.38351192 -0.12842221 0.88962301
1463225373.08775 -13.36594602 31.40280503 -39.45380873 0.21192794 -0.36041202 -0.14554803 0.89666353
1463225373.25691 -13.45294193 31.31116827 -39.29665351 0.21008074 -0.33503864 -0.13726227 0.90817084
1463225373.39018 -13.51169983 31.23612405 -39.14994415 0.22380993 -0.30375634 -0.13526132 0.91615805
1463225373.55718 -13.56886011 31.10969659 -38.97976648 0.24331502 -0.26364134 -0.12133397 0.92551019
1463225373.72339 -13.60840888 30.97981576 -38.82929984 0.23515755 -0.23290124 -0.11018566 0.93718571
1463225373.85407 -13.63060175 30.89844274 -38.68796697 0.24925238 -0.20544180 -0.10543452 0.94050544
1463225374.08725 -13.67302197 30.75230407 -38.44827931 0.24893951 -0.19680434 -0.09130743 0.94390684
1463225374.28718 -13.70115427 30.61050850 -38.27207120 0.24635009 -0.18553262 -0.09568911 0.94643165
1463225374.45497 -13.72513916 30.51447248 -38.10170138 0.26608305 -0.14925094 -0.09890533 0.94717565
1463225374.65359 -13.76486881 30.38971897 -37.89760334 0.26826118 -0.12144303 -0.08922428 0.95148650
1463225374.85345 -13.80095707 30.22843610 -37.73254974 0.28955793 -0.09531995 -0.07206993 0.94967165
1463225374.98682 -13.82579135 30.13081014 -37.61252584 0.31591442 -0.07435685 -0.05224556 0.94442551
1463225375.15333 -13.85680215 30.01936032 -37.45187606 0.34467478 -0.05849850 -0.02498298 0.93656450
1463225375.41993 -13.93024684 29.83112804 -37.24693781 0.35100126 -0.05341357 -0.03234528 0.93429058
1463225375.65310 -14.01965729 29.71148323 -37.04447653 0.37021857 -0.03628598 -0.03766664 0.92747116
1463225375.81980 -14.09126437 29.61277453 -36.90492513 0.37560200 0.00159678 -0.04474245 0.92569903
1463225376.01963 -14.16976824 29.49022811 -36.75093238 0.36084103 0.02552600 -0.03432793 0.93164573
1463225376.28617 -14.28916832 29.36284707 -36.52814773 0.36783156 0.03667696 -0.04783021 0.92793697
1463225376.48606 -14.39227572 29.25564837 -36.37139836 0.36760696 0.01833405 -0.04893013 0.92851216
1463225376.65297 -14.47934399 29.17221729 -36.25288579 0.34804445 0.01224681 -0.06411107 0.93520311
1463225376.85255 -14.60569683 29.08720558 -36.08819041 0.35648877 0.01840662 -0.06260089 0.93201828
1463225377.01919 -14.72995074 28.99176424 -35.97223498 0.36652224 0.01590543 -0.06336766 0.92811260
1463225377.18578 -14.85156320 28.87811658 -35.88311035 0.36420363 0.00797039 -0.04726808 0.93008490
1463225377.31898 -14.93815444 28.79629815 -35.81037441 0.37356370 0.01892984 -0.03971205 0.92656072
1463225377.45232 -15.02321844 28.73228515 -35.72714257 0.36639675 0.01688312 -0.02845933 0.92987012
1463225377.58557 -15.10272100 28.66208135 -35.63626398 0.34176267 0.01332908 -0.02722236 0.93929737
1463225377.68550 -15.15894245 28.60275379 -35.57779825 0.32511738 0.01085133 -0.00786919 0.94557867
1463225377.81889 -15.23503276 28.52200186 -35.50852319 0.31841809 0.01060242 0.00297628 0.94788641
1463225377.95206 -15.31047090 28.43934153 -35.43496001 0.33617589 0.02711633 -0.00236708 0.94140580
1463225378.05202 -15.36310703 28.37906438 -35.38113879 0.35092837 0.04801392 -0.00242184 0.93516740
1463225378.18540 -15.41844864 28.30801584 -35.31302584 0.35195951 0.06865243 -0.00127129 0.93349330
1463225378.31854 -15.46611284 28.22268351 -35.22897006 0.33119805 0.08913971 0.01482720 0.93922421
1463225378.41848 -15.48724971 28.16828987 -35.17521942 0.31630406 0.09071794 0.03349782 0.94371600
1463225378.55487 -15.50850748 28.10670208 -35.10650760 0.31244813 0.09865451 0.05375497 0.94326765
1463225378.72071 -15.53411640 28.05334158 -35.01028880 0.30049376 0.11681745 0.05784370 0.94483400
1463225378.88749 -15.55320057 27.99875880 -34.90454824 0.29407990 0.14102864 0.06871096 0.94281851
1463225379.05391 -15.57152274 27.94368952 -34.81751421 0.28807403 0.14594302 0.07985676 0.94304660
1463225379.25129 -15.59444832 27.89302571 -34.73950763 0.29294324 0.15904193 0.07573133 0.93976310
1463225379.45190 -15.61280702 27.82653786 -34.65980969 0.28342076 0.18488575 0.06561359 0.93871443
1463225379.58463 -15.61154116 27.77377741 -34.60604935 0.26846083 0.20438412 0.04279240 0.94038541
1463225379.75115 -15.59398850 27.68874843 -34.54456064 0.26667526 0.23523516 0.03602887 0.93394360
1463225379.91769 -15.56480884 27.60302044 -34.48873649 0.27396785 0.25238055 0.04285299 0.92704331
1463225380.05371 -15.54526326 27.51770339 -34.41793031 0.26395131 0.24538862 0.06448499 0.93056747
1463225380.21983 -15.52860007 27.42520431 -34.35218564 0.25483707 0.26035647 0.06167879 0.92922995
1463225380.38419 -15.51631678 27.31902778 -34.28189942 0.24945259 0.26150527 0.07904911 0.92905309
1463225380.51753 -15.50136809 27.22076483 -34.22792763 0.25368689 0.28188695 0.08011417 0.92182668
1463225380.65064 -15.48092994 27.13046778 -34.18202125 0.26713454 0.28599217 0.10405210 0.91434172
1463225380.75063 -15.44839495 27.04641998 -34.14765842 0.29337522 0.30445590 0.13282552 0.89643459
1463225380.85060 -15.41390663 26.97224187 -34.11504294 0.30491918 0.31645930 0.14686284 0.88617668
1463225380.95053 -15.37260287 26.90819240 -34.08691395 0.31724393 0.33350709 0.17524549 0.87029784
1463225381.08379 -15.32369126 26.81997169 -34.04521000 0.32596320 0.35434699 0.18774069 0.85611893
1463225381.18381 -15.28519573 26.78088511 -34.02852372 0.33043991 0.39008856 0.18816494 0.83859068
1463225381.31705 -15.23034010 26.71642223 -33.97983107 0.33028486 0.42363714 0.18958427 0.82188885
1463225381.41698 -15.18221033 26.67094145 -33.94560795 0.32357881 0.46194523 0.17274652 0.80750356
1463225381.55027 -15.11166714 26.59574664 -33.89606723 0.31124991 0.49986642 0.16918966 0.79033659
1463225381.68349 -15.03224708 26.54529766 -33.87444923 0.30397288 0.54108805 0.18371153 0.76228228
1463225381.78540 -14.97267098 26.50129847 -33.85483609 0.29794792 0.57033436 0.17810050 0.74446354
1463225381.95009 -14.87246573 26.43865276 -33.81695488 0.28175970 0.60661192 0.18935856 0.71887188
1463225382.15041 -14.78101618 26.36756383 -33.77637880 0.26434477 0.63820054 0.17554618 0.70143100
1463225382.34986 -14.68863177 26.28876530 -33.73354684 0.25758221 0.66543466 0.16963784 0.67975814
1463225382.44987 -14.64034153 26.25223507 -33.72059498 0.25221459 0.69892834 0.15662696 0.65065734
1463225382.61638 -14.56215682 26.20152129 -33.70523160 0.24245880 0.73448624 0.12944034 0.62047473
1463225382.78300 -14.48050352 26.15762007 -33.68462734 0.22981408 0.76797826 0.11703978 0.58625641
1463225382.98293 -14.38116190 26.10974192 -33.66034616 0.22579549 0.78762521 0.12207743 0.56014286
1463225383.18280 -14.29124307 26.05962757 -33.63242757 0.18979297 0.80301478 0.12258967 0.55146864
1463225383.38267 -14.19120669 26.00320934 -33.58107505 0.16160987 0.80010202 0.12803623 0.56331672
1463225383.58262 -14.08794378 25.94304130 -33.52546602 0.12840623 0.79203779 0.16028210 0.57488923
1463225383.81577 -13.95818637 25.85965978 -33.47750658 0.13908181 0.79189329 0.17652612 0.56780260
1463225384.01570 -13.83753190 25.77425837 -33.43205800 0.14243282 0.77607696 0.17111513 0.59003141
1463225384.18230 -13.74344631 25.69461402 -33.41022873 0.15190792 0.78015866 0.15674905 0.58626460
1463225384.38494 -13.61575391 25.60683086 -33.38459370 0.16546799 0.78742975 0.15661675 0.57275294
1463225384.58210 -13.48800799 25.53376325 -33.36760148 0.17195135 0.79978296 0.16087649 0.55217634
1463225384.78199 -13.35101578 25.46334137 -33.35763832 0.16947302 0.80624368 0.14738843 0.54729030
1463225384.98187 -13.22406247 25.38919320 -33.33510620 0.15866575 0.79735522 0.14117600 0.56490634
1463225385.18181 -13.08252801 25.30498963 -33.31617037 0.16559273 0.79590059 0.14361529 0.56435445
1463225385.34876 -12.96035585 25.24102060 -33.31423716 0.16188379 0.80244649 0.14939960 0.55457464
1463225385.51494 -12.84731569 25.19271116 -33.32479152 0.16261125 0.81745362 0.15116877 0.53148393
1463225385.72045 -12.71070085 25.14278709 -33.33628260 0.15719153 0.82951890 0.15201179 0.51388873
1463225385.95105 -12.56383466 25.07749930 -33.34295676 0.14648175 0.83142406 0.15278956 0.51374360
1463225386.14803 -12.42451158 25.01857836 -33.35629576 0.13624520 0.83977602 0.14178497 0.50607362
1463225386.34788 -12.29408074 24.97823455 -33.38546959 0.12129937 0.85843375 0.12928183 0.48131503
1463225386.54780 -12.15395543 24.95014936 -33.42140647 0.10931543 0.87606846 0.13317097 0.45035506
1463225386.74772 -12.01981288 24.91200710 -33.45119175 0.09999127 0.88048430 0.14114237 0.44139323
1463225386.94753 -11.88141446 24.86518866 -33.47898817 0.10069007 0.88570299 0.15634838 0.42537854
1463225387.11420 -11.75881916 24.82912574 -33.51350100 0.08385580 0.89851626 0.16220454 0.39915714
1463225387.28182 -11.64405002 24.80368737 -33.55871605 0.08547284 0.91156980 0.16592904 0.36633652
1463225387.48097 -11.50394675 24.77977778 -33.61378091 0.07742451 0.91923608 0.16536326 0.34880577
1463225387.71613 -11.34992703 24.75334617 -33.66020093 0.05691107 0.91501733 0.17522154 0.35888972
1463225387.91380 -11.19008056 24.70459711 -33.70634093 0.03980639 0.91603306 0.17668862 0.35788270
1463225388.11374 -11.07244870 24.69537659 -33.77578279 0.01817905 0.92719641 0.16314323 0.33669069
1463225388.31363 -10.93845241 24.69172585 -33.84660088 0.00523373 0.93572609 0.16216610 0.31319553
1463225388.54995 -10.78809425 24.67384125 -33.93056488 0.00831360 0.93876138 0.17423908 0.29715098
1463225388.74674 -10.66348447 24.65417900 -34.00452373 0.01974592 0.94356696 0.17889387 0.27800803
1463225388.94682 -10.53766866 24.64417540 -34.09348347 0.01387260 0.94874313 0.18967337 0.25242432
1463225389.14638 -10.40837263 24.65103882 -34.18853022 0.00664612 0.95119733 0.18693095 0.24543083
1463225389.38284 -10.27190559 24.66356860 -34.29044277 -0.00384690 0.94554758 0.19922591 0.25735969
1463225389.57955 -10.15413400 24.65699531 -34.38358327 -0.01539522 0.94685243 0.20310551 0.24896108
1463225389.74622 -10.04980309 24.65074586 -34.47499776 -0.03503346 0.95037019 0.19577196 0.23925404
1463225389.91283 -9.96245071 24.65446513 -34.57304680 -0.03798939 0.95953610 0.18775189 0.20638922
1463225390.11265 -9.85708980 24.67349886 -34.68652309 -0.04567860 0.95934683 0.20443610 0.18913755
1463225390.34591 -9.73285826 24.67518383 -34.80407537 -0.05116945 0.95736923 0.20196919 0.20008571
1463225390.54869 -9.61627748 24.68071634 -34.91786736 -0.04290433 0.95627467 0.21119017 0.19772881
1463225390.71505 -9.53411099 24.68708265 -35.02877566 -0.04461209 0.96256817 0.20273134 0.17427644
1463225390.91239 -9.44369141 24.69703259 -35.16772149 -0.04026032 0.96704270 0.20265957 0.14878383
1463225391.07891 -9.37870776 24.72327867 -35.27412412 -0.04707327 0.96662515 0.20091359 0.15183429
1463225391.27874 -9.30151092 24.73748428 -35.39653488 -0.05043625 0.96326111 0.21839681 0.14794274
1463225391.44731 -9.23802031 24.75053711 -35.51071567 -0.06797043 0.96449112 0.21591056 0.13608650
1463225391.61221 -9.19634843 24.77029130 -35.63058290 -0.07733181 0.96818590 0.21117255 0.10973609
1463225391.77860 -9.16838047 24.80269099 -35.75220606 -0.08190082 0.96826730 0.22008960 0.08550596
1463225391.94590 -9.14903093 24.83486448 -35.86815896 -0.08724882 0.96438518 0.23696214 0.07872614
1463225392.11168 -9.13785460 24.86556478 -35.98882319 -0.10148782 0.95682353 0.26416625 0.06637127
1463225392.24683 -9.13357843 24.88773398 -36.08855237 -0.10115148 0.95843470 0.26559059 0.02515811
1463225392.38104 -9.13532255 24.90439598 -36.18113244 -0.11784283 0.95900457 0.25756659 -0.00909644
1463225392.54688 -9.13741720 24.92497549 -36.29266331 -0.12550564 0.95618917 0.26099702 -0.04279202
1463225392.77802 -9.13930336 24.96224393 -36.45113745 -0.12862120 0.95080127 0.26879266 -0.08475869
1463225393.07784 -9.12721529 24.98354113 -36.63497773 -0.13691649 0.94627804 0.27194663 -0.10888887
1463225393.88046 -9.07091168 25.05528529 -37.06632356 -0.13023768 0.94432606 0.28043437 -0.11244116
1463225394.71320 -9.13512519 25.13175605 -37.53710088 -0.14807954 0.94459657 0.27839911 -0.09112465
1463225395.07726 -9.19755161 25.16695575 -37.71458331 -0.13484860 0.94961543 0.26859420 -0.08890194
1463225395.41014 -9.21003774 25.16657964 -37.87624613 -0.13747508 0.95636350 0.25017447 -0.06230725
1463225395.64331 -9.20542273 25.17865290 -37.99659030 -0.14381318 0.95824699 0.24171995 -0.05149702
1463225396.17629 -9.23630937 25.18625000 -38.19383428 -0.10981359 0.96645149 0.22894258 -0.03870127
1463225396.54510 -9.28901506 25.21110500 -38.37935271 -0.09712718 0.96439422 0.24572837 -0.01129852
1463225396.97601 -9.32840356 25.26942880 -38.59740764 -0.07248943 0.96736265 0.24251164 0.01195385
1463225397.21181 -9.35830522 25.27288883 -38.71385303 -0.06241219 0.96859783 0.24021961 0.01474812
1463225397.54485 -9.42460595 25.37629265 -38.85851190 -0.04942204 0.97091859 0.23133586 0.03685476
1463225397.67571 -9.45746520 25.41933545 -38.94187215 -0.04154071 0.97249406 0.21696884 0.07385255
1463225397.90907 -9.49148292 25.47823657 -39.06834183 -0.01764399 0.96999501 0.21362593 0.11472723
1463225398.10882 -9.50302958 25.56425852 -39.15981833 -0.02010415 0.96272663 0.21589865 0.16168188
1463225398.24194 -9.48350590 25.64499386 -39.23626077 -0.03454211 0.95271808 0.22316414 0.20330487
1463225398.30873 -9.47985508 25.67844916 -39.27119395 -0.02988551 0.94930373 0.22432728 0.21818925
1463225398.50867 -9.43961968 25.73165939 -39.35972080 -0.02835956 0.93453193 0.23188934 0.26846443
1463225398.64189 -9.43787065 25.80455544 -39.46286333 -0.01323410 0.92484418 0.24396411 0.29149546
1463225398.77817 -9.42761750 25.85916398 -39.52965244 0.00027634 0.91755468 0.23968539 0.31724479
1463225398.88179 -9.41665297 25.91066455 -39.59292127 0.01634280 0.91007282 0.23971434 0.33769427
1463225398.94181 -9.41104648 25.94241935 -39.63616522 0.02424860 0.90397128 0.23616465 0.35563209
1463225399.10830 -9.39781786 25.98785565 -39.73460144 0.03224236 0.89102865 0.22870512 0.39079706
1463225399.24150 -9.39153465 26.03585041 -39.82391918 0.03989603 0.88086612 0.22448112 0.41483902
1463225399.44145 -9.36885552 26.12060819 -39.92583849 0.04911618 0.86582876 0.20844008 0.45219564
1463225399.60810 -9.34677342 26.19985033 -40.02152592 0.05563175 0.85133102 0.19064128 0.48558883
1463225399.77465 -9.33298180 26.25414841 -40.11986371 0.05422714 0.83200455 0.18070967 0.52170094
1463225399.94121 -9.30806570 26.27396712 -40.15561110 0.06597318 0.81404085 0.18480766 0.54665453
1463225400.10769 -9.33595805 26.37330702 -40.29891606 0.08178571 0.79546233 0.17152438 0.57543911
1463225400.23859 -9.34380989 26.41031040 -40.34564866 0.09271008 0.77518801 0.16063278 0.60389196
1463225400.37431 -9.35470756 26.44731391 -40.41869997 0.10431857 0.74759956 0.15087283 0.63831804
1463225400.97406 -9.33201906 26.47338620 -40.48183466 0.11806748 0.71935462 0.14444897 0.66912144
1463225401.24272 -9.27353194 26.42152769 -40.39024510 0.12337925 0.72217518 0.14628042 0.66471242
1463225401.44044 -9.20858596 26.36206563 -40.29870132 0.11563398 0.72447199 0.15261803 0.66217584
1463225401.64037 -9.14038077 26.30321277 -40.20481465 0.10904022 0.71527148 0.13825221 0.67630117
1463225401.80696 -9.07552189 26.26264355 -40.12357930 0.12550823 0.69726892 0.13337504 0.69301864
1463225402.10675 -8.91723557 26.18016290 -39.96061655 0.14266569 0.67495336 0.14612124 0.70903671
1463225402.37334 -8.76146816 26.08093456 -39.83153267 0.13648977 0.64864440 0.14618802 0.73434327
1463225402.57604 -8.64399549 26.02481109 -39.73877077 0.13703732 0.63526074 0.14093103 0.74686211
1463225402.87430 -8.43557728 25.92414122 -39.57132849 0.15093294 0.62289470 0.14818259 0.75316888
1463225403.13962 -8.26998287 25.89277764 -39.52137100 0.14487622 0.60203664 0.15731698 0.76929457
1463225403.33955 -8.12794304 25.89297792 -39.47530530 0.14954968 0.58088717 0.14960306 0.78601775
1463225403.47280 -8.02530445 25.88313258 -39.45123878 0.15686799 0.54956214 0.13819190 0.80887384
1463225403.63936 -7.91381478 25.87589405 -39.45091636 0.15439707 0.52506393 0.12358526 0.82776573
1463225403.80596 -7.79516060 25.87880497 -39.45509890 0.15059966 0.50950890 0.11033342 0.83996843
1463225403.97259 -7.66271492 25.90104670 -39.45265664 0.15003215 0.49460059 0.09978685 0.85023714
1463225404.13918 -7.50392588 25.89953991 -39.43172599 0.15537426 0.48711193 0.08793635 0.85489649
1463225404.27236 -7.39461831 25.92885204 -39.47733018 0.14303223 0.47544587 0.08733054 0.86363556
1463225404.40792 -7.28344653 25.93930957 -39.50123362 0.14033421 0.47295354 0.09317882 0.86483465
1463225404.53886 -7.17183288 25.95993628 -39.51655982 0.14720953 0.46200209 0.10073078 0.86875586
1463225404.67214 -7.05602412 25.98788419 -39.52971835 0.15076983 0.44507843 0.09187469 0.87791383
1463225404.80547 -6.94194185 26.00573663 -39.54673729 0.14847792 0.41530616 0.08523279 0.89342626
1463225404.97197 -6.81277875 26.01162633 -39.57642581 0.15412526 0.40122553 0.08303882 0.89909289
1463225405.17198 -6.66229815 26.02254318 -39.59018681 0.15631553 0.38036469 0.07454611 0.90847732
1463225405.33876 -6.52224565 26.03091824 -39.57196092 0.16977375 0.36680474 0.05549001 0.91299070
1463225405.50584 -6.38573145 25.99091229 -39.51759430 0.17931223 0.34272848 0.03870069 0.92135041
1463225405.70511 -6.24056613 25.99846260 -39.53512234 0.17878561 0.33441135 0.04993929 0.92396473
1463225405.91057 -6.09219944 25.99022433 -39.49970003 0.17462596 0.32521104 0.05224952 0.92790815
1463225406.07427 -5.96956873 25.96302242 -39.45366051 0.17753334 0.31535439 0.06070322 0.93024117
1463225406.20481 -5.87638618 25.95885499 -39.44495711 0.16709239 0.31188297 0.05374698 0.93376678
1463225406.37137 -5.77066764 25.93744520 -39.41587645 0.15931230 0.30811614 0.05410322 0.93635297
1463225406.53799 -5.67222430 25.92871964 -39.36646714 0.14198613 0.30219360 0.05278070 0.94113398
1463225406.74226 -5.55765142 25.90070418 -39.29956845 0.14152741 0.30207963 0.04257865 0.94175631
1463225406.90718 -5.47120278 25.86860338 -39.25486189 0.14754102 0.31097057 0.05950168 0.93701041
1463225407.07375 -5.39574492 25.83902505 -39.22240805 0.15217265 0.31671239 0.06254707 0.93414379
1463225407.24013 -5.32570976 25.82085047 -39.19661264 0.16054694 0.31232514 0.05585174 0.93464339
1463225407.37091 -5.26896858 25.80709634 -39.17961586 0.16700994 0.30086507 0.04273125 0.93795625
1463225407.47083 -5.22609773 25.79786028 -39.16799566 0.16920207 0.28708206 0.03389795 0.94223430
1463225407.60411 -5.16925798 25.78618316 -39.15317820 0.16570340 0.26877697 0.02240454 0.94857755
1463225407.70408 -5.12964279 25.77483353 -39.14219545 0.16483141 0.25536181 0.01042146 0.95263442
1463225407.83870 -5.08358282 25.75567686 -39.12504141 0.16839580 0.24388888 0.00092031 0.95507079
1463225408.07263 -5.02295211 25.72680150 -39.07072033 0.15909281 0.22578254 -0.00599391 0.96108054
1463225408.37050 -4.95335341 25.62995177 -38.90672051 0.13894203 0.21878234 -0.01119337 0.96576607
1463225408.60365 -4.93128960 25.60115338 -38.88915330 0.15035134 0.21381626 -0.02417618 0.96493139
1463225408.87008 -4.90057477 25.54848193 -38.81354858 0.14880839 0.20295516 -0.03196420 0.96728670
1463225409.10337 -4.85632723 25.49879614 -38.73884995 0.15651072 0.20755936 -0.06052432 0.96372212
1463225409.26986 -4.83588642 25.45374928 -38.68375081 0.16991135 0.19034505 -0.08174873 0.96343969
1463225409.47006 -4.83847521 25.40169511 -38.62318532 0.18659761 0.15751812 -0.10540420 0.96398098
1463225409.66973 -4.86520521 25.36528363 -38.55522916 0.19220871 0.10738897 -0.12058306 0.96797890
1463225409.83635 -4.89168539 25.34522897 -38.48607436 0.18552821 0.05089247 -0.13254173 0.97232810
1463225410.13621 -4.89728969 25.21321923 -38.26563220 0.19740419 0.01431614 -0.14934736 0.96877345
1463225410.50265 -4.96919361 25.07714881 -38.10649686 0.20534972 -0.00693456 -0.13002821 0.96998767
1463225410.76921 -5.00000497 24.90680953 -37.89419072 0.22417957 -0.04418773 -0.10550459 0.96781183
1463225410.86925 -5.03636484 24.84476561 -37.86923484 0.23849553 -0.07271014 -0.10628803 0.96256739
1463225411.07198 -5.04455895 24.65345488 -37.76958315 0.28504814 -0.09684780 -0.10132572 0.94820945
1463225411.23830 -5.02171510 24.51661386 -37.70467064 0.33168471 -0.10598521 -0.07469388 0.93443738
1463225411.36897 -4.95656849 24.36750072 -37.55175145 0.37186065 -0.09878917 -0.06296564 0.92086681
1463225411.53553 -4.90440809 24.26076547 -37.49869819 0.41141174 -0.06923949 -0.05860108 0.90692458
1463225411.63542 -4.83600931 24.19370605 -37.43247262 0.41588727 -0.03376557 -0.03306744 0.90818732
1463225411.76874 -4.74303377 24.08536880 -37.26622898 0.40912541 0.00114661 -0.01593398 0.91233831
1463225411.93529 -4.62051025 24.06687840 -37.13214220 0.38561212 0.01373153 -0.00536076 0.92254322
1463225412.10184 -4.50242187 23.94070925 -36.84922994 0.36667197 0.03592825 -0.01395400 0.92955157
1463225412.23736 -4.41258221 23.97303489 -36.82491067 0.33097263 0.06278156 -0.01879187 0.94136202
1463225412.36982 -4.33123058 23.94938274 -36.69047847 0.29534640 0.08885509 -0.02127654 0.95101135
1463225412.53506 -4.24220936 23.91357967 -36.50476342 0.26535457 0.10339105 -0.03427480 0.95797833
1463225412.66825 -4.18661856 23.79854627 -36.26575794 0.23088023 0.10408215 -0.04924176 0.96614516
1463225412.86819 -4.09747051 23.77105724 -36.18107395 0.22917486 0.09855943 -0.04243229 0.96745254
1463225413.10139 -3.99366056 23.68272335 -35.95001014 0.24410602 0.09843089 -0.03315856 0.96417017
1463225413.26789 -3.91624199 23.58717321 -35.79644720 0.20454430 0.08454583 -0.03111063 0.97470291
1463225413.50124 -3.80739503 23.42326530 -35.60101814 0.22600673 0.10987226 -0.04907360 0.96666480
1463225413.73694 -3.72745639 23.27584510 -35.34446209 0.24356448 0.12663629 -0.08042116 0.95821294
1463225414.07072 -3.62157815 23.02205687 -35.03339855 0.25379008 0.13767093 -0.08204311 0.95389005
1463225414.30101 -3.54692557 22.87550738 -34.76361346 0.25122142 0.13604772 -0.06690779 0.95598230
1463225414.50072 -3.51076597 22.71089303 -34.55837056 0.23891528 0.09925819 -0.09186309 0.96157604
1463225414.73390 -3.48112793 22.56034435 -34.30200543 0.22540962 0.11486185 -0.16726224 0.95290115
1463225415.03627 -3.45741605 22.33296131 -33.99430762 0.25218842 0.11113730 -0.19816012 0.94062855
1463225415.30029 -3.43129826 22.17740859 -33.70274339 0.22515811 0.10238128 -0.19534262 0.94903275
1463225415.53350 -3.41939101 22.00581259 -33.45989262 0.22850226 0.07735876 -0.21054869 0.94734977
1463225415.76680 -3.42313170 21.84155289 -33.22289433 0.22149763 0.05363962 -0.22037176 0.94841862
1463225415.96668 -3.43538380 21.71689561 -32.98808419 0.23485428 0.05567712 -0.22574707 0.94381237
1463225416.23573 -3.45587834 21.52314995 -32.72468606 0.20976005 0.03850081 -0.21474005 0.95310289
1463225416.56926 -3.48027664 21.30524996 -32.34351988 0.21881009 0.02800487 -0.21299875 0.95182425
1463225416.89953 -3.52544248 21.06828850 -31.99702833 0.20957474 -0.00232699 -0.22492146 0.95156889
1463225417.29980 -3.57004774 20.77815547 -31.56568071 0.20916865 0.01374858 -0.21621130 0.95357859
1463225417.63245 -3.58799159 20.56430315 -31.19058757 0.22250510 0.02312198 -0.18152566 0.95760393
1463225417.93233 -3.61176867 20.35672811 -30.88986761 0.20230192 0.00075738 -0.21462677 0.95551489
1463225418.40189 -3.65800971 20.04007498 -30.38231556 0.19916952 -0.00213547 -0.23282806 0.95190233
1463225418.83188 -3.69937215 19.72298818 -29.91161320 0.22470728 -0.01480854 -0.22303870 0.94844140
1463225419.13911 -3.72797557 19.53954008 -29.60029677 0.21699963 -0.03571509 -0.23844034 0.94592907
1463225419.43161 -3.77036080 19.33281556 -29.27115532 0.20168690 -0.00608741 -0.25006342 0.94697076
1463225419.73150 -3.80445272 19.14039707 -28.93989117 0.20338682 0.01471009 -0.23643720 0.95000782
1463225419.99801 -3.84852423 18.92852369 -28.66032618 0.21645444 -0.00702841 -0.24602986 0.94475784
1463225420.33115 -3.91203026 18.72223561 -28.29454314 0.21511561 -0.00240268 -0.26162084 0.94089002
1463225420.66435 -3.98159022 18.47839791 -27.95669603 0.20155042 0.00308766 -0.24564639 0.94816968
1463225420.99746 -4.04387708 18.25069712 -27.58647633 0.22141887 0.01852237 -0.24364761 0.94406909
1463225421.33061 -4.12183074 18.01731840 -27.25446855 0.21955092 0.00952989 -0.22709817 0.94875339
1463225421.56469 -4.16978055 17.86310997 -27.00596377 0.22143743 0.04278254 -0.21034854 0.95125633
1463225421.83047 -4.19997379 17.68781902 -26.75027918 0.20359585 0.05699523 -0.17474694 0.96164639
1463225422.06369 -4.19274463 17.54036321 -26.49634158 0.22722736 0.09814642 -0.12694484 0.96053111
1463225422.36615 -4.16947218 17.32378648 -26.20714764 0.20984055 0.11930133 -0.12430433 0.96243575
1463225422.66341 -4.12855785 17.13354858 -25.87432004 0.19596474 0.16633462 -0.12395475 0.95841840
1463225422.99652 -4.06256456 16.90766409 -25.53743998 0.18702271 0.18960509 -0.10237050 0.95843242
1463225423.36297 -3.96309115 16.63944366 -25.18759406 0.21455621 0.17713489 -0.06211398 0.95850442
1463225423.66289 -3.87667826 16.45601184 -24.82372732 0.19863500 0.19316403 -0.05301051 0.95938610
1463225423.99607 -3.78496478 16.19429756 -24.48904755 0.21245660 0.20307986 -0.02213262 0.95557884
1463225424.29588 -3.67584541 15.99493359 -24.15873482 0.24245778 0.19410028 0.00024687 0.95054681
1463225424.59631 -3.57700793 15.78878703 -23.87236289 0.22084512 0.18608960 -0.02534010 0.95705589
1463225424.92895 -3.45530624 15.57322826 -23.50231320 0.22776413 0.18982912 -0.03921160 0.95422789
1463225425.23168 -3.34273293 15.37233699 -23.19464611 0.22101979 0.17613756 -0.04381943 0.95823049
1463225425.63393 -3.20179952 15.09096258 -22.81697171 0.22029462 0.15343764 -0.05581178 0.96167157
1463225425.96430 -3.09191455 14.86998222 -22.42806360 0.23467607 0.14694066 -0.05149825 0.95952254
1463225426.32822 -2.98307327 14.60633523 -22.04603301 0.24061428 0.13714227 -0.04305690 0.95991816
1463225426.56445 -2.90427082 14.43807580 -21.80337416 0.25490708 0.11651040 -0.04835846 0.95870181
1463225426.79730 -2.82974298 14.26171523 -21.55925725 0.24868309 0.10510194 -0.06817360 0.96044920
1463225426.99457 -2.75471460 14.15106821 -21.33645875 0.26947529 0.11678667 -0.07453830 0.95298897
1463225427.26112 -2.66030813 13.95371906 -21.06635538 0.25043468 0.12303032 -0.06643770 0.95798332
1463225427.59427 -2.53563032 13.73549190 -20.69889959 0.25903346 0.11434359 -0.04793843 0.95787740
1463225427.99405 -2.42128239 13.43940539 -20.26483707 0.26427648 0.10599813 -0.07017100 0.95603262
1463225428.46078 -2.29446979 13.12413164 -19.76676243 0.25385926 0.09002864 -0.06039983 0.96114628
1463225428.96038 -2.14576738 12.76176332 -19.24408510 0.26538163 0.06465492 -0.07356539 0.95915612
1463225429.39377 -2.06871037 12.43351843 -18.73045022 0.25146424 0.08962915 -0.07223388 0.96099668
1463225429.82655 -1.96633240 12.13032790 -18.26691268 0.27124551 0.08401596 -0.08997911 0.95460513
1463225430.45956 -1.91754458 11.64997419 -17.55237360 0.27763219 0.08979381 -0.07658292 0.95341098
1463225431.02592 -1.87045875 11.20853141 -16.91014641 0.28333339 0.08931854 -0.07516366 0.95189013
1463225431.39235 -1.82136157 10.97033137 -16.47435182 0.28326298 0.12388110 -0.06782334 0.94858608
1463225431.82546 -1.73885719 10.65837765 -15.96957968 0.27368140 0.11934122 -0.05230560 0.95295345
1463225432.16105 -1.67440196 10.41617032 -15.62223689 0.26805088 0.11284141 -0.05708472 0.95506904
1463225432.42520 -1.61016713 10.22809002 -15.29994290 0.27496288 0.13084510 -0.05994692 0.95062156
1463225432.72513 -1.52328224 9.99608245 -14.94854546 0.24446418 0.13725897 -0.05018852 0.95858143
1463225433.42532 -1.35982416 9.48443148 -14.17587226 0.28105598 0.12308494 -0.07001068 0.94918709
1463225434.12956 -1.19564125 8.98340849 -13.38359210 0.25886033 0.09931541 -0.06532827 0.95857185
1463225434.75732 -1.10317559 8.51533919 -12.69092972 0.25294945 0.10388083 -0.06841169 0.95945046
1463225435.19053 -1.05262056 8.21379900 -12.20319164 0.22735336 0.07422825 -0.05336727 0.96951150
1463225435.52384 -1.03428807 7.97304069 -11.83649733 0.19567979 0.06139118 -0.04308062 0.97779579
1463225435.85759 -1.02558489 7.72321022 -11.48859160 0.18788434 0.06344515 -0.03404702 0.97954836
1463225436.15674 -0.97774674 7.51411444 -11.15140990 0.19867147 0.07169836 -0.02548215 0.97710780
1463225436.42315 -0.94380587 7.31852591 -10.90627004 0.17816546 0.06746258 -0.03466274 0.98107307
1463225436.62536 -0.91133126 7.18427698 -10.69053351 0.17382856 0.08733093 -0.01334218 0.98080524
1463225436.95892 -0.86597307 6.92536857 -10.36648222 0.17083067 0.10701776 -0.00058840 0.97947115
1463225437.25618 -0.80446491 6.71437641 -10.03839843 0.17951079 0.12894711 0.02465296 0.97495679
1463225437.55597 -0.75913638 6.48555361 -9.75931546 0.14734848 0.11689049 0.00266713 0.98214964
1463225437.82249 -0.70924102 6.31119937 -9.46618462 0.13977796 0.13870095 -0.01957263 0.98022502
1463225438.08909 -0.65336159 6.11478663 -9.21417434 0.13343054 0.15284078 -0.01456756 0.97909334
1463225438.32233 -0.59681684 5.97631211 -8.97821383 0.13367072 0.16504568 0.00329398 0.97718023
1463225438.52218 -0.55938538 5.84132027 -8.79231329 0.12646174 0.16455626 0.01467324 0.97811725
1463225438.72208 -0.54369548 5.70625265 -8.60842900 0.11887941 0.15734595 0.00808882 0.98032878
1463225438.88867 -0.52895341 5.61486217 -8.43968352 0.12092615 0.17214925 0.01698793 0.97747272
1463225439.02186 -0.51634857 5.52890598 -8.31429916 0.12346219 0.19694851 0.03121816 0.97210792
1463225439.15523 -0.50989145 5.43749345 -8.19743826 0.11290730 0.19320758 0.03638841 0.97396030
1463225439.29135 -0.49463324 5.35687455 -8.06603530 0.11023249 0.19837814 0.03902078 0.97312501
1463225439.42175 -0.48260894 5.28893902 -7.93938530 0.11685734 0.19633207 0.04159444 0.97266026
1463225439.52162 -0.47299063 5.23138843 -7.83872202 0.12864369 0.19503041 0.04204442 0.97141454
1463225439.62438 -0.46619365 5.16962978 -7.74761935 0.12826597 0.18999687 0.04590104 0.97228706
1463225439.72160 -0.45996362 5.10700101 -7.66597594 0.12148257 0.17966688 0.03029691 0.97572737
1463225439.82157 -0.44955546 5.04628838 -7.57801445 0.10900905 0.18196962 0.02695967 0.97687116
1463225439.92154 -0.44114652 4.99708324 -7.49120285 0.10487287 0.17904544 0.02048583 0.97802083
1463225440.02141 -0.42707114 4.94419267 -7.39645894 0.11207231 0.18785548 0.02021373 0.97557241
1463225440.12435 -0.41149839 4.88137857 -7.29672858 0.12204017 0.19750665 0.02136688 0.97244063
1463225440.22301 -0.39926215 4.82551886 -7.22443116 0.12079272 0.20466194 0.02564487 0.97101233
1463225440.35459 -0.38315928 4.74023277 -7.11960075 0.11319574 0.19651540 0.02815688 0.97353768
1463225440.52135 -0.35526789 4.64516822 -6.97060232 0.11509855 0.19742645 0.02563207 0.97319994
1463225440.75450 -0.30634899 4.52205759 -6.74276836 0.11973317 0.18756751 0.02403609 0.97463053
1463225440.98779 -0.27797708 4.38091253 -6.56874465 0.10996926 0.17161332 0.00435242 0.97899780
1463225441.18750 -0.25227846 4.25838376 -6.37598505 0.12756211 0.16086300 -0.00382114 0.97869117
1463225441.42068 -0.23179374 4.11572864 -6.16726908 0.14605620 0.16970025 -0.01366432 0.97451665
1463225441.68734 -0.19836386 3.94563768 -5.93605426 0.15446607 0.16030460 -0.00841585 0.97487017
1463225441.92059 -0.16217486 3.81494340 -5.70480930 0.16246871 0.13890840 -0.00605473 0.97686832
1463225442.15378 -0.13783679 3.65751383 -5.50573168 0.18082840 0.11325146 -0.03237288 0.97643596
1463225442.45601 -0.12340810 3.47293594 -5.18467523 0.19124759 0.10864258 -0.05002001 0.97422746
1463225442.72008 -0.12653592 3.28945662 -4.93882616 0.17085083 0.08661467 -0.04301574 0.98053941
1463225443.08661 -0.11042973 3.05373813 -4.54741702 0.16914953 0.06840872 -0.02794362 0.98281628
1463225443.62259 -0.11172512 2.66451929 -3.97725832 0.18524751 0.06647648 -0.04848638 0.97924119
1463225444.12213 -0.10492737 2.33040774 -3.43629635 0.16528965 0.06526178 -0.03183762 0.98356830
1463225444.45252 -0.11836381 2.09928562 -3.10362779 0.14302284 0.03087096 -0.04478529 0.98822352
1463225444.85239 -0.14365492 1.81920244 -2.66840184 0.15569991 0.02051711 -0.06158261 0.98566940
1463225445.25216 -0.15363910 1.55939626 -2.26864559 0.16066069 0.00876613 -0.06412428 0.98488546
1463225445.58538 -0.18243902 1.32905387 -1.96772938 0.14842290 -0.01083725 -0.06316977 0.98684486
1463225445.88521 -0.24992593 1.15151848 -1.69043616 0.16529339 0.00186154 -0.05460240 0.98473002
1463225446.15186 -0.32540523 0.99480432 -1.48626099 0.14938729 0.00003478 -0.02682469 0.98841483
1463225446.41831 -0.42140812 0.85916531 -1.27804188 0.15494489 -0.00125330 -0.01619649 0.98778954
1463225446.61815 -0.50623733 0.75678936 -1.13476963 0.14731798 -0.01276339 -0.01256533 0.98892700
1463225446.81808 -0.58946866 0.66101687 -1.01872233 0.13964948 -0.01991964 -0.00821401 0.98996655
1463225447.01872 -0.65878699 0.56191540 -0.90256611 0.14990588 -0.01006367 -0.00203347 0.98864696
1463225447.21789 -0.69900626 0.47163419 -0.79725916 0.15308603 -0.00014220 0.01493418 0.98810000
1463225447.55169 -0.66328013 0.37656266 -0.66473529 0.14541622 0.00326475 0.02661981 0.98900700
1463225447.78432 -0.55880522 0.35347055 -0.59550038 0.14169417 -0.01305779 0.00941876 0.98977954
1463225447.95204 -0.45803791 0.35164384 -0.56227543 0.13780483 -0.02248351 -0.01449131 0.99009814
1463225448.12017 -0.35275761 0.35129619 -0.52698583 0.12076784 -0.01999619 -0.01842196 0.99230838
1463225448.28765 -0.25039389 0.34602878 -0.49015915 0.11305475 -0.02488373 -0.02620850 0.99293129
1463225448.41766 -0.16229229 0.34221068 -0.45771618 0.11473059 -0.02827090 -0.03094305 0.99251205
1463225448.55060 -0.06732926 0.33183253 -0.42542406 0.11921686 -0.03246129 -0.03906667 0.99156815
1463225448.68482 0.02485481 0.31399849 -0.40974145 0.13426920 -0.03647744 -0.05216390 0.98889843
1463225448.81909 0.11294289 0.30375585 -0.40242104 0.13836863 -0.04123938 -0.04821623 0.98834641
1463225448.95341 0.20194867 0.30308491 -0.39518382 0.13248070 -0.05253658 -0.05629161 0.98819028
1463225449.05040 0.27452420 0.30094944 -0.39031152 0.13664028 -0.05297159 -0.05687920 0.98756681
1463225449.18362 0.36797551 0.29408914 -0.38796695 0.15021626 -0.05139619 -0.05929701 0.98553405
1463225449.31699 0.44997857 0.30022858 -0.37938981 0.13736858 -0.04930724 -0.06084450 0.98741917
1463225449.45235 0.52146517 0.30875253 -0.36630366 0.12779129 -0.04655810 -0.05698973 0.98906719
1463225449.61992 0.59609096 0.32363244 -0.34347844 0.12492518 -0.04383463 -0.06124492 0.98930343
1463225449.81720 0.65259134 0.35025173 -0.32413005 0.14562398 -0.03783545 -0.07994791 0.98537834
1463225450.08342 0.66348133 0.41444483 -0.31023343 0.14366445 -0.03591203 -0.07972188 0.98575619
1463225450.24977 0.63051079 0.47479193 -0.30395875 0.13667129 -0.04491238 -0.10435715 0.98407999
1463225450.38331 0.58905961 0.52677396 -0.30656565 0.12438587 -0.04592202 -0.10317626 0.98578597
1463225450.51613 0.53560538 0.57085870 -0.31604157 0.11025453 -0.03999313 -0.10726102 0.98728900
1463225450.64953 0.46843648 0.59904334 -0.33378580 0.10887779 -0.01941158 -0.11971767 0.98662885
1463225450.78529 0.38225360 0.61693197 -0.35109574 0.10247362 -0.01483494 -0.11385613 0.98808697
1463225450.88278 0.31402462 0.62290319 -0.36521183 0.08929688 -0.00954115 -0.10444284 0.99046793
1463225450.98271 0.24190987 0.61822217 -0.37627891 0.09024283 -0.00323994 -0.09632612 0.99124518
1463225451.08269 0.16427722 0.61327350 -0.38700202 0.07877003 -0.01047386 -0.09354394 0.99243897
1463225451.18262 0.08405096 0.59961421 -0.40174221 0.07324064 -0.01780397 -0.09700602 0.99242564
1463225451.28253 -0.00048507 0.57689969 -0.41506110 0.06723069 -0.03481715 -0.09358124 0.99272874
1463225451.38258 -0.08338636 0.54227868 -0.42739874 0.07324872 -0.04516831 -0.09086402 0.99213819
1463225451.48256 -0.16221451 0.49846956 -0.43700122 0.08048086 -0.05084755 -0.07802097 0.99239613
1463225451.58244 -0.23563973 0.44674946 -0.44851497 0.09393961 -0.06517196 -0.06649058 0.99121490
1463225451.68271 -0.29566892 0.39322258 -0.46212009 0.10383658 -0.07117932 -0.04299953 0.99111175
1463225451.81592 -0.35865012 0.31931199 -0.48023467 0.12272981 -0.08008547 -0.02888679 0.98878171
1463225451.98219 -0.41197123 0.23270559 -0.49420137 0.13579511 -0.08049230 -0.02162851 0.98722484
1463225452.11830 -0.45224408 0.17641737 -0.49855832 0.14908193 -0.09560982 -0.01851017 0.98401764
1463225452.28471 -0.49226527 0.12501181 -0.49390077 0.14218848 -0.11471435 -0.00628397 0.98314982
1463225452.48190 -0.51428178 0.07533118 -0.47824536 0.11531584 -0.12304353 -0.00497347 0.98566618
1463225452.68189 -0.49515142 0.02856213 -0.45086506 0.08508482 -0.11444818 0.00577410 0.98976202
1463225452.88178 -0.44256197 0.00331748 -0.41122489 0.04807098 -0.10345677 0.00511257 0.99345847
1463225453.04833 -0.37471470 0.00906794 -0.37247234 0.01270890 -0.09626122 -0.00666874 0.99525263
1463225453.18182 -0.30187885 0.02077356 -0.34758576 -0.00405943 -0.08149123 -0.01780673 0.99650671
1463225453.28373 -0.24071781 0.03335990 -0.33292261 -0.01681034 -0.06844796 -0.01966221 0.99731925
1463225453.38151 -0.17865001 0.04673583 -0.32148986 -0.02356097 -0.05311611 -0.02288471 0.99804802
1463225453.48186 -0.11924253 0.06249790 -0.31004015 -0.03208759 -0.03750417 -0.02269295 0.99852334
1463225453.61737 -0.05307650 0.08577974 -0.29471455 -0.04069588 -0.03568342 -0.02476180 0.99822712
1463225453.74806 0.00678739 0.10344230 -0.28283561 -0.03704248 -0.03675069 -0.03109850 0.99815336
1463225453.88214 0.06574752 0.11151324 -0.27633502 -0.02646304 -0.04308539 -0.04392207 0.99775458
1463225454.01454 0.12278735 0.10995661 -0.26944647 -0.00598417 -0.06226677 -0.04764024 0.99690393
1463225454.14901 0.18561100 0.10740181 -0.26729851 0.00832604 -0.07104554 -0.05455957 0.99594501
1463225454.28119 0.24913958 0.10674842 -0.26963651 0.02403654 -0.07433863 -0.06122255 0.99506171
1463225454.41434 0.30733347 0.11361833 -0.27973593 0.03537143 -0.08371577 -0.05657820 0.99425321
1463225454.51458 0.34769195 0.11920106 -0.29181406 0.07004497 -0.09062700 -0.04044933 0.99259473
1463225454.64761 0.39918895 0.13713905 -0.30878480 0.10169280 -0.08824389 -0.02254937 0.99063773
1463225454.78389 0.43809204 0.16934113 -0.32472332 0.12393772 -0.09164376 -0.03402979 0.98746283
1463225454.91426 0.46928801 0.21440691 -0.33474631 0.13776493 -0.08514125 -0.05260208 0.98539576
1463225455.04745 0.49058405 0.26737555 -0.33946868 0.15210880 -0.08067108 -0.06262021 0.98307365
1463225455.21431 0.49982110 0.34026783 -0.33865788 0.15208028 -0.08762736 -0.06566940 0.98228334
1463225455.38084 0.48861690 0.40427087 -0.33701714 0.15016749 -0.08865579 -0.09229186 0.98034284
1463225455.54737 0.44742159 0.45900004 -0.33074969 0.12946082 -0.08881791 -0.11415281 0.98097931
1463225455.71400 0.37373581 0.48910319 -0.33034576 0.12037559 -0.07972043 -0.12667935 0.98138000
1463225455.84701 0.30161292 0.49602001 -0.33727196 0.12175631 -0.05712981 -0.10597516 0.98523137
1463225455.98034 0.22037792 0.49288480 -0.34705451 0.11737419 -0.04563588 -0.07610668 0.98911498
1463225456.11438 0.13559821 0.48596920 -0.35681260 0.11357627 -0.04716286 -0.06625596 0.99019505
1463225456.24727 0.05559718 0.47884177 -0.35851732 0.11089554 -0.04769413 -0.05554416 0.99113183
1463225456.38014 -0.02215649 0.46443265 -0.34774052 0.11588129 -0.04359985 -0.05065305 0.99101203
1463225456.51335 -0.10222571 0.43934841 -0.32837793 0.12573318 -0.03536965 -0.04192664 0.99054647
1463225456.64664 -0.17962038 0.41379006 -0.31158337 0.11671778 -0.04133625 -0.02110538 0.99208006
1463225456.81316 -0.25130662 0.38563190 -0.30428275 0.12036348 -0.03968391 -0.02204310 0.99169145
1463225457.07985 -0.31196552 0.38453030 -0.33363547 0.13028377 -0.00970570 -0.02997932 0.99097587
1463225457.31299 -0.35229175 0.42928480 -0.41139976 0.11751332 0.01396765 -0.01591647 0.99284550
1463225457.57941 -0.37537263 0.50870752 -0.53453884 0.11701682 0.01719770 -0.02366544 0.99269897
1463225457.74613 -0.37139334 0.57987284 -0.62538707 0.09429990 0.00786578 -0.01281544 0.99543027
1463225457.91394 -0.35827423 0.64682512 -0.71707108 0.07233199 -0.00115899 -0.02330953 0.99710752
1463225458.14569 -0.34170397 0.70757853 -0.80634366 0.04474578 -0.01003933 -0.01354265 0.99885616
1463225458.47924 -0.30027729 0.70063744 -0.81332554 0.00220410 -0.02092958 -0.02066667 0.99956490
1463225458.71226 -0.24820262 0.63459861 -0.72948155 0.00949874 -0.00240870 -0.01760000 0.99979709
1463225458.87893 -0.19774829 0.57344664 -0.64309895 0.02123380 0.01762442 -0.00354487 0.99961289
1463225459.07876 -0.14714981 0.49556938 -0.53809857 0.02277228 0.01791214 -0.01849813 0.99940902
1463225459.28221 -0.09688944 0.43742833 -0.43508993 0.00206879 0.01149960 -0.01663428 0.99979337
1463225459.45221 -0.05128134 0.39322938 -0.34875151 -0.01598736 0.01561553 -0.00928443 0.99970714
1463225459.61477 -0.00815247 0.34191101 -0.26730714 -0.01978437 0.01940391 -0.01211215 0.99954258
1463225459.74515 0.02416126 0.30309474 -0.21027053 -0.02080430 0.01202724 -0.02319496 0.99944210
1463225459.91170 0.05686678 0.25559039 -0.15608720 -0.02920508 0.00065312 -0.03392336 0.99899742
1463225460.07828 0.08084636 0.20475818 -0.11568623 -0.03940906 -0.00138469 -0.04194999 0.99834123
1463225460.24492 0.09380105 0.15429085 -0.08036666 -0.04138451 -0.00876741 -0.03305636 0.99855783
1463225460.41143 0.09871559 0.11191975 -0.04727781 -0.04973918 -0.00868866 -0.04648793 0.99764192
1463225460.61392 0.09958032 0.07663698 -0.02081131 -0.07254446 -0.00371461 -0.02770808 0.99697330
1463225460.84460 0.07997726 0.03188638 -0.01342396 -0.05888910 -0.00291234 -0.02508023 0.99794518
1463225461.07777 0.04545040 0.00374864 -0.00557729 -0.03543554 -0.00778020 -0.01928321 0.99915562
1463225461.34426 -0.00000000 0.00000000 0.00000000 -0.00000000 0.00000000 0.00000000 1.00000000
