1461244097.01995 0.00000399 -0.00000084 0.00000885 -0.00000241 -0.00000458 0.00000174 1.00000000
1461244097.29900 -0.02975971 -0.07348444 -0.03343983 0.01969607 0.02712557 -0.05332240 0.99801452
1461244097.45783 -0.08064503 -0.12250213 -0.04490697 0.01356765 0.02457520 -0.08848891 0.99568152
1461244097.57785 -0.12639354 -0.16399149 -0.05275036 0.01430107 0.01170550 -0.10808833 0.99396950
1461244097.69777 -0.17556275 -0.20732713 -0.05949036 0.02257615 -0.00583973 -0.13174879 0.99100882
1461244097.81992 -0.21922049 -0.24453581 -0.06225985 0.02452042 -0.02421138 -0.14864079 0.98829068
1461244097.97788 -0.27663712 -0.29037213 -0.06783646 0.03132534 -0.04619380 -0.14793075 0.98742157
1461244098.09780 -0.32583351 -0.31210974 -0.07751141 0.03266254 -0.07917549 -0.15972861 0.98343844
1461244098.21985 -0.37743694 -0.33080689 -0.09548085 0.03326776 -0.10824995 -0.18634609 0.97593562
1461244098.33775 -0.43144924 -0.35481447 -0.12428412 0.04546138 -0.13000896 -0.21409012 0.96705551
1461244098.45780 -0.48674149 -0.37674001 -0.16451691 0.04720768 -0.15492766 -0.22286047 0.96130228
1461244098.61993 -0.56792815 -0.41219964 -0.22420728 0.06021782 -0.17921379 -0.20785037 0.95971582
1461244098.77776 -0.65188078 -0.44161362 -0.28105107 0.06217378 -0.20358408 -0.18548999 0.95931299
1461244098.93778 -0.73017988 -0.47297191 -0.33900755 0.06554182 -0.22716536 -0.17858254 0.95509604
1461244099.05778 -0.79094183 -0.49675102 -0.37567007 0.07549502 -0.24242863 -0.15710417 0.95438312
1461244099.21993 -0.87454305 -0.53308442 -0.41986278 0.09233102 -0.23501841 -0.14801291 0.95620788
1461244099.33772 -0.94106771 -0.56379549 -0.45597803 0.10103857 -0.20676370 -0.13549161 0.96368148
1461244099.45774 -1.02869218 -0.59710466 -0.49835960 0.11622452 -0.21818992 -0.13198557 0.95992959
1461244099.57832 -1.11791691 -0.63875857 -0.54314163 0.12388031 -0.23700330 -0.11775427 0.95635613
1461244099.69768 -1.19282258 -0.68730896 -0.58946933 0.14779400 -0.23871951 -0.08620410 0.95589685
1461244099.85766 -1.28265188 -0.73639782 -0.65881776 0.16828414 -0.25077218 -0.07693531 0.95019720
1461244099.97773 -1.34807915 -0.76575443 -0.72165077 0.19342837 -0.26587165 -0.07066840 0.94175565
1461244100.09771 -1.41058276 -0.79344965 -0.79053025 0.22264529 -0.27541616 -0.05167174 0.93375856
1461244100.29765 -1.49125829 -0.82594387 -0.89566188 0.22291601 -0.27990843 -0.00804080 0.93375322
1461244100.49766 -1.54372109 -0.87041414 -0.98233732 0.21523329 -0.25452036 0.00933975 0.94276550
1461244100.65757 -1.59137670 -0.92224035 -1.06379073 0.25406326 -0.23005007 0.02247785 0.93916110
1461244100.81758 -1.68121094 -0.96280839 -1.15285193 0.26722609 -0.22097196 0.01250678 0.93787269
1461244100.97759 -1.77521590 -1.01651200 -1.25198387 0.27926601 -0.20823472 0.01992640 0.93715086
1461244101.13763 -1.85086364 -1.08515122 -1.36241638 0.29226606 -0.20622898 0.03680977 0.93311050
1461244101.25756 -1.89740031 -1.13174767 -1.44877668 0.31304140 -0.20658476 0.06697732 0.92457658
1461244101.37751 -1.95308936 -1.16526228 -1.54287677 0.34045978 -0.21032377 0.05946987 0.91450226
1461244101.53756 -2.02927854 -1.18675391 -1.67426669 0.36762518 -0.21512273 0.03475805 0.90408286
1461244101.65755 -2.09737496 -1.19174337 -1.77349770 0.36906189 -0.24468006 0.03429764 0.89596242
1461244101.77747 -2.16674017 -1.19807358 -1.87551515 0.37142365 -0.26852339 0.02597132 0.88840596
1461244101.89746 -2.23415321 -1.19566243 -1.97151570 0.36665882 -0.29424615 0.02852044 0.88213780
1461244102.01973 -2.30857688 -1.18392764 -2.06570336 0.37443251 -0.32798621 0.02736188 0.86687754
1461244102.17753 -2.40957685 -1.14730212 -2.17525642 0.36619284 -0.34986882 0.01747057 0.86208433
1461244102.29751 -2.48572795 -1.11670642 -2.25369482 0.35094675 -0.36547668 0.01592506 0.86198003
1461244102.45756 -2.57991675 -1.07830394 -2.35038800 0.33224662 -0.37897269 0.02462669 0.86335706
1461244102.57756 -2.64662293 -1.04100773 -2.41318434 0.30231468 -0.40211432 0.02081603 0.86398878
1461244102.69747 -2.70117415 -0.99950414 -2.47184031 0.28532457 -0.42391935 0.00046196 0.85958249
1461244102.85753 -2.74977380 -0.94373735 -2.54265896 0.27818694 -0.44885854 -0.01308726 0.84909762
1461244103.05756 -2.77429915 -0.85367561 -2.59603292 0.24837595 -0.47596187 -0.01066914 0.84359697
1461244103.21743 -2.77183060 -0.77272571 -2.60123818 0.19397530 -0.47995683 -0.00668350 0.85555266
1461244103.37740 -2.75308491 -0.69393053 -2.58779966 0.14272101 -0.47357013 -0.00986728 0.86905965
1461244103.53740 -2.71745849 -0.62975127 -2.54849281 0.11085522 -0.44537555 -0.01588344 0.88831270
1461244103.65739 -2.67248816 -0.59215318 -2.50028527 0.08376213 -0.41912274 -0.00482006 0.90404469
1461244103.78016 -2.61611615 -0.56012006 -2.43255528 0.07036511 -0.38744313 0.00704575 0.91917731
1461244103.89744 -2.55242097 -0.52653693 -2.34591569 0.05510764 -0.35326621 0.02159910 0.93364855
1461244104.01742 -2.48115729 -0.49825795 -2.25068289 0.04069720 -0.32834785 0.03689276 0.94295830
1461244104.13759 -2.39937346 -0.47733171 -2.14968838 0.03807170 -0.29976059 0.03621793 0.95256622
1461244104.22028 -2.33868382 -0.46788560 -2.08376574 0.03273618 -0.27902845 0.03271330 0.95916699
1461244104.29740 -2.27984373 -0.46165133 -2.01608007 0.02854962 -0.25838488 0.03012824 0.96514997
1461244104.37740 -2.21784932 -0.45851556 -1.94957941 0.00531471 -0.22955560 0.03183632 0.97276021
1461244104.45746 -2.15939143 -0.46889975 -1.88583350 0.00428470 -0.20151660 0.03150448 0.97896893
1461244104.57741 -2.08949270 -0.48957774 -1.78511641 0.00423241 -0.17976802 0.03781045 0.98297300
1461244104.69744 -2.02083944 -0.52082322 -1.68377907 0.01863235 -0.14587078 0.01869411 0.98895151
1461244104.81957 -1.95477050 -0.55954702 -1.58144073 0.03960968 -0.11535015 0.01354677 0.99244239
1461244104.97730 -1.88447823 -0.62340331 -1.45759398 0.05929274 -0.09691394 0.01734580 0.99337364
1461244105.13739 -1.85248071 -0.69169956 -1.35038819 0.07363057 -0.09142138 -0.01148894 0.99301998
1461244105.29730 -1.85973819 -0.76387475 -1.24716451 0.10254070 -0.09642835 -0.00675036 0.99002091
1461244105.45734 -1.90369487 -0.83327184 -1.13827434 0.12617870 -0.10450420 0.00826613 0.98645298
1461244105.61737 -1.96324043 -0.90562107 -1.04162230 0.14291648 -0.11063111 0.03702763 0.98283498
1461244105.77723 -2.03335695 -0.97492455 -0.96420832 0.15671665 -0.13292709 0.02683875 0.97828930
1461244105.89737 -2.10263441 -1.02169091 -0.90974476 0.16102581 -0.16811354 0.00154629 0.97252565
1461244106.05727 -2.20118452 -1.07744693 -0.82429635 0.16118928 -0.19792676 -0.00208766 0.96687055
1461244106.21975 -2.29505369 -1.14989038 -0.72205129 0.16658428 -0.21732933 0.01475751 0.96166515
1461244106.38006 -2.37309838 -1.24421180 -0.62247833 0.17901809 -0.22490971 0.01562201 0.95766596
1461244106.53730 -2.44457175 -1.33634938 -0.52949770 0.17466926 -0.23297152 0.01830206 0.95649357
1461244106.65731 -2.50621724 -1.39845053 -0.45127880 0.17039193 -0.24653978 0.02971059 0.95357328
1461244106.77726 -2.57144834 -1.45783983 -0.36795338 0.17255466 -0.25248616 0.01952204 0.95188997
1461244106.89717 -2.63127350 -1.51746800 -0.28635202 0.18398376 -0.25425948 0.01403028 0.94937097
1461244107.01938 -2.67826318 -1.57451926 -0.20929688 0.18846427 -0.25009995 0.00628174 0.94967983
1461244107.13731 -2.71276425 -1.62820573 -0.13658601 0.18316109 -0.25033076 0.01422460 0.95057045
1461244107.25728 -2.75035442 -1.67547971 -0.06712403 0.18236701 -0.25188040 0.00843974 0.95038272
1461244107.37729 -2.79289414 -1.71163205 0.00137718 0.18296450 -0.25649237 0.00856332 0.94903231
1461244107.45727 -2.82148666 -1.73127927 0.04836136 0.18047494 -0.26009029 0.00785737 0.94853576
1461244107.53725 -2.85077811 -1.75379382 0.09191264 0.18438204 -0.26657125 0.00428005 0.94600461
1461244107.61975 -2.87619638 -1.77858030 0.13350648 0.18794627 -0.26493792 0.00384096 0.94576389
1461244107.69745 -2.90258175 -1.80176282 0.16826969 0.18532269 -0.27023551 -0.00520473 0.94477573
1461244107.82355 -2.93637111 -1.83765942 0.21242500 0.18752374 -0.26509274 -0.00391891 0.94580406
1461244107.89720 -2.96486023 -1.85899549 0.23687994 0.18565983 -0.27692288 0.00296794 0.94278064
1461244107.97717 -2.99726281 -1.87788802 0.26148533 0.18259608 -0.28958361 -0.00113860 0.93957368
1461244108.05718 -3.03008516 -1.89525532 0.28977539 0.17948733 -0.29837503 -0.00277962 0.93741608
1461244108.13722 -3.06340014 -1.91320008 0.32099421 0.17696955 -0.30483848 0.00052492 0.93581783
1461244108.21959 -3.09559477 -1.93219062 0.35493667 0.17290891 -0.30486511 0.00229283 0.93656528
1461244108.29723 -3.12425701 -1.95269606 0.38854444 0.17347057 -0.29462815 -0.00015945 0.93973517
1461244108.37997 -3.14357069 -1.97042587 0.41993758 0.17128752 -0.27495354 -0.00325950 0.94607109
1461244108.49714 -3.18417121 -1.99322968 0.45356823 0.15600687 -0.26535334 -0.00963755 0.95139717
1461244108.62027 -3.22224840 -2.01584047 0.48587970 0.15270762 -0.26658891 -0.00480900 0.95162367
1461244108.73711 -3.25420716 -2.03309435 0.51128390 0.15014811 -0.24908080 -0.00201172 0.95677074
1461244108.89711 -3.28859617 -2.05342224 0.54300324 0.14402261 -0.25247161 -0.01268459 0.95674170
1461244109.09705 -3.33043319 -2.07594411 0.57044792 0.14126409 -0.25368143 -0.01975570 0.95671307
1461244109.25704 -3.36178289 -2.10070465 0.59725030 0.15094958 -0.25362135 -0.01652407 0.95531010
1461244109.37711 -3.39279178 -2.11642827 0.62473825 0.15581534 -0.25802241 -0.01834760 0.95331494
1461244109.49708 -3.42874900 -2.12782310 0.66184068 0.15898138 -0.25930211 -0.02089962 0.95239201
1461244109.65746 -3.46720529 -2.15835600 0.71736707 0.17213666 -0.24590721 -0.02006952 0.95367491
1461244109.85822 -3.50615067 -2.19728630 0.77445515 0.17204442 -0.24686283 -0.02545710 0.95331600
1461244110.17703 -3.56559080 -2.25134104 0.84189688 0.16387111 -0.24629288 -0.02654863 0.95487237
1461244110.41939 -3.63131957 -2.29728546 0.88223726 0.18922528 -0.25985599 -0.05533879 0.94530750
1461244110.69703 -3.70297697 -2.35820638 0.95350565 0.20225706 -0.25196362 -0.06087580 0.94440487
1461244110.89720 -3.73249437 -2.40693446 1.01944040 0.19987547 -0.21730447 -0.05279047 0.95396107
1461244111.09700 -3.75434823 -2.45025050 1.08530163 0.19482830 -0.18451062 -0.02943128 0.96287671
1461244111.33692 -3.81401822 -2.50176816 1.17290061 0.17970815 -0.16745645 -0.02376025 0.96907109
1461244111.49986 -3.85098428 -2.53176280 1.25659858 0.16586809 -0.14173499 -0.00275654 0.97590541
1461244111.65689 -3.88148909 -2.57113490 1.33593332 0.12718540 -0.12117131 0.00924842 0.98440635
1461244111.77709 -3.89185570 -2.60388978 1.39347725 0.11880265 -0.10515728 0.03432983 0.98673671
1461244111.89682 -3.90497630 -2.63974578 1.45315992 0.12155204 -0.08600967 0.04186788 0.98796484
1461244112.01894 -3.91746301 -2.66286086 1.52490097 0.10480982 -0.06385207 0.04853491 0.99125283
1461244112.17690 -3.92099428 -2.69315147 1.63303524 0.08866581 -0.02644124 0.05964046 0.99392266
1461244112.29693 -3.91461760 -2.72082754 1.71307601 0.08054636 0.00467422 0.07753380 0.99371975
1461244112.45972 -3.89660319 -2.75727246 1.81535819 0.06417235 0.04303812 0.08277965 0.99356789
1461244112.61920 -3.86684480 -2.78382525 1.93446960 0.05075022 0.06617302 0.08257875 0.99308927
1461244112.69675 -3.84616123 -2.79289058 1.99737074 0.04680986 0.08294635 0.08113589 0.99214198
1461244112.77739 -3.82432223 -2.80331155 2.06070774 0.04691102 0.09482776 0.07849496 0.99128482
1461244112.85681 -3.80044922 -2.81383977 2.12478038 0.04190629 0.10547544 0.07456934 0.99073620
1461244112.93681 -3.77719324 -2.82778324 2.18293795 0.03978712 0.11152402 0.07095342 0.99042667
1461244113.05687 -3.74312356 -2.85768076 2.27412782 0.04320498 0.10180705 0.06319972 0.99185405
1461244113.17684 -3.71022672 -2.87701458 2.36003446 0.03793903 0.09808546 0.06335725 0.99243425
1461244113.25929 -3.69101122 -2.88683148 2.42027794 0.04230518 0.09446105 0.05950011 0.99284798
1461244113.33685 -3.67210290 -2.89035330 2.48537569 0.04175490 0.08910583 0.05678916 0.99352487
1461244113.41859 -3.64858885 -2.89227674 2.55180624 0.04037657 0.09782439 0.04877226 0.99318749
1461244113.49717 -3.62220559 -2.89569074 2.62285859 0.04113177 0.10486021 0.04614417 0.99256397
1461244113.57804 -3.59343591 -2.90222092 2.69033917 0.04164865 0.11556614 0.04636039 0.99134281
1461244113.69687 -3.54553670 -2.91994041 2.78742093 0.03616953 0.12645196 0.04423740 0.99032556
1461244113.85690 -3.48308280 -2.94403716 2.91915761 0.03092447 0.12488203 0.04106682 0.99083887
1461244114.01740 -3.42171410 -2.94537791 3.05682766 0.03222389 0.12704058 0.04832494 0.99019544
1461244114.13688 -3.37005924 -2.94695588 3.16160847 0.03720490 0.12892448 0.04541562 0.98991499
1461244114.25771 -3.31497966 -2.95434151 3.25946636 0.03421393 0.12181640 0.05476066 0.99045012
1461244114.33686 -3.27948379 -2.96728110 3.31990179 0.03677191 0.11530738 0.04987703 0.99139514
1461244114.45680 -3.23019589 -2.98241872 3.41366643 0.04245345 0.10214843 0.05447799 0.99236866
1461244114.53682 -3.19848007 -2.98342721 3.47767765 0.04551353 0.09943983 0.05782858 0.99231854
1461244114.65674 -3.15432960 -2.98382871 3.58423695 0.05107882 0.09548347 0.04396407 0.99314703
1461244114.77681 -3.10677825 -2.98637174 3.69542514 0.05759656 0.09315300 0.03635733 0.99331933
1461244114.85672 -3.06913427 -2.98974990 3.76554060 0.05316029 0.09748375 0.03868814 0.99306300
1461244114.93686 -3.03175067 -2.99901643 3.83129523 0.05561448 0.09927769 0.03368811 0.99293307
1461244115.01861 -2.99756484 -3.00622549 3.89420578 0.05027088 0.08937150 0.03640447 0.99406252
1461244115.09686 -2.96301653 -3.01388933 3.95413030 0.05156310 0.09066621 0.03157833 0.99404411
1461244115.17668 -2.92968966 -3.01536485 4.01721358 0.05489882 0.08709809 0.03793587 0.99396223
1461244115.25895 -2.89565819 -3.01396102 4.08131247 0.05869640 0.08681321 0.03872369 0.99373974
1461244115.33680 -2.86103644 -3.01167634 4.14587945 0.06111168 0.08484614 0.03831793 0.99377977
1461244115.45673 -2.80577109 -3.01447327 4.24310530 0.06273051 0.07109717 0.03903290 0.99472936
1461244115.53675 -2.76774553 -3.02065801 4.30369996 0.06179943 0.06158659 0.04109574 0.99533867
1461244115.61858 -2.73119528 -3.03054271 4.36159627 0.06393177 0.05440805 0.03839835 0.99572991
1461244115.69675 -2.69659628 -3.03942679 4.42038351 0.06931935 0.04652765 0.03929924 0.99573369
1461244115.77827 -2.66446350 -3.04361797 4.48060732 0.07407018 0.03935883 0.04006972 0.99567008
1461244115.85785 -2.63482823 -3.04303595 4.54376411 0.07660751 0.03605898 0.03620837 0.99575097
1461244115.93684 -2.60709103 -3.04007134 4.61034084 0.07957429 0.03288613 0.03759524 0.99557673
1461244116.01918 -2.58243993 -3.04074386 4.67463929 0.07911163 0.02496884 0.02829142 0.99615134
1461244116.09675 -2.55686192 -3.04826314 4.73597581 0.08353814 0.02114107 0.02260375 0.99602385
1461244116.17764 -2.53034097 -3.06005153 4.79287982 0.08943969 0.01562190 0.02382066 0.99558479
1461244116.25678 -2.50394378 -3.07343775 4.84656610 0.09650211 0.00597506 0.02358910 0.99503527
1461244116.33900 -2.47723715 -3.08287745 4.89744696 0.09902557 -0.00228609 0.02445426 0.99478173
1461244116.41887 -2.45406742 -3.08827837 4.94854096 0.10171916 -0.01770358 0.02058391 0.99444261
1461244116.49672 -2.43146278 -3.09141001 5.00126814 0.10940047 -0.03333727 0.01335300 0.99334881
1461244116.57754 -2.40775584 -3.09311712 5.05526143 0.12104291 -0.05020680 0.00928070 0.99133332
1461244116.65671 -2.38184563 -3.09286801 5.10738765 0.12895380 -0.06652120 0.00797724 0.98938476
1461244116.73673 -2.35320842 -3.09409343 5.15985943 0.13240811 -0.08879565 0.00586379 0.98719250
1461244116.81727 -2.32564105 -3.09722548 5.20539096 0.13701568 -0.11421454 -0.00015245 0.98396225
1461244116.93667 -2.28406147 -3.10280937 5.26829975 0.13878771 -0.13720011 -0.00356667 0.98076571
1461244117.05731 -2.25352528 -3.10893590 5.32635882 0.14809675 -0.16054084 -0.00755089 0.97582630
1461244117.17669 -2.23867650 -3.11216884 5.38958235 0.16620393 -0.19501519 -0.01936449 0.96642141
1461244117.29668 -2.22621261 -3.11161784 5.46211882 0.17527008 -0.22097884 -0.03667873 0.95869882
1461244117.41866 -2.21739972 -3.11711468 5.53066830 0.18664158 -0.24643392 -0.05941995 0.94915990
1461244117.53660 -2.20171162 -3.13577552 5.59356913 0.19731755 -0.26994489 -0.07719385 0.93927453
1461244117.65662 -2.18660635 -3.15824974 5.65490621 0.20307861 -0.29880039 -0.07556127 0.92939114
1461244117.77693 -2.18243046 -3.17542674 5.70448745 0.21415801 -0.32777994 -0.08333880 0.91637945
1461244117.89689 -2.18117428 -3.19071246 5.75537949 0.22659075 -0.36344579 -0.09391205 0.89874597
1461244118.01825 -2.17579172 -3.20711550 5.81292209 0.23733622 -0.38601188 -0.10963162 0.88467353
1461244118.13666 -2.17579976 -3.22954080 5.85909375 0.25800660 -0.42165168 -0.11312320 0.86188491
1461244118.25653 -2.17841568 -3.24702893 5.90142559 0.26071422 -0.45466913 -0.12610765 0.84225943
1461244118.37662 -2.18937830 -3.26528165 5.93609091 0.25922635 -0.47902556 -0.15122092 0.82490511
1461244118.49652 -2.20696723 -3.27871166 5.96699258 0.25242116 -0.51812667 -0.17389970 0.79849058
1461244118.61960 -2.23394879 -3.29293907 5.99929108 0.24473694 -0.54452111 -0.17981128 0.78183662
1461244118.73659 -2.26900805 -3.30495388 6.02958825 0.23783737 -0.56344457 -0.19070866 0.76785012
1461244118.89652 -2.32046577 -3.32497290 6.06325315 0.23366653 -0.57503691 -0.20732427 0.75614096
1461244119.05778 -2.36211671 -3.34692408 6.08177434 0.23617905 -0.59049806 -0.20437142 0.74415309
1461244119.21883 -2.40519295 -3.36172665 6.09314119 0.22855793 -0.61114278 -0.21282423 0.72730436
1461244119.37657 -2.45359019 -3.37762187 6.10279593 0.23017201 -0.61886685 -0.22750885 0.71572648
1461244119.49653 -2.49956465 -3.39051274 6.10468328 0.22692405 -0.62959182 -0.23180488 0.70596467
1461244119.61861 -2.54646230 -3.41203132 6.12401770 0.22426056 -0.63187462 -0.23626370 0.70329305
1461244119.69654 -2.57773128 -3.42984471 6.13399401 0.22355944 -0.63538625 -0.23731189 0.69999182
1461244119.77643 -2.60603877 -3.45265424 6.15137994 0.21847202 -0.62809149 -0.22785826 0.71123250
1461244119.85877 -2.63226238 -3.47471439 6.16980633 0.21348279 -0.61776621 -0.21653180 0.72519238
1461244119.93748 -2.65697805 -3.49473555 6.18795088 0.20765225 -0.60367796 -0.20265139 0.74255362
1461244120.05647 -2.69697796 -3.51337246 6.20035809 0.19734899 -0.60057037 -0.20325447 0.74770063
1461244120.21860 -2.75490492 -3.53620058 6.21594203 0.18625551 -0.60142133 -0.20755108 0.74868139
1461244120.33644 -2.80988380 -3.54893354 6.22322980 0.17811768 -0.60566158 -0.22412687 0.74243874
1461244120.45647 -2.86740126 -3.56765189 6.22739327 0.17850349 -0.60433172 -0.24188338 0.73784288
1461244120.57647 -2.92287942 -3.59725618 6.22831568 0.18399567 -0.59923511 -0.24600075 0.73928784
1461244120.69650 -2.97774946 -3.62808900 6.21746523 0.19617020 -0.59637359 -0.25845284 0.73420564
1461244120.81876 -3.03611760 -3.65694259 6.20349717 0.21233141 -0.60576308 -0.25815735 0.72202579
1461244120.97935 -3.11734226 -3.68351382 6.18555779 0.22209880 -0.62051080 -0.28182018 0.69729180
1461244121.13646 -3.20754907 -3.71621714 6.16683582 0.24161490 -0.63746190 -0.29354622 0.67014564
1461244121.25637 -3.27189287 -3.74957848 6.14520028 0.25784718 -0.66183697 -0.28466597 0.64377943
1461244121.37632 -3.32749946 -3.78054411 6.11617076 0.26716580 -0.68685388 -0.28520899 0.61278872
1461244121.49648 -3.37656101 -3.80911750 6.07752633 0.28791914 -0.70272289 -0.28915941 0.58281210
1461244121.61897 -3.42712630 -3.82840303 6.02684979 0.31175039 -0.71729596 -0.29764138 0.54745576
1461244121.73644 -3.48483883 -3.83638240 5.96980910 0.33325670 -0.72999553 -0.31244061 0.50835751
1461244121.85643 -3.54718315 -3.84424984 5.90584292 0.35407836 -0.74061489 -0.31204630 0.47827315
1461244121.97634 -3.60993963 -3.85784692 5.83685423 0.36296584 -0.75168916 -0.30292123 0.45984556
1461244122.05640 -3.64660684 -3.87042854 5.78638839 0.36475338 -0.76562819 -0.29350284 0.44116270
1461244122.17635 -3.70546646 -3.89631830 5.71693949 0.36566980 -0.76879160 -0.27694217 0.44558738
1461244122.29632 -3.76649436 -3.92570375 5.66157575 0.36585381 -0.76602303 -0.25081122 0.46524557
1461244122.41830 -3.83227481 -3.94043318 5.59770179 0.35737428 -0.77523298 -0.24065375 0.46193421
1461244122.53629 -3.90905291 -3.95508987 5.53179012 0.36015391 -0.77038825 -0.24143158 0.46744187
1461244122.65625 -3.98906344 -3.98266977 5.46478197 0.35779186 -0.76892740 -0.23282969 0.47594744
1461244122.73637 -4.04217337 -4.00902471 5.42134465 0.34982508 -0.76653889 -0.22604838 0.48881763
1461244122.81815 -4.09351213 -4.03876760 5.37792672 0.35455180 -0.75680092 -0.21848113 0.50379697
1461244122.89623 -4.14209342 -4.07165063 5.33387660 0.37292569 -0.74289242 -0.21144817 0.51412738
1461244122.97626 -4.19179518 -4.09908525 5.28713029 0.38332180 -0.73679765 -0.20579258 0.51753553
1461244123.05630 -4.24444665 -4.12324641 5.23770969 0.39576827 -0.73015691 -0.19276117 0.52257200
1461244123.13677 -4.30584704 -4.14632496 5.19100766 0.39336354 -0.72559319 -0.17695862 0.53615790
1461244123.21928 -4.37151460 -4.16967882 5.14703508 0.37538619 -0.71835806 -0.15906389 0.56368926
1461244123.29637 -4.43640692 -4.19970351 5.10597738 0.35729932 -0.70687566 -0.13120672 0.59619527
1461244123.37917 -4.49949824 -4.23085349 5.06845644 0.33034992 -0.70374751 -0.11096915 0.61910760
1461244123.45625 -4.56382111 -4.26670449 5.04030568 0.31492555 -0.68966573 -0.09997407 0.64435104
1461244123.53680 -4.62740810 -4.29895515 5.01844563 0.29680579 -0.67938152 -0.08913844 0.66513263
1461244123.61819 -4.69056538 -4.32687847 5.00031853 0.28526467 -0.66938482 -0.08115072 0.68114799
1461244123.69652 -4.75273567 -4.35220271 4.98441737 0.28204386 -0.66281804 -0.07864152 0.68915819
1461244123.77630 -4.81207604 -4.37604957 4.97619999 0.28056539 -0.65180050 -0.07533100 0.70054579
1461244123.85725 -4.86894612 -4.40094007 4.97280962 0.27924162 -0.64115831 -0.07231702 0.71113317
1461244123.93630 -4.92507748 -4.43027230 4.97569967 0.27425148 -0.62810436 -0.05701975 0.72596128
1461244124.01806 -4.98032753 -4.45844141 4.98048578 0.26611524 -0.61812901 -0.06040020 0.73719131
1461244124.13655 -5.06141280 -4.51142264 4.98389179 0.25229848 -0.60823900 -0.04679276 0.75113330
1461244124.25604 -5.13900396 -4.56698732 4.98715369 0.24835219 -0.59937056 -0.02921992 0.76040931
1461244124.37660 -5.22236779 -4.61860404 4.99709556 0.24046261 -0.59221070 -0.02695142 0.76859472
1461244124.45677 -5.28046348 -4.65532122 5.00911025 0.23644715 -0.58377422 -0.02288489 0.77638694
1461244124.53628 -5.33996422 -4.69489319 5.02542578 0.23148861 -0.57223896 -0.02016976 0.78647872
1461244124.61893 -5.39751458 -4.74073835 5.04979231 0.22541901 -0.54953655 -0.00043356 0.80448472
1461244124.69621 -5.45069178 -4.78921098 5.07804672 0.22343450 -0.52123895 0.00988953 0.82358313
1461244124.77611 -5.49956150 -4.83690662 5.10754380 0.22126005 -0.49680424 0.01498647 0.83905003
1461244124.85606 -5.54820640 -4.87722080 5.14010622 0.21049590 -0.47929682 0.01960523 0.85181082
1461244124.93616 -5.59891058 -4.90867105 5.17827383 0.18277447 -0.46859272 0.01309773 0.86420067
1461244125.01799 -5.64160415 -4.94712182 5.22210071 0.17690108 -0.44634338 0.02297742 0.87690115
1461244125.09618 -5.68075541 -4.97631447 5.27127049 0.16713037 -0.43710224 0.03518818 0.88304635
1461244125.17619 -5.71114457 -5.00350716 5.32618542 0.15862379 -0.41440726 0.03526573 0.89546716
1461244125.25628 -5.73504230 -5.03230102 5.38289917 0.15498382 -0.39413590 0.04519109 0.90476222
1461244125.33628 -5.75414543 -5.06361247 5.43874291 0.15730063 -0.37536665 0.05270900 0.91190907
1461244125.41785 -5.76676268 -5.09327543 5.49738101 0.14529795 -0.35345935 0.05932054 0.92219091
1461244125.49615 -5.77511016 -5.12569075 5.55287882 0.13883553 -0.33674368 0.07119206 0.92857960
1461244125.57605 -5.77407801 -5.15891767 5.60152143 0.14181154 -0.31619305 0.08038805 0.93458504
1461244125.65607 -5.76694935 -5.18558585 5.64744927 0.13637352 -0.29298877 0.08792402 0.94224689
1461244125.73615 -5.75313064 -5.20898794 5.69034452 0.13132992 -0.27075596 0.10514324 0.94783362
1461244125.81806 -5.73384830 -5.22798735 5.72936538 0.12618123 -0.24308512 0.11785078 0.95451512
1461244125.89622 -5.71300130 -5.24154542 5.76409541 0.11944183 -0.21587253 0.12332263 0.96120977
1461244126.01820 -5.68135866 -5.25009056 5.80479878 0.11132905 -0.18172600 0.13423705 0.96776129
1461244126.13671 -5.65155212 -5.24119883 5.83431061 0.10318773 -0.15083224 0.13218746 0.97423221
1461244126.29624 -5.61603513 -5.20374410 5.85497528 0.08502554 -0.11784306 0.12720239 0.98117441
1461244126.41852 -5.57919353 -5.15957718 5.85257858 0.07161231 -0.09719642 0.12867046 0.98431115
1461244126.53608 -5.53198434 -5.11213328 5.83740232 0.06141948 -0.07378639 0.11718532 0.98845881
1461244126.65610 -5.48290242 -5.06591230 5.81431712 0.06489719 -0.06726643 0.11130829 0.98938064
1461244126.77622 -5.42294487 -5.00897490 5.78595806 0.06018686 -0.05803892 0.10432041 0.99102284
1461244126.89644 -5.35177855 -4.94485271 5.74955563 0.05771667 -0.04348085 0.10119669 0.99223860
1461244127.01854 -5.27666188 -4.87530967 5.70693584 0.05473743 -0.03178275 0.10524908 0.99242949
1461244127.13606 -5.21220308 -4.80533753 5.66928688 0.03730580 -0.03062634 0.09927061 0.99388915
1461244127.25606 -5.15548975 -4.74270628 5.63717909 0.04054273 -0.03290078 0.11084232 0.99246552
1461244127.37706 -5.10348684 -4.67532249 5.61578936 0.01978014 -0.02950595 0.10277718 0.99406992
1461244127.49604 -5.05732328 -4.61384013 5.60599463 0.00390332 -0.03414979 0.09685446 0.99470487
1461244127.61973 -5.00618099 -4.56118660 5.60716428 -0.00091901 -0.03340863 0.09024460 0.99535870
1461244127.69601 -4.96759466 -4.52388132 5.61179425 -0.01193893 -0.02778037 0.08441937 0.99597143
1461244127.77608 -4.92478479 -4.48732801 5.61667937 -0.03542230 -0.01532264 0.08063970 0.99599584
1461244127.85581 -4.88220849 -4.46041922 5.62043445 -0.04319945 -0.00453829 0.08210790 0.99567641
1461244127.93605 -4.84132435 -4.44111289 5.62395140 -0.04104400 -0.00208593 0.08826291 0.99524906
1461244128.01813 -4.79842462 -4.42364161 5.62707219 -0.03942084 0.00601291 0.09438823 0.99473650
1461244128.09599 -4.75278118 -4.40518393 5.63096216 -0.03935905 0.02078956 0.10547644 0.99342508
1461244128.17590 -4.70762570 -4.38344526 5.63803148 -0.04068301 0.03803897 0.11838495 0.99140453
1461244128.25615 -4.66468461 -4.35732697 5.64911986 -0.04945787 0.04957065 0.12264045 0.98997777
1461244128.33597 -4.62601127 -4.32965056 5.66247295 -0.06244485 0.05666858 0.12829046 0.98814517
1461244128.41808 -4.58728958 -4.30450272 5.67844159 -0.06634343 0.06112592 0.13780343 0.98634294
1461244128.49592 -4.54629651 -4.28001401 5.69644359 -0.07069371 0.06717175 0.14435117 0.98470965
1461244128.57589 -4.50281389 -4.25552152 5.71718299 -0.07604923 0.07037206 0.15132989 0.98303792
1461244128.65597 -4.45250538 -4.23146963 5.73863860 -0.08441305 0.07926901 0.15416026 0.98123671
1461244128.73601 -4.40127353 -4.20969289 5.75669363 -0.09756018 0.09127873 0.15218710 0.97927999
1461244128.81846 -4.34658059 -4.19054510 5.77590940 -0.10467812 0.11015704 0.16357779 0.97475650
1461244128.89615 -4.29067138 -4.17550826 5.79110171 -0.11579316 0.14300151 0.16539716 0.96890985
1461244128.97586 -4.23923024 -4.16053689 5.81044256 -0.12325181 0.17144779 0.17256495 0.96209978
1461244129.05619 -4.19611946 -4.14358700 5.83428669 -0.13484803 0.18781084 0.17804985 0.95647339
1461244129.13586 -4.15936502 -4.12290171 5.86535321 -0.14844109 0.19585639 0.18601514 0.95131692
1461244129.25621 -4.10430638 -4.08969581 5.92213761 -0.16278046 0.22135813 0.20684493 0.93899855
1461244129.33597 -4.06505346 -4.06868336 5.96546239 -0.17419189 0.24241839 0.21413631 0.93007320
1461244129.45594 -4.00797553 -4.04803161 6.03353481 -0.18293131 0.26866122 0.23630096 0.91570691
1461244129.53591 -3.96836511 -4.03851783 6.07447358 -0.19092927 0.29061973 0.25326992 0.90274057
1461244129.65611 -3.91080932 -4.02566565 6.13118663 -0.21023638 0.31650292 0.26597117 0.88593787
1461244129.73597 -3.86551227 -4.01738272 6.16697468 -0.21312909 0.33840258 0.27473294 0.87440351
1461244129.85612 -3.79439933 -4.00000095 6.21943458 -0.20628062 0.37514894 0.28257384 0.85840760
1461244129.93597 -3.74404608 -3.97837980 6.25266292 -0.21543263 0.39958705 0.28449230 0.84438326
1461244130.05596 -3.66949698 -3.94585114 6.29580465 -0.22236925 0.43287307 0.29419963 0.82256878
1461244130.13581 -3.61851942 -3.92687446 6.32149362 -0.22751467 0.45470210 0.30748092 0.80432491
1461244130.21772 -3.56733758 -3.91116161 6.34285345 -0.23965582 0.47537385 0.31477239 0.78581368
1461244130.29591 -3.51457848 -3.89641015 6.36092932 -0.25019287 0.50111824 0.31778986 0.76504486
1461244130.37639 -3.46164954 -3.88195314 6.37639756 -0.24920968 0.53086940 0.32577064 0.74158325
1461244130.45685 -3.40680394 -3.86499416 6.38858210 -0.25823786 0.56304219 0.32482189 0.71469395
1461244130.53575 -3.35431353 -3.84441255 6.40031919 -0.27183444 0.59442810 0.32283124 0.68450074
1461244130.61758 -3.30124393 -3.82216310 6.41441076 -0.27121469 0.62263176 0.32360616 0.65882572
1461244130.69589 -3.24932951 -3.79821943 6.42922283 -0.26688518 0.65133334 0.32999736 0.62899835
1461244130.77572 -3.20090418 -3.77694915 6.44458307 -0.28196148 0.66168478 0.33345191 0.60949224
1461244130.85576 -3.15430423 -3.75707831 6.45642209 -0.29505566 0.67071142 0.33870120 0.59022864
1461244130.93574 -3.10497688 -3.73734236 6.46227320 -0.28962692 0.68846801 0.34485236 0.56851112
1461244131.01769 -3.05759306 -3.71819477 6.46703187 -0.29028081 0.69785570 0.34885122 0.55410946
1461244131.09578 -3.01090713 -3.69576330 6.46798139 -0.29152900 0.71132096 0.34562411 0.53812388
1461244131.17584 -2.96313197 -3.67021254 6.47000436 -0.29249442 0.71663709 0.34125834 0.53331138
1461244131.25577 -2.91816302 -3.64388828 6.47199657 -0.29670668 0.71973368 0.33421720 0.53126965
1461244131.33581 -2.87431427 -3.61969140 6.47459708 -0.29845921 0.71927906 0.32998727 0.53354300
1461244131.45643 -2.81239675 -3.58703717 6.47875082 -0.30322450 0.71019797 0.33297939 0.54110856
1461244131.61780 -2.73287127 -3.55419033 6.49033698 -0.30272283 0.70137340 0.32679544 0.55645213
1461244131.77572 -2.66398462 -3.51699160 6.50831157 -0.30712557 0.68822144 0.32514643 0.57123107
1461244131.93578 -2.59882180 -3.47288739 6.52561286 -0.31073363 0.67150106 0.32590868 0.58848490
1461244132.17577 -2.49826618 -3.42479661 6.53484257 -0.30951243 0.66711268 0.29827320 0.60843720
1461244132.41839 -2.41473704 -3.39423411 6.54786229 -0.31004355 0.65441224 0.27547064 0.63224484
1461244132.57565 -2.36523314 -3.37024868 6.57191174 -0.29954988 0.63065266 0.27413648 0.66135942
1461244132.73563 -2.31362849 -3.34259266 6.59590983 -0.29333433 0.60222362 0.26537175 0.69344035
1461244132.85575 -2.27131032 -3.32664330 6.61592653 -0.28068237 0.57159426 0.25910604 0.72619658
1461244133.01786 -2.21644308 -3.31038825 6.63952151 -0.26531200 0.53363336 0.25172235 0.76254891
1461244133.17570 -2.15722708 -3.30450866 6.68263120 -0.26651352 0.48512186 0.22369464 0.80223939
1461244133.29764 -2.10571841 -3.30137879 6.73080159 -0.25928206 0.44623876 0.19058150 0.83505837
1461244133.41741 -2.05032041 -3.29256606 6.78992625 -0.24238264 0.41137562 0.16555518 0.86290917
1461244133.65578 -1.90912279 -3.26296299 6.90737206 -0.22450496 0.41792775 0.17851858 0.86201220
1461244133.82029 -1.80030950 -3.25115051 6.97153897 -0.19691310 0.46161753 0.21094376 0.83883087
1461244133.93663 -1.71596413 -3.23456603 7.02665919 -0.18855168 0.49491107 0.22257789 0.81851718
1461244134.05561 -1.63192274 -3.20760910 7.09445089 -0.18243032 0.51733576 0.24171842 0.80040933
1461244134.17727 -1.54673953 -3.18476064 7.16750541 -0.17704836 0.52198843 0.24709943 0.79694657
1461244134.29671 -1.46183479 -3.16859162 7.23062301 -0.18348344 0.52070857 0.25181776 0.79484855
1461244134.41784 -1.37894626 -3.15649462 7.28752763 -0.19570682 0.52687724 0.24393102 0.79031441
1461244134.53554 -1.29726489 -3.13444028 7.34204537 -0.20688294 0.53687786 0.24539943 0.78021839
1461244134.61756 -1.23787343 -3.11248151 7.37897356 -0.20882824 0.55395754 0.25229543 0.76542069
1461244134.69553 -1.17534355 -3.09083829 7.41335291 -0.21295264 0.57852721 0.24737680 0.74750395
1461244134.77558 -1.11271774 -3.06997612 7.44530991 -0.21742005 0.59759600 0.24865355 0.73060178
1461244134.85556 -1.05292857 -3.05089402 7.46865184 -0.23344355 0.62026880 0.25102974 0.70551740
1461244134.97563 -0.95990238 -3.01947768 7.49344181 -0.24475171 0.64927243 0.26504127 0.66954838
1461244135.09564 -0.86921763 -2.97818533 7.51204266 -0.26142512 0.66837144 0.27030704 0.64177147
1461244135.17547 -0.80972821 -2.94238131 7.51853500 -0.26923486 0.68590996 0.26692753 0.62111980
1461244135.25555 -0.75057194 -2.90326048 7.52140254 -0.27628893 0.70569444 0.26567244 0.59588417
1461244135.33545 -0.69039123 -2.86844423 7.51352644 -0.28008428 0.72519994 0.26142689 0.57209600
1461244135.41916 -0.63088806 -2.83675960 7.50459393 -0.27565808 0.73837354 0.27547935 0.55038919
1461244135.49553 -0.56974879 -2.80935599 7.48947583 -0.28226064 0.75102021 0.27653047 0.52898817
1461244135.65554 -0.45441035 -2.74975193 7.45591693 -0.28862102 0.76737829 0.28550361 0.49630248
1461244135.77544 -0.37645796 -2.68721417 7.41759020 -0.30012212 0.78255140 0.29170473 0.46092122
1461244135.89557 -0.29941615 -2.62539395 7.37015273 -0.31325361 0.80311938 0.27801723 0.42376627
1461244136.01843 -0.22326466 -2.57330309 7.31076058 -0.31970688 0.82001416 0.27805110 0.38477509
1461244136.09837 -0.17810094 -2.55258111 7.25737525 -0.32042060 0.84692831 0.26333518 0.33271257
1461244136.17725 -0.13049987 -2.53277178 7.20520774 -0.31000801 0.86350438 0.25809449 0.30272504
1461244136.29550 -0.06559842 -2.49363025 7.12487727 -0.31865750 0.87372934 0.24046137 0.27790784
1461244136.37591 -0.03928750 -2.46146860 7.06520234 -0.32139929 0.88761748 0.22409975 0.24210949
1461244136.49545 -0.01441577 -2.40854931 6.97345875 -0.33055484 0.89695864 0.22021605 0.19417411
1461244136.61745 0.00696436 -2.35392314 6.87911485 -0.33450548 0.89674418 0.24099143 0.16086981
1461244136.69551 0.01507114 -2.32617498 6.81109051 -0.33963582 0.89870500 0.24373621 0.13254996
1461244136.77546 0.01788920 -2.29957099 6.74422917 -0.33836824 0.90004740 0.25546195 0.10080078
1461244136.89551 0.01741876 -2.25434083 6.64162146 -0.34512855 0.89771562 0.26654118 0.06283911
1461244136.97539 0.01021604 -2.22685979 6.56772029 -0.34995725 0.90036889 0.25714067 0.02728487
1461244137.05553 0.00054403 -2.20154648 6.49231830 -0.35125007 0.90340422 0.24580357 -0.00805043
1461244137.13588 -0.00947336 -2.18118446 6.41847327 -0.35574130 0.90173809 0.24231992 -0.03996990
1461244137.21535 -0.02379776 -2.16854607 6.34465547 -0.35543299 0.89999716 0.23931010 -0.08001981
1461244137.37534 -0.04549937 -2.14296626 6.19081588 -0.36348770 0.89424451 0.24228937 -0.09746444
1461244137.49540 -0.08742270 -2.12650207 6.07828748 -0.36287474 0.89456975 0.22478079 -0.13244049
1461244137.61782 -0.13522474 -2.11216504 5.96748599 -0.37179175 0.89170696 0.21124668 -0.14833891
1461244137.73541 -0.18432934 -2.10226800 5.86204323 -0.36766776 0.89018937 0.22178620 -0.15229640
1461244137.85537 -0.23064243 -2.10029310 5.75681782 -0.36507417 0.88882333 0.22717314 -0.15844965
1461244137.93537 -0.25920375 -2.09454137 5.68805308 -0.36812628 0.88606695 0.23939833 -0.14851545
1461244138.01732 -0.29282221 -2.08525499 5.61738239 -0.37382257 0.88375553 0.24236712 -0.14314683
1461244138.13529 -0.34989060 -2.06715458 5.50954905 -0.38307243 0.88277438 0.23574622 -0.13560469
1461244138.21789 -0.39064520 -2.05152201 5.43291202 -0.38772186 0.88136488 0.23732560 -0.12862455
1461244138.29537 -0.43039143 -2.04155345 5.35631501 -0.39640905 0.87495614 0.24624858 -0.12912497
1461244138.37527 -0.46632219 -2.04216753 5.28080027 -0.40184195 0.87115934 0.24647434 -0.13731297
1461244138.45536 -0.49718041 -2.04269321 5.20139124 -0.39778345 0.87494309 0.24118612 -0.13443277
1461244138.53535 -0.52636613 -2.04364376 5.12393713 -0.40669729 0.87222149 0.24253958 -0.12248075
1461244138.61541 -0.56038696 -2.04091607 5.04429237 -0.41519283 0.87203376 0.23311792 -0.11326105
1461244138.69693 -0.59971326 -2.03626736 4.96290223 -0.41109133 0.87789175 0.21979230 -0.10955057
1461244138.77536 -0.63708375 -2.03580201 4.88096065 -0.41465331 0.88025275 0.20489098 -0.10600670
1461244138.85531 -0.67030835 -2.03475337 4.79977571 -0.41919369 0.88019283 0.20111199 -0.09534778
1461244138.93532 -0.70027542 -2.03263111 4.72064986 -0.41380181 0.88336127 0.20387736 -0.08291533
1461244139.01886 -0.72852383 -2.02871348 4.64570483 -0.41131584 0.88371886 0.20807953 -0.08101342
1461244139.09638 -0.75244877 -2.01680522 4.57061511 -0.41042645 0.88304107 0.21472183 -0.07538652
1461244139.17531 -0.76862859 -1.99550294 4.49268882 -0.40754568 0.88499607 0.21888149 -0.05271961
1461244139.25515 -0.78899685 -1.97190717 4.41327728 -0.40823148 0.88572600 0.21661708 -0.04374416
1461244139.37802 -0.82249944 -1.93407073 4.28781640 -0.41127386 0.88516925 0.21481496 -0.03440555
1461244139.45531 -0.84378652 -1.91354882 4.20298830 -0.41933271 0.87899724 0.22460912 -0.03278212
1461244139.53522 -0.86040712 -1.89849631 4.11428396 -0.43052088 0.87199022 0.23104854 -0.03002325
1461244139.69524 -0.88939157 -1.87487830 3.94031760 -0.42268139 0.87377699 0.23964475 -0.02060601
1461244139.81530 -0.91256883 -1.86472386 3.81835260 -0.42005896 0.88042358 0.21854589 -0.02534710
1461244139.97527 -0.93825564 -1.84257399 3.67702350 -0.42937523 0.87911904 0.20437388 -0.03190510
1461244140.13527 -0.95648237 -1.81412005 3.54822314 -0.41371945 0.88308128 0.21925344 -0.03052219
1461244140.25521 -0.96794363 -1.79440837 3.45281226 -0.40706274 0.88522331 0.22371787 -0.02509861
1461244140.37519 -0.98332374 -1.77691822 3.35270299 -0.41452599 0.88309239 0.21708985 -0.03446776
1461244140.49587 -0.99233819 -1.76159866 3.24100806 -0.42419063 0.88124978 0.20108996 -0.05499057
1461244140.57511 -0.99587480 -1.75315012 3.16333914 -0.42282248 0.88280242 0.19198591 -0.07086923
1461244140.65594 -0.99888285 -1.74973057 3.08420831 -0.41816501 0.88460024 0.18717917 -0.08708847
1461244140.73520 -1.00541199 -1.75390499 3.00466444 -0.40338645 0.89187150 0.17058434 -0.11289631
1461244140.81744 -1.02102471 -1.76499969 2.93130566 -0.38661681 0.89724316 0.15306283 -0.14850565
1461244140.93520 -1.04808399 -1.78225657 2.82974310 -0.36734585 0.90588701 0.11903526 -0.17394356
1461244141.09521 -1.08646604 -1.78126781 2.70675654 -0.38341200 0.89941851 0.11185248 -0.17756860
1461244141.25590 -1.13666746 -1.77448432 2.60815883 -0.38901203 0.89147925 0.12251370 -0.19729361
1461244141.41735 -1.19687008 -1.78167442 2.52196334 -0.38635845 0.88664684 0.12371079 -0.22199137
1461244141.57511 -1.25886149 -1.78726890 2.44356877 -0.40120150 0.87891818 0.12223330 -0.22715459
1461244141.69516 -1.31582917 -1.79568023 2.39811338 -0.42367981 0.86303817 0.12167242 -0.24669080
1461244141.81514 -1.38286887 -1.81005989 2.35714437 -0.43401165 0.84884965 0.11973390 -0.27704142
1461244141.93803 -1.45499654 -1.82184273 2.31996632 -0.44273263 0.83446494 0.12935763 -0.30153389
1461244142.05506 -1.53320192 -1.82409163 2.28957192 -0.42467242 0.83723949 0.14516776 -0.31242552
1461244142.17500 -1.61447229 -1.81961993 2.26497302 -0.39542613 0.84787027 0.15457366 -0.31758647
1461244142.25553 -1.66936573 -1.82240727 2.24767802 -0.39531887 0.84306360 0.16316336 -0.32610501
1461244142.33514 -1.72223060 -1.82926669 2.22603432 -0.39238379 0.84167165 0.17490736 -0.32715626
1461244142.41637 -1.76916391 -1.84392579 2.20163673 -0.40082147 0.83953981 0.17439913 -0.32264533
1461244142.49514 -1.81532260 -1.85518531 2.17780655 -0.40296496 0.84091013 0.18234980 -0.31183000
1461244142.61506 -1.88265070 -1.86308460 2.14618143 -0.38630704 0.85069380 0.19187549 -0.30045087
1461244142.73518 -1.94809348 -1.86174646 2.11586544 -0.36588680 0.85471558 0.20635082 -0.30497126
1461244142.85515 -2.00851622 -1.85010761 2.07507921 -0.35920137 0.86011515 0.21241502 -0.29335331
1461244142.93509 -2.04720355 -1.83128302 2.04050230 -0.35214430 0.86397440 0.22976296 -0.27704079
1461244143.01705 -2.08745622 -1.81680138 2.00142192 -0.35645883 0.86092357 0.24153890 -0.27093665
1461244143.09517 -2.12650877 -1.80710196 1.95838395 -0.35676272 0.86164017 0.24240081 -0.26746668
1461244143.17484 -2.16500631 -1.79904862 1.91450684 -0.34813626 0.86277703 0.24883892 -0.26925106
1461244143.25513 -2.19893553 -1.79559911 1.86637793 -0.35010795 0.86020384 0.25625486 -0.26796870
1461244143.33506 -2.22738615 -1.79302997 1.81216199 -0.34793279 0.86331852 0.25934943 -0.25760782
1461244143.42084 -2.25570878 -1.79472528 1.76485425 -0.34829024 0.86438567 0.25874103 -0.25413462
1461244143.49502 -2.28387151 -1.79143549 1.71554263 -0.34311084 0.86605859 0.26273322 -0.25137367
1461244143.57497 -2.31149544 -1.78492842 1.66417769 -0.34550644 0.86662923 0.26638643 -0.24211020
1461244143.65605 -2.33830271 -1.77578428 1.60924035 -0.35189000 0.86714742 0.26803148 -0.22888405
1461244143.73679 -2.36528612 -1.76309523 1.55589892 -0.36042922 0.86745765 0.27038448 -0.21095077
1461244143.82126 -2.39130749 -1.74783517 1.49909463 -0.36715636 0.86677273 0.27679308 -0.19309797
1461244143.89646 -2.41544345 -1.73138077 1.43964730 -0.37109007 0.86700794 0.28349610 -0.17383714
1461244143.97617 -2.43237677 -1.71453794 1.37968799 -0.38350524 0.86099998 0.29717542 -0.15260911
1461244144.05497 -2.44079941 -1.70022172 1.32116085 -0.40076725 0.85305960 0.30690536 -0.13222720
1461244144.13745 -2.43532047 -1.68663942 1.26210996 -0.41645051 0.85030279 0.30547544 -0.10118743
1461244144.21797 -2.42483087 -1.67061149 1.20782367 -0.41712404 0.85381172 0.30181673 -0.07693981
1461244144.29488 -2.40953369 -1.64867346 1.15513757 -0.41300037 0.85895033 0.29876003 -0.04875930
1461244144.37778 -2.38542473 -1.62136625 1.10158020 -0.41820999 0.85830544 0.29732666 -0.00300611
1461244144.45611 -2.35291255 -1.58700416 1.04936160 -0.43225082 0.85117287 0.29325683 0.05161782
1461244144.53495 -2.31426001 -1.54754359 1.00045845 -0.43711917 0.84501633 0.28767298 0.11008402
1461244144.61772 -2.27484129 -1.51244503 0.95512570 -0.43505980 0.84287672 0.27411115 0.15857142
1461244144.69505 -2.23490618 -1.48425633 0.91528177 -0.41944281 0.84751261 0.25758426 0.19859621
1461244144.81728 -2.17967824 -1.44588088 0.86989629 -0.39896327 0.83872754 0.26293647 0.26120649
1461244144.93520 -2.12799692 -1.41888203 0.84336291 -0.39683777 0.81610705 0.26602480 0.32514591
1461244145.05493 -2.07969337 -1.39030500 0.82120833 -0.39405885 0.78989969 0.27038136 0.38427856
1461244145.17485 -2.03260066 -1.35585769 0.79425384 -0.39041401 0.76730828 0.27085776 0.43064021
1461244145.29517 -1.98341378 -1.31730398 0.76479553 -0.36935690 0.75200533 0.27276777 0.47292832
1461244145.45531 -1.92027571 -1.27923598 0.71443003 -0.33221911 0.74562717 0.26495915 0.51329060
1461244145.57486 -1.86894880 -1.25751320 0.68779131 -0.31316166 0.72090151 0.26741435 0.55742296
1461244145.69491 -1.81825326 -1.22620296 0.66379096 -0.31078941 0.69008556 0.27085611 0.59483513
1461244145.81493 -1.76233753 -1.18599601 0.64327664 -0.30344144 0.66041990 0.26521737 0.63358393
1461244145.93489 -1.69674590 -1.13005265 0.62518444 -0.29546038 0.63579950 0.25299787 0.66667401
1461244146.05495 -1.62049110 -1.07904191 0.60135940 -0.28470389 0.62474423 0.23471558 0.68814747
1461244146.13581 -1.56503172 -1.05291637 0.58613623 -0.26789214 0.61953759 0.22080806 0.70402470
1461244146.21727 -1.51299256 -1.02946533 0.57519980 -0.26119960 0.59478524 0.21933124 0.72794169
1461244146.33497 -1.44113898 -0.99516744 0.55060341 -0.26535613 0.57409474 0.21966873 0.74279675
1461244146.45477 -1.37080115 -0.95625220 0.53222679 -0.25880961 0.54844207 0.22298489 0.76322122
1461244146.53529 -1.32421099 -0.92403991 0.52179870 -0.25549518 0.52911987 0.21640657 0.77969390
1461244146.61724 -1.27581343 -0.88996542 0.50754149 -0.24409845 0.51700964 0.21093740 0.79285711
1461244146.69485 -1.22532986 -0.85597226 0.49152419 -0.23103217 0.50292291 0.20539221 0.80715967
1461244146.77477 -1.17472379 -0.82894825 0.47420531 -0.21873867 0.48874698 0.19215721 0.82240828
1461244146.85464 -1.12921059 -0.80613776 0.46005626 -0.20757890 0.45798264 0.19379128 0.84238224
1461244146.93493 -1.08377364 -0.78617247 0.44031737 -0.20620223 0.44207211 0.18230535 0.85370818
1461244147.01717 -1.04076616 -0.76605209 0.42321409 -0.20291041 0.42186385 0.17985621 0.86516472
1461244147.09489 -0.99801067 -0.74057312 0.40825773 -0.19833658 0.40945926 0.17624773 0.87289315
1461244147.17484 -0.95551747 -0.71042820 0.39911756 -0.19336390 0.39478133 0.17018350 0.88192725
1461244147.25480 -0.91302938 -0.67623189 0.39528468 -0.18826465 0.37855832 0.15873802 0.89221761
1461244147.33491 -0.87022689 -0.63744011 0.39177573 -0.18315703 0.37137733 0.15459137 0.89701387
1461244147.45488 -0.80594521 -0.59040389 0.39351634 -0.16854767 0.35921206 0.14289749 0.90671864
1461244147.53476 -0.77184126 -0.56706018 0.39752047 -0.15630656 0.33635866 0.14387623 0.91745885
1461244147.65486 -0.73236184 -0.54377516 0.39489152 -0.15759348 0.29545329 0.12145283 0.93440936
1461244147.77487 -0.70508695 -0.54048929 0.38866526 -0.14198814 0.26434783 0.11149305 0.94738001
1461244147.89482 -0.68877608 -0.56418358 0.37835645 -0.10774711 0.22675991 0.08246316 0.96445338
1461244147.97470 -0.68818253 -0.58824840 0.36903976 -0.07645120 0.19779415 0.06849331 0.97485453
1461244148.05484 -0.69731195 -0.61762414 0.35523950 -0.03920231 0.16328095 0.05261771 0.98439519
1461244148.13482 -0.71195184 -0.64972458 0.33168788 -0.00480352 0.12750995 0.04019685 0.99101077
1461244148.21758 -0.73194413 -0.68638025 0.29985922 0.03522241 0.09284001 0.02595789 0.99471921
1461244148.29472 -0.75804821 -0.71980637 0.26213380 0.06401504 0.05556191 0.02040962 0.99619195
1461244148.41736 -0.79983811 -0.75871585 0.20042978 0.09197201 0.02408193 0.02317663 0.99520051
1461244148.53469 -0.85211342 -0.78313717 0.13437055 0.10550144 -0.00348386 0.02311510 0.99414436
1461244148.65475 -0.91812789 -0.80335717 0.05899373 0.12617712 -0.01793126 0.01626088 0.99171235
1461244148.77578 -1.00005879 -0.82039597 -0.02708185 0.14431978 -0.03435810 0.02083949 0.98871484
1461244148.89575 -1.09113219 -0.83705478 -0.12074878 0.15731294 -0.06167368 0.02321303 0.98534773
1461244149.01687 -1.18016633 -0.85130010 -0.21905535 0.15937247 -0.08561852 0.02297600 0.98323038
1461244149.13473 -1.26884384 -0.86946229 -0.32334179 0.17766116 -0.12142874 0.01513539 0.97645404
1461244149.25473 -1.35835417 -0.87610787 -0.43746273 0.19378201 -0.15371764 -0.00702904 0.96890145
1461244149.37468 -1.45145955 -0.86859912 -0.55023012 0.20168112 -0.19914128 -0.02286009 0.95872045
1461244149.49474 -1.54121685 -0.84776824 -0.66729809 0.19299690 -0.23762114 -0.04159787 0.95108255
1461244149.61721 -1.62727056 -0.82609810 -0.78464312 0.18874002 -0.26924528 -0.05436199 0.94283029
1461244149.73505 -1.71841853 -0.81566475 -0.90420548 0.19852449 -0.30010256 -0.06346722 0.93085895
1461244149.85463 -1.81723769 -0.81400413 -1.01438060 0.21096698 -0.32201042 -0.05740905 0.92114408
1461244149.97464 -1.92158873 -0.81233569 -1.11797481 0.20956489 -0.32804303 -0.06366459 0.91892173
1461244150.09445 -2.02864541 -0.81250488 -1.23154167 0.19936482 -0.34016269 -0.06942955 0.91636377
1461244150.21710 -2.11961057 -0.82149672 -1.34158435 0.20013378 -0.35688650 -0.07275154 0.90955248
1461244150.33463 -2.20390070 -0.83255067 -1.45566614 0.20222427 -0.36978243 -0.05808891 0.90498176
1461244150.45465 -2.28407510 -0.84170917 -1.57355292 0.20834907 -0.39503380 -0.04658069 0.89351508
1461244150.57704 -2.35001346 -0.84926958 -1.67353100 0.21515204 -0.41400047 -0.04984689 0.88307899
1461244150.73461 -2.41343367 -0.87430052 -1.79145058 0.21098532 -0.42711683 -0.02370540 0.87891664
1461244150.89465 -2.45712798 -0.92680302 -1.90016610 0.23558304 -0.44912974 -0.03025228 0.86131754
1461244151.13466 -2.45780935 -1.00972586 -1.96557461 0.25754318 -0.46109494 0.01397753 0.84903922
1461244151.37444 -2.40471568 -1.05972515 -1.91918420 0.25899027 -0.43924433 0.05751909 0.85830066
1461244151.53451 -2.32172202 -1.06126961 -1.83713639 0.26038561 -0.40064939 0.08065692 0.87474217
1461244151.69458 -2.22457247 -1.02835239 -1.72862683 0.25994562 -0.38041193 0.09081472 0.88287469
1461244151.81458 -2.14878438 -0.98096220 -1.62794215 0.24111649 -0.37041046 0.10461185 0.89090700
1461244151.89532 -2.09779818 -0.94265204 -1.55029094 0.21657551 -0.35839111 0.11005650 0.90140914
1461244151.97441 -2.04492650 -0.90174488 -1.46417033 0.18597257 -0.33431748 0.08976024 0.91955920
1461244152.09447 -1.95750684 -0.85043212 -1.33439356 0.16526120 -0.30368620 0.11108082 0.93173198
1461244152.17445 -1.89558957 -0.82007229 -1.24726656 0.16137431 -0.27332615 0.09258870 0.94375764
1461244152.25449 -1.83037778 -0.79272887 -1.16464939 0.15711047 -0.24185043 0.07949008 0.95420438
1461244152.37445 -1.73546040 -0.76135930 -1.05187224 0.14574341 -0.21902136 0.07759994 0.96164794
1461244152.65447 -1.53073857 -0.71471378 -0.79043447 0.10893522 -0.19953883 0.06375851 0.97172641
1461244152.77444 -1.45401870 -0.69382837 -0.67822747 0.10484060 -0.20436072 0.04636599 0.97216014
1461244152.89456 -1.37331776 -0.67858300 -0.57860655 0.11674893 -0.19832775 0.03398688 0.97256397
1461244153.01794 -1.30394652 -0.66817106 -0.49058856 0.12531961 -0.21254758 0.03405262 0.96848280
1461244153.13455 -1.24268182 -0.65467839 -0.39717051 0.10836847 -0.22849569 0.02330431 0.96721399
1461244153.37641 -1.10972519 -0.62434999 -0.18046604 0.10545391 -0.21783480 0.02908213 0.96983592
1461244153.45449 -1.05653512 -0.61070471 -0.10558479 0.10693357 -0.18686384 0.02398312 0.97625403
1461244153.57435 -0.98367961 -0.59688242 -0.01030478 0.10583813 -0.17999393 0.02481823 0.97764233
1461244153.65431 -0.92824688 -0.58942626 0.04582964 0.09905877 -0.15627665 0.03017085 0.98227017
1461244153.89440 -0.78416532 -0.55474409 0.17401053 0.09959102 -0.16206285 0.03697100 0.98104557
1461244154.01459 -0.71453221 -0.51852499 0.22689369 0.09864917 -0.16841531 0.03679506 0.98007691
1461244154.25429 -0.59151526 -0.43397539 0.30806469 0.08163503 -0.17301365 0.06743161 0.97921141
1461244154.41612 -0.52780524 -0.40645388 0.34367521 0.07033460 -0.16142800 0.06737286 0.98206667
