1463226057.02432 0.00000001 0.00000000 -0.00000000 -0.00000000 0.00000000 0.00000000 1.00000000
1463226057.40328 0.04520317 -0.00162683 0.06144736 -0.00582550 0.00293416 0.01757409 0.99982429
1463226057.63784 0.08066640 -0.01376125 0.11517717 -0.00565614 0.00734272 0.01179568 0.99988747
1463226057.82783 0.10817560 -0.03478086 0.15835339 0.00893174 0.00123558 0.00027871 0.99995931
1463226058.01725 0.12565530 -0.05524417 0.19058501 0.04038306 -0.00704767 0.00102711 0.99915889
1463226058.35189 0.15933936 -0.05488570 0.23327914 0.02793265 -0.02308222 -0.00937173 0.99929933
1463226058.58662 0.18856060 -0.05113891 0.26616180 0.01726154 -0.04783041 -0.00143870 0.99870527
1463226058.77603 0.22269426 -0.05654969 0.29706853 0.02663153 -0.06255650 -0.00691469 0.99766208
1463226058.96543 0.25897430 -0.05956731 0.32585956 0.03552444 -0.07134248 -0.01517822 0.99670351
1463226059.20269 0.28831984 -0.05959401 0.35257560 0.03644321 -0.08861641 0.00545795 0.99538396
1463226059.48914 0.30290307 -0.06054096 0.39121860 0.01271042 -0.08482488 0.03785239 0.99559549
1463226059.72441 0.29927012 -0.07146986 0.44066781 -0.00769855 -0.07411270 0.01647471 0.99708406
1463226059.91410 0.29499443 -0.09389745 0.48924599 -0.01633163 -0.08361175 -0.00057593 0.99636440
1463226060.05832 0.28955302 -0.11361870 0.52538087 -0.01708424 -0.09244102 -0.00869975 0.99553358
1463226060.24730 0.28193042 -0.13859414 0.56535650 -0.01704022 -0.08996881 -0.00340173 0.99579299
1463226060.43565 0.27154251 -0.15589174 0.59591695 -0.03498129 -0.08642494 -0.01583900 0.99551804
1463226060.62821 0.25817428 -0.17426840 0.62753622 -0.03608935 -0.10690275 -0.01906351 0.99343140
1463226060.76752 0.25004503 -0.19267279 0.65715293 -0.02828021 -0.11432552 -0.01714046 0.99289280
1463226060.91287 0.24130286 -0.21344732 0.68983327 -0.01606397 -0.12436070 -0.01891425 0.99192672
1463226061.05199 0.23016275 -0.23580233 0.71621342 -0.00192266 -0.13299111 -0.01899742 0.99093328
1463226061.24277 0.21067738 -0.26143744 0.74195127 -0.00415353 -0.12148903 0.00578455 0.99256723
1463226061.43139 0.17720926 -0.28396770 0.76263590 -0.01323088 -0.11190647 0.03394248 0.99305075
1463226061.57364 0.14420281 -0.29762803 0.77393967 -0.03120527 -0.09674780 0.05106529 0.99350814
1463226061.71789 0.10742449 -0.31261764 0.78138541 -0.05257603 -0.07358988 0.08103724 0.99259924
1463226061.81319 0.08159502 -0.32277035 0.78436854 -0.06419244 -0.05883092 0.09742485 0.99142657
1463226061.95509 0.04320244 -0.33474880 0.78619062 -0.08385818 -0.04389547 0.12955134 0.98704480
1463226062.04787 0.02052999 -0.34101099 0.78323978 -0.09051839 -0.02433414 0.14556702 0.98489823
1463226062.19036 -0.01141217 -0.34405902 0.77308966 -0.09740168 -0.00815761 0.15432509 0.98317350
1463226062.33230 -0.04350444 -0.33760755 0.75585764 -0.11452094 -0.00943769 0.15528370 0.98116403
1463226062.47462 -0.06742491 -0.33000060 0.72936561 -0.11555954 -0.00393288 0.15416889 0.98125556
1463226062.61692 -0.08566698 -0.31751539 0.69519480 -0.11454530 -0.01990711 0.14477050 0.98261111
1463226062.75923 -0.09923291 -0.30046874 0.65630149 -0.11384043 -0.04847164 0.12610699 0.98427023
1463226062.90160 -0.10459319 -0.27773951 0.61479426 -0.11405347 -0.07494072 0.10731824 0.98481394
1463226063.04359 -0.10847847 -0.25417856 0.57531948 -0.11476590 -0.10648278 0.08559247 0.98395332
1463226063.18585 -0.10678975 -0.23120182 0.54120557 -0.11095013 -0.12455143 0.06529362 0.98382608
1463226063.32945 -0.10472672 -0.20855201 0.51088600 -0.10801484 -0.14635201 0.03904934 0.98254213
1463226063.47065 -0.09960500 -0.18292376 0.48744861 -0.10579542 -0.16570330 0.01476799 0.98037322
1463226063.66027 -0.08221518 -0.14846085 0.46588333 -0.10465797 -0.16638110 0.00088940 0.98049133
1463226063.80231 -0.06618946 -0.12208195 0.45478497 -0.11279301 -0.15307056 0.01602084 0.98162644
1463226063.99222 -0.04183595 -0.09392949 0.44166491 -0.11213010 -0.14714565 0.03110575 0.98224612
1463226064.18169 -0.00852951 -0.06802479 0.43430156 -0.11437481 -0.13628172 0.03936999 0.98325770
1463226064.32726 0.02128718 -0.05264324 0.43800421 -0.12784377 -0.11968326 0.04384130 0.98356994
1463226064.46628 0.05550328 -0.04600970 0.45264021 -0.13618789 -0.09999830 0.06148636 0.98370353
1463226064.60864 0.08853896 -0.05181438 0.47702889 -0.13231365 -0.07833316 0.09651980 0.98338240
1463226064.75080 0.11655175 -0.06748066 0.50880670 -0.12978163 -0.06804281 0.12122207 0.98174952
1463226064.84637 0.13579090 -0.08326435 0.53233781 -0.11173742 -0.05957760 0.13008623 0.98338336
1463226064.98780 0.15780643 -0.10681718 0.56320387 -0.09909380 -0.06464570 0.13270547 0.98406840
1463226065.13017 0.17348188 -0.13350072 0.58548693 -0.08330842 -0.07764175 0.12637280 0.98542447
1463226065.27612 0.18446606 -0.15901524 0.60238974 -0.07332182 -0.08777369 0.12521176 0.98551596
1463226065.46201 0.19294732 -0.19148231 0.62642967 -0.06386679 -0.08858607 0.12521055 0.98610134
1463226065.60424 0.19329016 -0.21964904 0.64869342 -0.05816392 -0.07834103 0.12911754 0.98681726
1463226065.74879 0.18767525 -0.24983780 0.67464347 -0.05453241 -0.06977945 0.12507537 0.98818682
1463226065.88903 0.17755870 -0.28333987 0.70323757 -0.04495624 -0.06200627 0.11922047 0.98990941
1463226066.03144 0.16456425 -0.31863811 0.73356299 -0.04636225 -0.04555310 0.12576410 0.98992871
1463226066.12604 0.15301460 -0.34552058 0.75296326 -0.05048427 -0.04216877 0.12966151 0.98937406
1463226066.22084 0.14115192 -0.37501788 0.77055799 -0.05278090 -0.03858851 0.13960188 0.98804677
1463226066.31685 0.13044322 -0.40605118 0.78474486 -0.05287669 -0.03098401 0.14478191 0.98756379
1463226066.41039 0.12221972 -0.43659400 0.79378652 -0.04609066 -0.01837157 0.15441991 0.98675865
1463226066.55439 0.10814454 -0.47427532 0.80013643 -0.04634913 -0.00821460 0.16934794 0.98443159
1463226066.74234 0.08128291 -0.50641807 0.79803732 -0.05810684 -0.00221020 0.18343061 0.98131133
1463226066.88480 0.05146420 -0.51687193 0.78760124 -0.08261165 -0.01093535 0.16859606 0.98215635
1463226067.02694 0.01648062 -0.51904317 0.77161325 -0.09341618 -0.03586750 0.15222049 0.98326795
1463226067.16916 -0.01265309 -0.51168075 0.74832224 -0.09776120 -0.04403106 0.13654350 0.98481465
1463226067.31144 -0.03656420 -0.49335926 0.72188090 -0.10567116 -0.06166897 0.12012398 0.98519073
1463226067.45377 -0.05291799 -0.46884742 0.69685588 -0.10511432 -0.07495594 0.10262487 0.98630661
1463226067.59698 -0.05790590 -0.44120858 0.67587100 -0.09679260 -0.08183314 0.09541204 0.98733534
1463226067.73837 -0.05052981 -0.41053751 0.65926739 -0.08989889 -0.08081795 0.08981641 0.98859479
1463226067.88042 -0.03665840 -0.37654421 0.64568367 -0.08673393 -0.08359762 0.08064322 0.98943688
1463226068.02268 -0.01617218 -0.33903420 0.63465792 -0.09481866 -0.07939627 0.06335803 0.99029865
1463226068.16493 0.01409032 -0.30752204 0.61874489 -0.08729861 -0.06895659 0.05901024 0.99203918
1463226068.30730 0.04961108 -0.28024101 0.59751623 -0.05646547 -0.06896477 0.06077670 0.99416382
1463226068.44951 0.08299932 -0.25614023 0.57107437 -0.02135990 -0.06829728 0.05047119 0.99615857
1463226068.63926 0.11796208 -0.22870831 0.54171149 0.00302575 -0.06401738 0.05315251 0.99652769
1463226068.82893 0.14516184 -0.20704143 0.52696531 0.01861681 -0.04607950 0.07065763 0.99626181
1463226069.06784 0.15051006 -0.20100898 0.50260438 0.06741973 -0.04179584 0.08749315 0.99300183
1463226069.25655 0.13109780 -0.21168630 0.45364941 0.10054761 -0.01600600 0.09565697 0.99019378
1463226069.39780 0.09954196 -0.21718013 0.40753282 0.12119826 -0.02437522 0.11029701 0.98618021
1463226069.54191 0.05917463 -0.22146640 0.36088542 0.10061837 -0.03370701 0.10249161 0.98905776
1463226069.68625 0.01264352 -0.23752510 0.31094251 0.09524567 -0.05568923 0.08058656 0.99062242
1463226069.82460 -0.03163634 -0.25926723 0.26463444 0.10162330 -0.07553425 0.06583958 0.98976383
1463226069.96721 -0.07753173 -0.27966642 0.22282996 0.10057242 -0.10371790 0.04964645 0.98826263
1463226070.10908 -0.12302454 -0.30965483 0.17844290 0.11158119 -0.13173581 0.05781880 0.98328648
1463226070.20419 -0.15617001 -0.33301110 0.14673850 0.12045519 -0.15602958 0.07016802 0.97786593
1463226070.29882 -0.19100786 -0.35741124 0.11360774 0.12979378 -0.18490536 0.08763608 0.97019766
1463226070.39415 -0.22325667 -0.38260867 0.07987533 0.15161757 -0.20480874 0.10074607 0.96172539
1463226070.49139 -0.25477485 -0.40531843 0.04824048 0.16447375 -0.22772491 0.10418812 0.95406215
1463226070.58335 -0.28695245 -0.42764149 0.01631180 0.18480842 -0.24730574 0.10324620 0.94552945
1463226070.67818 -0.32063989 -0.44633643 -0.01437621 0.21117466 -0.27222944 0.10969525 0.93234293
1463226070.82051 -0.37059935 -0.45420241 -0.05151010 0.22713808 -0.29064845 0.12138868 0.92151862
1463226071.01002 -0.45514747 -0.44444419 -0.09310640 0.21823504 -0.30270954 0.12292207 0.91958173
1463226071.10567 -0.50755791 -0.44144905 -0.11400053 0.23045542 -0.30905382 0.11759624 0.91517603
1463226071.20286 -0.56268395 -0.43383286 -0.13249710 0.21700166 -0.33624424 0.10480133 0.91042120
1463226071.29513 -0.61531764 -0.42386813 -0.14792965 0.20333888 -0.35628610 0.08638673 0.90788262
1463226071.43689 -0.69183279 -0.40378845 -0.16430334 0.19871520 -0.37030373 0.05587409 0.90568510
1463226071.57920 -0.77322158 -0.37598831 -0.17442423 0.19263549 -0.39244662 0.03733701 0.89860067
1463226071.67607 -0.82926916 -0.35769882 -0.17839119 0.17756401 -0.40558276 0.02065072 0.89640794
1463226071.77009 -0.88670448 -0.34663760 -0.18181659 0.16625567 -0.41324723 0.00949142 0.89526292
1463226071.86676 -0.94242913 -0.34017282 -0.18723370 0.17193819 -0.42630710 -0.00250298 0.88808403
1463226072.00593 -1.01625951 -0.33146516 -0.19512826 0.18277828 -0.43764143 -0.03258990 0.87977268
1463226072.10078 -1.06472731 -0.32454658 -0.20140569 0.19491124 -0.45591491 -0.06387225 0.86606671
1463226072.24286 -1.13978894 -0.31085271 -0.20315101 0.20029398 -0.46418361 -0.09372732 0.85768939
1463226072.38700 -1.22542621 -0.30197019 -0.20487705 0.20103459 -0.45988421 -0.10424991 0.85861724
1463226072.52793 -1.31445064 -0.31307080 -0.21759851 0.20472277 -0.46331917 -0.11110821 0.85503152
1463226072.62232 -1.36623618 -0.33504184 -0.23079731 0.19396197 -0.46484077 -0.10450638 0.85754314
1463226072.71726 -1.41618741 -0.36839447 -0.24894461 0.19705814 -0.47085051 -0.09532354 0.85462349
1463226072.81214 -1.46743365 -0.40475663 -0.26568011 0.19902145 -0.47625066 -0.08341706 0.85241854
1463226072.90685 -1.52280059 -0.43818797 -0.27819412 0.20510151 -0.47624679 -0.07128579 0.85208022
1463226073.00168 -1.58342327 -0.46975059 -0.28712774 0.20509396 -0.47368952 -0.05628450 0.85462668
1463226073.09656 -1.64622106 -0.50494361 -0.29592102 0.20205368 -0.47332935 -0.03971730 0.85647894
1463226073.19130 -1.70564979 -0.54727798 -0.30778504 0.20636711 -0.47440078 -0.02388333 0.85544497
1463226073.28633 -1.76128779 -0.59163576 -0.32201186 0.20556037 -0.48172964 -0.01520345 0.85173373
1463226073.38116 -1.81588586 -0.63564089 -0.33941832 0.21525099 -0.48925453 -0.01131880 0.84508514
1463226073.47675 -1.87226374 -0.67650912 -0.35610404 0.22270950 -0.49247688 -0.01022014 0.84128625
1463226073.57329 -1.92861166 -0.71416038 -0.36979000 0.24075595 -0.48771897 -0.00534554 0.83912943
1463226073.66567 -1.98205791 -0.75058630 -0.38193564 0.26433125 -0.47292029 0.00105125 0.84052025
1463226073.81010 -2.06038647 -0.80798430 -0.40251669 0.26625342 -0.45884065 0.01445110 0.84756448
1463226073.95014 -2.13722614 -0.86966536 -0.42759320 0.24962705 -0.46950935 0.03049986 0.84635516
1463226074.09362 -2.21418893 -0.92043240 -0.44731301 0.24771115 -0.47677011 0.04110702 0.84240113
1463226074.28416 -2.34182988 -0.94418448 -0.45688447 0.23253524 -0.49121631 0.04486271 0.83822505
1463226074.42430 -2.45280713 -0.95126266 -0.45690423 0.22679823 -0.49692927 0.04882870 0.83620549
1463226074.56653 -2.56098170 -0.96054526 -0.45984303 0.21931396 -0.50932428 0.04624569 0.83087394
1463226074.70875 -2.66329266 -0.96234440 -0.46171312 0.23075039 -0.51437288 0.03382293 0.82524590
1463226074.80377 -2.73590118 -0.95148906 -0.45731409 0.23022014 -0.51095316 0.00543346 0.82818841
1463226074.89985 -2.81417082 -0.93664582 -0.45445304 0.21714811 -0.51479785 -0.01671986 0.82918654
1463226075.00010 -2.89315216 -0.92667116 -0.45799993 0.21250628 -0.52186837 -0.03050423 0.82556888
1463226075.09295 -2.97007637 -0.91940589 -0.46747988 0.20568659 -0.54096803 -0.04912947 0.81402267
1463226075.18348 -3.03852263 -0.91615777 -0.47613662 0.20420734 -0.54789657 -0.06563193 0.80857972
1463226075.32705 -3.13193803 -0.91213625 -0.48332105 0.24859825 -0.53806725 -0.08007108 0.80141822
1463226075.46943 -3.23212168 -0.90073120 -0.48403249 0.24618717 -0.55261825 -0.10363031 0.78947179
1463226075.56237 -3.29730491 -0.89874756 -0.48777495 0.23515071 -0.56279497 -0.12796340 0.78204305
1463226075.65714 -3.35539804 -0.91139135 -0.49863700 0.21458044 -0.57485421 -0.14305252 0.77655254
1463226075.75202 -3.41311567 -0.94079641 -0.52043419 0.22988973 -0.58846952 -0.14837520 0.76081478
1463226075.84685 -3.47264896 -0.97293546 -0.54145089 0.23270316 -0.59145057 -0.13594787 0.75996950
1463226075.94350 -3.53861718 -1.00363057 -0.56297073 0.24438530 -0.59692528 -0.11457251 0.75553238
1463226076.03650 -3.60899866 -1.03339046 -0.58450604 0.25379830 -0.59695242 -0.09172191 0.75552718
1463226076.13156 -3.67735657 -1.06338075 -0.60653122 0.25578789 -0.59610920 -0.07552277 0.75731281
1463226076.22620 -3.73738820 -1.09710027 -0.62985642 0.25028363 -0.59516804 -0.05717243 0.76148829
1463226076.32393 -3.79358867 -1.13454622 -0.65700414 0.24768292 -0.60060268 -0.04088355 0.75911668
1463226076.41995 -3.85191632 -1.16976010 -0.68550520 0.25026186 -0.60613609 -0.02561031 0.75452776
1463226076.51068 -3.91416008 -1.19935036 -0.71281735 0.25935129 -0.61437390 -0.01189037 0.74507734
1463226076.60564 -3.97906205 -1.22653906 -0.73877766 0.26539720 -0.62850847 0.00183723 0.73112110
1463226076.70049 -4.04043782 -1.25779053 -0.76499269 0.27832279 -0.63468217 0.01963530 0.72064514
1463226076.79565 -4.09797989 -1.28927114 -0.79478538 0.27859406 -0.64909487 0.02072563 0.70755329
1463226076.89228 -4.14826378 -1.32495330 -0.82936037 0.30211070 -0.65921390 0.02030419 0.68829783
1463226077.03236 -4.22593458 -1.36923133 -0.88281834 0.32136156 -0.67567560 0.02109044 0.66313228
1463226077.17670 -4.30923177 -1.39393123 -0.92482760 0.33183287 -0.67988073 0.03871031 0.65280216
1463226077.31689 -4.40197041 -1.40245968 -0.96562969 0.34090065 -0.67697549 0.04716467 0.65058929
1463226077.45916 -4.50319648 -1.40178140 -1.00273810 0.31686508 -0.68725923 0.02980909 0.65297985
1463226077.60939 -4.60204793 -1.38783839 -1.03503453 0.31422228 -0.69761053 -0.00739445 0.64385497
1463226077.74380 -4.70820269 -1.35422312 -1.05668917 0.29482491 -0.70717797 -0.04110094 0.64131763
1463226077.88603 -4.81425738 -1.32271083 -1.08690757 0.29015118 -0.71965745 -0.07804818 0.62595042
1463226078.02898 -4.90147512 -1.30734484 -1.12561257 0.30423416 -0.73024367 -0.10187050 0.60316511
1463226078.17173 -4.98082039 -1.29366913 -1.16480456 0.33023693 -0.73364336 -0.13660794 0.57796994
1463226078.36016 -5.09968335 -1.26213947 -1.21381875 0.32536507 -0.73902946 -0.16213685 0.56717251
1463226078.50223 -5.19032122 -1.24800674 -1.26493232 0.32174932 -0.74799261 -0.16581907 0.55631688
1463226078.64478 -5.26519407 -1.25751175 -1.32677984 0.31608463 -0.75723652 -0.14761657 0.55217091
1463226078.78895 -5.33356117 -1.27107555 -1.39316531 0.32122271 -0.77511171 -0.13139297 0.52797130
1463226078.93046 -5.41387385 -1.27387857 -1.45706954 0.31280492 -0.78744831 -0.11442665 0.51863744
1463226079.07135 -5.49930085 -1.28187348 -1.52996804 0.30767148 -0.80608384 -0.09838692 0.49587006
1463226079.21369 -5.57483427 -1.30433151 -1.60690707 0.31106774 -0.82001604 -0.10000189 0.46990444
1463226079.35598 -5.64562417 -1.33117180 -1.68116580 0.30518755 -0.82632479 -0.09694946 0.46330195
1463226079.50302 -5.71923659 -1.35243002 -1.75833544 0.32283079 -0.82468083 -0.07776314 0.45785883
1463226079.64104 -5.79504267 -1.37109854 -1.83764729 0.31924095 -0.82739165 -0.05105960 0.45923980
1463226079.83002 -5.87759398 -1.40854544 -1.95507118 0.30106928 -0.84325920 -0.02175123 0.44474498
1463226080.01968 -5.94677556 -1.44960372 -2.06860538 0.30658763 -0.85040410 0.02168018 0.42702091
1463226080.25691 -6.05597069 -1.44564273 -2.19272004 0.29513977 -0.86315145 0.05360156 0.40618833
1463226080.39943 -6.13028435 -1.41794038 -2.27563365 0.27532704 -0.87786435 0.00909940 0.39174788
1463226080.54140 -6.19669408 -1.37357921 -2.35392733 0.27368462 -0.88664412 -0.05420319 0.36881019
1463226080.68591 -6.27156922 -1.31112705 -2.42593935 0.26334572 -0.88990023 -0.09715641 0.35956535
1463226080.87349 -6.36466006 -1.24038682 -2.53028231 0.27366695 -0.88467727 -0.14699960 0.34762574
1463226081.06292 -6.44046614 -1.19366044 -2.62996666 0.26150990 -0.88833854 -0.16716241 0.33841385
1463226081.20669 -6.50375422 -1.14510835 -2.69273004 0.26101785 -0.88502144 -0.20516660 0.32636390
1463226081.30009 -6.55458875 -1.10683124 -2.73251047 0.24743779 -0.88130218 -0.24042399 0.32291997
1463226081.44255 -6.62318852 -1.06656496 -2.80491394 0.24251329 -0.88518200 -0.25469996 0.30457849
1463226081.53721 -6.66050297 -1.05688984 -2.85666492 0.24991366 -0.88951660 -0.25075714 0.28883253
1463226081.63539 -6.69191549 -1.05251479 -2.90956682 0.26912147 -0.89208138 -0.24728005 0.26573864
1463226081.77424 -6.74534354 -1.04571929 -2.98993940 0.27186823 -0.89534229 -0.23995600 0.25859420
1463226081.91797 -6.81075338 -1.03381631 -3.08626771 0.27141682 -0.90070803 -0.21725649 0.26049486
1463226082.05888 -6.87179887 -1.03112295 -3.19109540 0.27465554 -0.90334647 -0.20420723 0.25851287
1463226082.20113 -6.92158348 -1.04365677 -3.29614462 0.24773716 -0.91056417 -0.20484818 0.25987770
1463226082.34583 -6.96907561 -1.05871935 -3.40059477 0.23686493 -0.91593786 -0.18982293 0.26252638
1463226082.48560 -7.01980166 -1.06963454 -3.50737337 0.23457390 -0.92889324 -0.14310024 0.24830376
1463226082.62780 -7.06654919 -1.08268829 -3.60891383 0.23188544 -0.93696621 -0.11950796 0.23246787
1463226082.77010 -7.09588947 -1.09584038 -3.70894330 0.23154706 -0.94599969 -0.10207718 0.20260994
1463226082.95980 -7.14129188 -1.09372883 -3.83635223 0.23781465 -0.95007115 -0.07291642 0.18839371
1463226083.24451 -7.25219171 -1.00512937 -4.01973279 0.22277195 -0.95130185 -0.09691122 0.18975158
1463226083.43401 -7.32192580 -0.94709499 -4.13587903 0.21685482 -0.95086139 -0.12511761 0.18215979
1463226083.67106 -7.42098005 -0.84649765 -4.26502724 0.22539023 -0.94262249 -0.15360820 0.19252690
1463226083.86165 -7.48401027 -0.79051183 -4.37569228 0.23817100 -0.93588591 -0.18451930 0.18260547
1463226084.05097 -7.53479237 -0.75148967 -4.50009399 0.25621318 -0.93155772 -0.19725334 0.16627131
1463226084.24212 -7.59201097 -0.68645421 -4.62464793 0.26241036 -0.93191261 -0.19081910 0.16207332
1463226084.42976 -7.63636998 -0.64522473 -4.74638944 0.25400041 -0.92966275 -0.20809437 0.16705595
1463226084.62203 -7.68302995 -0.59092997 -4.86523190 0.25321340 -0.92834451 -0.22247089 0.15673590
1463226084.76175 -7.72545462 -0.56377962 -4.97339993 0.24600568 -0.93897970 -0.19227900 0.14431604
1463226084.85654 -7.74708958 -0.56070191 -5.05075434 0.25301507 -0.94287553 -0.17951295 0.12142575
1463226084.99904 -7.77596789 -0.56271889 -5.16638016 0.25703452 -0.94508170 -0.17353178 0.10315312
1463226085.14152 -7.80924536 -0.55549265 -5.27722279 0.24606365 -0.95029926 -0.15728266 0.10791737
1463226085.28648 -7.84123854 -0.53794273 -5.39107975 0.24566810 -0.95404323 -0.13653299 0.10395882
1463226085.47303 -7.87862425 -0.52742590 -5.55054247 0.23444206 -0.95839906 -0.11303397 0.11718141
1463226085.66440 -7.90416849 -0.52562784 -5.70632976 0.22060242 -0.96248561 -0.10714783 0.11608342
1463226085.85229 -7.93218749 -0.50895034 -5.85694456 0.22110450 -0.96623217 -0.09156124 0.09552347
1463226086.08968 -7.95613875 -0.48418045 -6.03558150 0.20678023 -0.97339191 -0.07884114 0.05944919
1463226086.32663 -7.98485647 -0.42545862 -6.20053425 0.19491607 -0.97579564 -0.09509247 0.02807152
1463226086.56413 -8.03547680 -0.29851373 -6.35531789 0.20803582 -0.96811756 -0.13859470 0.01615535
1463226086.80076 -8.08241557 -0.19649903 -6.50310731 0.21467488 -0.96326302 -0.16133785 0.00302432
1463226086.99033 -8.12671624 -0.09635344 -6.61211479 0.22055442 -0.95574041 -0.19378899 -0.01902204
1463226087.13264 -8.15206572 -0.04065313 -6.69966177 0.22963357 -0.94854059 -0.21142067 -0.05329607
1463226087.27727 -8.16961468 0.00136795 -6.78695072 0.23755299 -0.93765808 -0.24093078 -0.07948745
1463226087.41713 -8.18338080 0.05086033 -6.86185494 0.24576445 -0.92566533 -0.26978063 -0.09980954
1463226087.60709 -8.20451953 0.13560923 -6.97213815 0.26349838 -0.91948295 -0.26455656 -0.12300221
1463226087.75209 -8.20469723 0.18666792 -7.06942448 0.26399641 -0.91899085 -0.25726404 -0.13991761
1463226087.89161 -8.19852471 0.21945365 -7.15976869 0.25696200 -0.91567187 -0.26747952 -0.15482334
1463226088.03565 -8.19911383 0.25912511 -7.25297371 0.23633433 -0.92097080 -0.26547529 -0.15962998
1463226088.17607 -8.20510229 0.30162858 -7.35783568 0.22586451 -0.92869649 -0.24641150 -0.16059085
1463226088.27353 -8.20313625 0.31864804 -7.43273870 0.21662458 -0.93297162 -0.23174334 -0.17009636
1463226088.36564 -8.19577802 0.32707461 -7.50905453 0.21728538 -0.93318734 -0.21809564 -0.18542586
1463226088.51184 -8.18738008 0.33516042 -7.61695204 0.21279672 -0.93736824 -0.20524934 -0.18420384
1463226088.69752 -8.17573931 0.37071092 -7.76284381 0.20207475 -0.94149909 -0.19772040 -0.18344457
1463226088.88718 -8.15947985 0.40410508 -7.91760553 0.20283247 -0.94140832 -0.21227759 -0.16597465
1463226089.03120 -8.14105674 0.41348105 -8.03350124 0.17629190 -0.94580805 -0.21839928 -0.16330967
1463226089.17240 -8.12611619 0.42856153 -8.14725635 0.15607819 -0.95351020 -0.20468744 -0.15671932
1463226089.31383 -8.12671429 0.44861999 -8.25619103 0.14978921 -0.96205306 -0.17558909 -0.14555265
1463226089.50400 -8.11849700 0.46978164 -8.39276049 0.13453246 -0.96007263 -0.18262674 -0.16373463
1463226089.69557 -8.09553120 0.48752810 -8.52901791 0.13333854 -0.96098199 -0.16444463 -0.17802363
1463226089.88307 -8.07616162 0.53645504 -8.65161473 0.13143928 -0.96384332 -0.12673966 -0.19407946
1463226090.16934 -8.04841137 0.65895413 -8.83882054 0.14210938 -0.96192074 -0.09845720 -0.21170637
1463226090.30978 -8.05082094 0.73926300 -8.92042371 0.15948143 -0.95379760 -0.13526188 -0.21573141
1463226090.45224 -8.05775294 0.83731830 -9.00229674 0.15894643 -0.94351107 -0.17907616 -0.22902973
1463226090.64789 -8.05542482 0.94377496 -9.11444381 0.15474666 -0.93113404 -0.22075350 -0.24558250
1463226090.83123 -8.04036599 1.02665222 -9.21639196 0.17085756 -0.91213514 -0.25429856 -0.27230393
1463226091.06843 -8.02968288 1.15034868 -9.34967787 0.18337195 -0.89690330 -0.27465456 -0.29411574
1463226091.25813 -8.01519960 1.23563074 -9.46812965 0.19676088 -0.88846133 -0.28999126 -0.29635568
1463226091.44781 -7.99634950 1.30181830 -9.58924508 0.19151347 -0.88186459 -0.31210231 -0.29703466
1463226091.59016 -7.98085738 1.35727599 -9.69237534 0.18878380 -0.88546571 -0.29096165 -0.30927734
1463226091.73228 -7.95871570 1.39612454 -9.79875611 0.17817502 -0.88937401 -0.26371162 -0.32821292
1463226091.83285 -7.93582621 1.40948630 -9.86870450 0.16896241 -0.88719102 -0.24161574 -0.35491638
1463226091.92205 -7.90921368 1.42476014 -9.93045536 0.17129152 -0.87391335 -0.23049738 -0.39218061
1463226092.11159 -7.86538868 1.48068157 -10.05075321 0.16221527 -0.86339924 -0.23018853 -0.41861821
1463226092.25504 -7.82791096 1.52387241 -10.15092409 0.14111492 -0.87418580 -0.20082451 -0.41899317
1463226092.44501 -7.76428342 1.55468079 -10.28934939 0.11551789 -0.87363773 -0.18550043 -0.43474397
1463226092.63331 -7.69664853 1.59036837 -10.42337948 0.09320077 -0.86880970 -0.16230683 -0.45841009
1463226092.87041 -7.62685063 1.64697076 -10.58100487 0.06434112 -0.86372070 -0.13368937 -0.48163671
1463226093.15490 -7.54665853 1.74164103 -10.72987264 0.05896142 -0.83994367 -0.14152628 -0.52056555
1463226093.34458 -7.49778794 1.85944129 -10.81112953 0.08312222 -0.81783891 -0.17874814 -0.54062863
1463226093.58208 -7.42109507 1.97102732 -10.91424153 0.09200812 -0.80087020 -0.19921258 -0.55718558
1463226093.77253 -7.36198482 2.05894609 -10.98520966 0.08723837 -0.77632152 -0.21812060 -0.58492544
1463226093.96834 -7.29912800 2.15419755 -11.06701545 0.07822930 -0.76036277 -0.22123405 -0.60562706
1463226094.10324 -7.24906836 2.19919206 -11.13034226 0.07720406 -0.73890855 -0.21012698 -0.63553154
1463226094.24552 -7.20217883 2.24915370 -11.18319364 0.08899561 -0.71104525 -0.22013899 -0.66184081
1463226094.38799 -7.15778601 2.32089556 -11.23168209 0.10294028 -0.67702590 -0.25147311 -0.68395943
1463226094.52996 -7.09421853 2.37912782 -11.29380171 0.09573554 -0.68292466 -0.22919925 -0.68696166
1463226094.67423 -7.01445926 2.41835611 -11.37010888 0.07484505 -0.69710532 -0.21825019 -0.67882932
1463226094.81500 -6.94101399 2.45392315 -11.44031694 0.07092138 -0.68119900 -0.21865712 -0.69507348
1463226095.00420 -6.85857717 2.53070978 -11.53588670 0.06479706 -0.68288044 -0.20743125 -0.69745819
1463226095.14836 -6.79909525 2.58334636 -11.61197253 0.04408644 -0.67576203 -0.20783046 -0.70583891
1463226095.24261 -6.75271941 2.60700376 -11.65876187 0.03885664 -0.64528182 -0.19344786 -0.73802402
1463226095.38549 -6.69123701 2.64462070 -11.72945156 0.04146450 -0.62085946 -0.19239558 -0.75881366
1463226095.47836 -6.65201404 2.67830132 -11.77131068 0.04000850 -0.60721532 -0.19101700 -0.77019567
1463226095.62261 -6.59198970 2.74187060 -11.83764503 0.05095360 -0.60040488 -0.18506629 -0.77631706
1463226095.76294 -6.51850182 2.79343428 -11.90412643 0.05469563 -0.59089096 -0.17750169 -0.78507924
1463226095.90523 -6.44435212 2.82459133 -11.96954794 0.03605661 -0.58408699 -0.17806251 -0.79109800
1463226096.04738 -6.37592575 2.86495293 -12.02850535 0.00703805 -0.57407146 -0.17074538 -0.80077365
1463226096.18972 -6.31405375 2.92216256 -12.08728335 -0.01086208 -0.55547713 -0.15881268 -0.81615299
1463226096.33506 -6.25081225 2.97020490 -12.14717569 -0.02004254 -0.52177539 -0.16143224 -0.83742962
1463226096.42675 -6.20514045 2.99145885 -12.18543999 -0.04095109 -0.50476427 -0.15109317 -0.84894458
1463226096.57138 -6.14134762 3.03393804 -12.23668973 -0.03661206 -0.46651693 -0.15088161 -0.87077911
1463226096.71133 -6.07495795 3.09527051 -12.27981570 -0.04115251 -0.43583685 -0.14260159 -0.88770350
1463226096.85469 -5.99745193 3.15218286 -12.32780140 -0.05152916 -0.42315687 -0.12813996 -0.89546812
1463226096.99585 -5.91810163 3.18629359 -12.37956639 -0.07669425 -0.40220605 -0.12539632 -0.90367253
1463226097.13857 -5.84651080 3.22908689 -12.43250017 -0.07120002 -0.37170404 -0.13014430 -0.91642191
1463226097.28346 -5.77536206 3.29084629 -12.48941436 -0.07404882 -0.37255705 -0.12022672 -0.91720421
1463226097.42263 -5.70410593 3.34702237 -12.54522462 -0.08972989 -0.34500974 -0.11610374 -0.92705812
1463226097.51951 -5.65489430 3.37115372 -12.58148566 -0.10331806 -0.31439840 -0.10715223 -0.93754862
1463226097.65971 -5.58213523 3.40703784 -12.63343332 -0.10850368 -0.28130439 -0.10038077 -0.94816586
1463226097.80369 -5.51285276 3.46319752 -12.67806730 -0.11069204 -0.25566911 -0.09887058 -0.95530372
1463226097.94428 -5.43597072 3.53364806 -12.71935958 -0.09378296 -0.23938904 -0.08219264 -0.96288214
1463226098.03900 -5.38378620 3.57225913 -12.74903726 -0.06769571 -0.22107388 -0.08791105 -0.96892481
1463226098.13392 -5.32455192 3.59505674 -12.78280037 -0.08894852 -0.22540414 -0.08902435 -0.96610341
1463226098.27610 -5.23839331 3.63231328 -12.83311348 -0.10835692 -0.23017849 -0.08770636 -0.96311175
1463226098.41850 -5.15985517 3.69275840 -12.87897722 -0.10788232 -0.22144619 -0.07630064 -0.96617866
1463226098.56116 -5.08200137 3.75447586 -12.92852698 -0.09506083 -0.20418961 -0.08449316 -0.97063430
1463226098.70636 -4.99912768 3.79247801 -12.97874253 -0.09714075 -0.19130210 -0.08286563 -0.97319087
1463226098.84831 -4.91573911 3.83337262 -13.02204184 -0.09833692 -0.19504063 -0.09139518 -0.97156365
1463226098.98746 -4.83436180 3.89566747 -13.05142735 -0.09653495 -0.19273852 -0.08826854 -0.97249243
1463226099.08226 -4.77616614 3.93907158 -13.06354129 -0.07802382 -0.17488640 -0.07194070 -0.97885217
1463226099.22459 -4.68295189 3.98071070 -13.08970631 -0.09207666 -0.16754320 -0.07317476 -0.97882410
1463226099.36683 -4.58917689 4.00824364 -13.12267173 -0.10492715 -0.15634693 -0.08100378 -0.97876673
1463226099.50897 -4.49723528 4.05036968 -13.15928105 -0.11793751 -0.16987486 -0.07573197 -0.97544756
1463226099.65320 -4.40738516 4.11169083 -13.19142639 -0.11561548 -0.16299117 -0.05943876 -0.97802555
1463226099.79352 -4.31559291 4.15774611 -13.22709082 -0.11405331 -0.14056481 -0.05814140 -0.98176013
1463226099.93579 -4.22825946 4.18921743 -13.26221960 -0.13050049 -0.11206720 -0.05141365 -0.98375160
1463226100.07809 -4.14199855 4.23446747 -13.28947309 -0.14454771 -0.10653315 -0.04947319 -0.98250142
1463226100.22369 -4.05460175 4.29596904 -13.30318790 -0.13652587 -0.08973623 -0.03327108 -0.98600260
1463226100.36581 -3.95756149 4.34638951 -13.31601418 -0.10897767 -0.06387201 -0.02674227 -0.99162951
1463226100.50748 -3.85622032 4.37127665 -13.34218856 -0.12452436 -0.07059648 -0.03127728 -0.98920754
1463226100.64718 -3.75735400 4.40178292 -13.36468896 -0.15356020 -0.07907113 -0.01939564 -0.98477958
1463226100.78928 -3.66280934 4.45119075 -13.37915786 -0.17154790 -0.07365068 -0.00585628 -0.98240145
1463226100.93162 -3.56975241 4.49206137 -13.39020891 -0.16476268 -0.03349823 -0.01012979 -0.98571219
1463226101.02637 -3.50927771 4.50268838 -13.39866586 -0.20596740 -0.01980613 -0.00793585 -0.97832621
1463226101.16876 -3.42064906 4.53520065 -13.40676734 -0.18576816 0.00667252 -0.00967296 -0.98252333
1463226101.31352 -3.33136103 4.58897900 -13.40250199 -0.18523883 0.02621181 -0.00379748 -0.98233655
1463226101.45322 -3.23559638 4.64077423 -13.39062194 -0.17570944 0.05232029 0.00353623 -0.98304439
1463226101.59578 -3.13107976 4.66725232 -13.38892832 -0.17768223 0.06649914 0.00489411 -0.98182633
1463226101.73792 -3.02469325 4.69133136 -13.39124255 -0.18883588 0.06327136 -0.00005693 -0.97996824
1463226101.88095 -2.92241912 4.73944231 -13.38701521 -0.19543686 0.06584467 0.00667564 -0.97848063
1463226102.02224 -2.82403103 4.78635067 -13.37998704 -0.19189786 0.09497010 0.00354653 -0.97680260
1463226102.16581 -2.72719932 4.80487130 -13.38162605 -0.21358026 0.11626061 0.00373508 -0.96997577
1463226102.30681 -2.63193742 4.82768679 -13.37900397 -0.20233713 0.13266017 0.00488269 -0.97027683
1463226102.44903 -2.53065570 4.86925545 -13.36266544 -0.20959649 0.12596388 0.01554194 -0.96951579
1463226102.59129 -2.42211088 4.91018903 -13.34324226 -0.20540157 0.12520491 0.02418659 -0.97033444
1463226102.73550 -2.31077949 4.92634754 -13.33158221 -0.20538620 0.12745216 0.01941090 -0.97015240
1463226102.82863 -2.23819577 4.93542534 -13.32737101 -0.21354890 0.11892727 0.00751716 -0.96963739
1463226102.97060 -2.13672875 4.97020335 -13.31779750 -0.21911161 0.11474177 0.01006313 -0.96887727
1463226103.11446 -2.03398199 5.01379337 -13.31174269 -0.21321140 0.12455717 0.02336025 -0.96875214
1463226103.20778 -1.97210793 5.03127525 -13.31226588 -0.22296005 0.15553431 0.03554425 -0.96168316
1463226103.30269 -1.90856611 5.03999411 -13.31382252 -0.25357224 0.16861632 0.03773599 -0.95175924
1463226103.44707 -1.81413244 5.06449353 -13.31150677 -0.24338027 0.18341740 0.03428380 -0.95181339
1463226103.58747 -1.72053733 5.10441525 -13.29456112 -0.24796002 0.18418797 0.03251966 -0.95054358
1463226103.72938 -1.62111917 5.14404047 -13.26777418 -0.24298923 0.19252637 0.04057630 -0.94986494
1463226103.87155 -1.51191766 5.16309385 -13.24656770 -0.23612067 0.18838890 0.04010743 -0.95244320
1463226104.01522 -1.40598087 5.17718005 -13.22982123 -0.24162522 0.18816475 0.02918446 -0.95150384
1463226104.15738 -1.30279504 5.21267338 -13.20662976 -0.23932094 0.17487254 0.02485477 -0.95473940
1463226104.29850 -1.19486720 5.25037880 -13.18179545 -0.23992996 0.17400669 0.02241796 -0.95480507
1463226104.44071 -1.09032096 5.26512245 -13.16421059 -0.25788333 0.17514224 0.00716585 -0.95014211
1463226104.53550 -1.02462390 5.27367589 -13.15139563 -0.23857541 0.19005227 0.01495621 -0.95222803
1463226104.67768 -0.92221294 5.30083564 -13.12596133 -0.23141505 0.18892577 0.01348478 -0.95423911
1463226104.77273 -0.85135065 5.33102563 -13.09977387 -0.22267836 0.17048133 0.01316472 -0.95977974
1463226104.87018 -0.78139765 5.35762628 -13.06836691 -0.21075793 0.16196076 0.02430717 -0.96372142
1463226104.96235 -0.70958721 5.37361781 -13.04073992 -0.18895920 0.15633893 0.03367458 -0.96887491
1463226105.05717 -0.63810429 5.37659800 -13.01810247 -0.20377346 0.14627514 0.02422803 -0.96772567
1463226105.15253 -0.56831402 5.38298146 -12.99547328 -0.18695225 0.14278385 0.00769831 -0.97190656
1463226105.24671 -0.50304411 5.39648510 -12.96903880 -0.17792629 0.12685225 -0.00123540 -0.97583258
1463226105.34356 -0.43697718 5.41427341 -12.93949131 -0.16868895 0.11332348 0.00377592 -0.97912592
1463226105.48623 -0.34024450 5.43418181 -12.89468644 -0.16724253 0.11616236 0.00426573 -0.97903935
1463226105.58077 -0.28075830 5.43768859 -12.87067645 -0.15915314 0.13435453 0.00094967 -0.97806863
1463226105.72095 -0.19221683 5.43474873 -12.83058644 -0.16087910 0.12823141 -0.01690897 -0.97846242
1463226105.86325 -0.10537456 5.44349605 -12.77460338 -0.15899356 0.10852422 -0.02640754 -0.98094148
1463226105.95889 -0.05411678 5.45393725 -12.73347803 -0.15368020 0.09369308 -0.02556093 -0.98333648
1463226106.05526 0.00198646 5.45819395 -12.68575302 -0.14526587 0.06999814 -0.02674699 -0.98655090
1463226106.14812 0.05640373 5.45477934 -12.63899001 -0.12711889 0.06411199 -0.03049723 -0.98934340
1463226106.24271 0.10936745 5.44016139 -12.59663030 -0.13896134 0.05036459 -0.05380302 -0.98755171
1463226106.38497 0.18065128 5.42453113 -12.52558080 -0.12422578 0.04549068 -0.06294374 -0.98921011
1463226106.52921 0.24524847 5.42023344 -12.44704830 -0.11051544 0.02425447 -0.06214807 -0.99163283
1463226106.66936 0.31248128 5.40843775 -12.36413335 -0.13118719 0.00624340 -0.07137676 -0.98876504
1463226106.85977 0.39664013 5.37628531 -12.26859542 -0.12420731 0.01384947 -0.05986546 -0.99035189
1463226107.09611 0.48539366 5.35470331 -12.12906524 -0.11210964 0.02431321 -0.05291803 -0.99198789
1463226107.28841 0.53330519 5.32986466 -12.00751944 -0.11707652 0.03518164 -0.03103975 -0.99201405
1463226107.47833 0.57600653 5.27387945 -11.90032292 -0.12316377 0.05993439 -0.03089806 -0.99009286
1463226107.71612 0.61540706 5.22052786 -11.76045160 -0.13874109 0.08845171 -0.01154190 -0.98630319
1463226107.90232 0.64483961 5.17258217 -11.64268067 -0.17012608 0.11634376 -0.01238097 -0.97845182
1463226108.09239 0.67284482 5.11390644 -11.53278350 -0.16596591 0.14918614 -0.00509219 -0.97476812
1463226108.32908 0.68902471 5.06481662 -11.37274760 -0.16145774 0.14919955 -0.00344579 -0.97553012
1463226108.51861 0.69256101 5.00939968 -11.23331842 -0.18164409 0.13860052 -0.00392656 -0.97353988
1463226108.70847 0.69569201 4.93852642 -11.11201370 -0.18479372 0.13732842 -0.01575189 -0.97300774
1463226108.89814 0.68676096 4.88282430 -10.98877375 -0.19815783 0.15150998 -0.00458082 -0.96837865
1463226109.08766 0.67004197 4.83387169 -10.85142933 -0.20625384 0.16013935 -0.00263279 -0.96530193
1463226109.23004 0.65361679 4.78178983 -10.76715330 -0.20692355 0.18146602 0.00530675 -0.96136599
1463226109.37519 0.63194136 4.73504215 -10.68566059 -0.21313130 0.19909364 0.00413907 -0.95651432
1463226109.51442 0.60432434 4.69797217 -10.59275170 -0.22591184 0.20155376 0.01400914 -0.95296572
1463226109.61161 0.59224567 4.66993469 -10.52616648 -0.24870198 0.17934681 0.01598415 -0.95169667
1463226109.70419 0.58045814 4.64027990 -10.45948794 -0.25775893 0.16076015 0.01340824 -0.95264722
1463226109.79907 0.57434115 4.60350827 -10.39562250 -0.26470641 0.13557681 0.00462539 -0.95473978
1463226109.98869 0.55461363 4.54792514 -10.28011706 -0.23031886 0.14490543 0.01137465 -0.96219866
1463226110.17880 0.52699275 4.51681123 -10.14691751 -0.21127020 0.14062327 0.01251914 -0.96717799
1463226110.36806 0.51642386 4.45999966 -10.02188402 -0.19788241 0.13142748 0.00994192 -0.97132411
1463226110.55947 0.51456732 4.38696817 -9.92144975 -0.19918235 0.11579772 0.00228873 -0.97309406
1463226110.65553 0.52333736 4.35695206 -9.86918129 -0.19739366 0.07007238 0.03946910 -0.97701985
1463226110.79731 0.53501061 4.31988941 -9.77994661 -0.19371668 0.02160802 0.07421868 -0.97800743
1463226110.88976 0.53929613 4.29011312 -9.72324827 -0.20805983 0.00598076 0.09387577 -0.97358239
1463226111.03396 0.53649927 4.24413040 -9.63933753 -0.21159067 0.02782899 0.11987562 -0.96957969
1463226111.17429 0.53950953 4.20138869 -9.56159685 -0.20226790 0.01522490 0.13576304 -0.96975476
1463226111.36387 0.53200057 4.17128674 -9.44612982 -0.20392165 0.02880249 0.20297041 -0.95728229
1463226111.55372 0.54239214 4.14078713 -9.31959202 -0.18770202 0.03371285 0.25744872 -0.94728641
1463226111.64833 0.55002080 4.11262506 -9.26664399 -0.19024670 0.04296619 0.25996995 -0.94571440
1463226111.74512 0.55228056 4.08466123 -9.21800581 -0.19261498 0.06066513 0.25570058 -0.94542923
1463226111.83800 0.55122917 4.06301390 -9.16470308 -0.19190173 0.07891806 0.25503904 -0.94440498
1463226111.93286 0.54937049 4.04705355 -9.10673307 -0.19366352 0.09416298 0.24665286 -0.94487573
1463226112.02864 0.55068549 4.02669623 -9.04246819 -0.20160807 0.08644433 0.25289053 -0.94229929
1463226112.12269 0.55488575 3.99889148 -8.98102287 -0.19812028 0.08345246 0.25493534 -0.94275767
1463226112.21947 0.56275583 3.96300576 -8.92970160 -0.20216036 0.08488548 0.23234940 -0.94759664
1463226112.31222 0.57605654 3.92641365 -8.88045679 -0.21031797 0.08055471 0.22107370 -0.94889605
1463226112.40786 0.58904085 3.89973965 -8.83038213 -0.21583388 0.08626516 0.20220007 -0.95136175
1463226112.54936 0.60677182 3.88408925 -8.74059086 -0.21312885 0.09599938 0.20258024 -0.95095818
1463226112.64429 0.62448269 3.87735989 -8.67193698 -0.20766992 0.09644656 0.20657273 -0.95126178
1463226112.74193 0.64920076 3.85976792 -8.60723937 -0.20878762 0.09254586 0.20319672 -0.95213134
1463226112.83386 0.67371275 3.83623528 -8.55156162 -0.20900891 0.10262236 0.20398713 -0.95088021
1463226112.97630 0.70309475 3.79808060 -8.47816204 -0.20573549 0.11016129 0.20774292 -0.94993699
1463226113.11836 0.71872428 3.76977590 -8.40064764 -0.21500378 0.13029258 0.19439587 -0.94816004
1463226113.26076 0.72907967 3.75642941 -8.30337700 -0.20468622 0.13230312 0.21009977 -0.94681441
1463226113.35552 0.73682958 3.73781616 -8.23445025 -0.20665510 0.12802641 0.22600829 -0.94330438
1463226113.45031 0.75200198 3.70521797 -8.16874905 -0.21005874 0.11431673 0.23109363 -0.94308152
1463226113.54517 0.77111737 3.67022438 -8.11272074 -0.22270309 0.09526358 0.22492653 -0.94378824
1463226113.64319 0.79010936 3.64373032 -8.05895118 -0.20630069 0.08852879 0.21773173 -0.94983976
1463226113.73486 0.80673314 3.62514403 -7.99978436 -0.19777216 0.07355403 0.20865856 -0.95495423
1463226113.82972 0.81786493 3.61762204 -7.93291925 -0.18970108 0.06344252 0.21551612 -0.95579357
1463226113.92464 0.83031521 3.60460736 -7.86217449 -0.19196359 0.04232617 0.21986750 -0.95551910
1463226114.02087 0.84261153 3.57967017 -7.79140882 -0.18995823 0.02889251 0.23785413 -0.95210635
1463226114.11583 0.84929135 3.54678525 -7.72951706 -0.19697844 0.04114677 0.25751216 -0.94508937
1463226114.20913 0.85035260 3.51527397 -7.67677222 -0.18620131 0.05322691 0.28940518 -0.93741165
1463226114.35123 0.84657336 3.47982627 -7.59699052 -0.18703755 0.07636783 0.30427864 -0.93091322
1463226114.49352 0.84523861 3.46539382 -7.50204623 -0.16348978 0.07467625 0.33255242 -0.92579881
1463226114.58870 0.84473040 3.44997553 -7.43368620 -0.15931413 0.07276698 0.33856494 -0.92449865
1463226114.68308 0.85388990 3.42366566 -7.36084146 -0.13756834 0.05210350 0.34065580 -0.92860853
1463226114.77798 0.86248410 3.39136479 -7.30130074 -0.14035035 0.04246245 0.32637123 -0.93379898
1463226114.87290 0.86729727 3.36759305 -7.24714862 -0.12143916 0.05766156 0.32539957 -0.93597158
1463226114.96817 0.86950061 3.34890555 -7.19192140 -0.10290108 0.06753270 0.31646039 -0.94058680
1463226115.06317 0.86761773 3.33333629 -7.13157944 -0.10631710 0.07182522 0.30847552 -0.94253948
1463226115.15737 0.86452374 3.31848059 -7.06553890 -0.10698474 0.07474426 0.31353517 -0.94056539
1463226115.25238 0.86329670 3.29447634 -6.99792884 -0.11650983 0.07722001 0.31539132 -0.93861112
1463226115.35028 0.86116870 3.25785647 -6.93548628 -0.14166179 0.09165134 0.31366182 -0.93442401
1463226115.44194 0.85611495 3.21866735 -6.88310210 -0.16249968 0.09840325 0.30252180 -0.93401885
1463226115.53862 0.84548491 3.18354892 -6.83621801 -0.16876213 0.11879065 0.28895893 -0.93483200
1463226115.63155 0.83101409 3.15830564 -6.78606732 -0.17308057 0.14229302 0.28620085 -0.93160340
1463226115.72636 0.81632371 3.13764629 -6.73031475 -0.18780724 0.16165177 0.28300457 -0.92655575
1463226115.82139 0.80462860 3.11696526 -6.66857386 -0.20442309 0.17055339 0.28383615 -0.92117305
1463226115.91615 0.79614442 3.08671208 -6.60543379 -0.21061868 0.17880319 0.28544055 -0.91771067
1463226116.01201 0.79185568 3.04758393 -6.54899221 -0.22316155 0.18572076 0.27096077 -0.91776194
1463226116.10576 0.78951635 3.01033531 -6.49646313 -0.22444812 0.19545636 0.26963524 -0.91581477
1463226116.20062 0.78680918 2.97811998 -6.44347122 -0.23017009 0.20478823 0.24547141 -0.91914487
1463226116.29542 0.77991160 2.95610604 -6.38455006 -0.24196843 0.21634504 0.24635821 -0.91321068
1463226116.39030 0.77397801 2.93824436 -6.32056902 -0.25594561 0.22241276 0.24211922 -0.90906694
1463226116.48891 0.76909666 2.91748432 -6.26062451 -0.26260503 0.24152771 0.25313958 -0.89923485
1463226116.57997 0.76853219 2.88607421 -6.20848279 -0.26965859 0.26587590 0.22997621 -0.89649607
1463226116.67684 0.76821635 2.85529068 -6.16087174 -0.27336692 0.28279170 0.25237073 -0.88408619
1463226116.76980 0.76616331 2.82759151 -6.11499222 -0.27445213 0.30308000 0.25466041 -0.87633705
1463226116.86467 0.76063372 2.80905784 -6.06579256 -0.28097514 0.32054377 0.26168408 -0.86592500
1463226116.95934 0.75146067 2.79543406 -6.01123763 -0.29875294 0.33782097 0.27084877 -0.85044966
1463226117.05412 0.74404343 2.77835427 -5.95139023 -0.31240947 0.34665751 0.27524981 -0.84051558
1463226117.14956 0.73972478 2.75534781 -5.88994585 -0.31992909 0.35627596 0.28313904 -0.83099043
1463226117.24677 0.74212724 2.72402180 -5.83646501 -0.32548668 0.37778286 0.25423108 -0.82867671
1463226117.33941 0.74951520 2.69942634 -5.78063718 -0.30926671 0.38879867 0.26569747 -0.82619281
1463226117.43357 0.75568387 2.68030453 -5.72578415 -0.30742725 0.39857007 0.26279645 -0.82314544
1463226117.52836 0.76346469 2.66650699 -5.66526645 -0.31535624 0.40525328 0.27277838 -0.81357985
1463226117.62330 0.77522483 2.65038093 -5.60216390 -0.33328723 0.40571948 0.26485035 -0.80880505
1463226117.71805 0.79255480 2.62992849 -5.54104164 -0.34419867 0.41139571 0.26516354 -0.80122976
1463226117.81290 0.81406578 2.60443172 -5.48325761 -0.34137175 0.41684425 0.26612190 -0.79930303
1463226117.90770 0.83479913 2.57754749 -5.42940670 -0.34077607 0.41952628 0.27630010 -0.79468713
1463226118.00487 0.85305460 2.55378462 -5.37658074 -0.33984899 0.42713527 0.26543159 -0.79473530
1463226118.09745 0.86806349 2.53824868 -5.31719882 -0.33819853 0.43682901 0.25170378 -0.79463663
1463226118.19235 0.88124410 2.52958698 -5.25316757 -0.33443336 0.43371478 0.25446347 -0.79705342
1463226118.28720 0.89670204 2.51768810 -5.18040204 -0.33788477 0.42018068 0.26102965 -0.80071568
1463226118.38480 0.91634995 2.49899822 -5.10544551 -0.33404512 0.40281794 0.27991745 -0.80485886
1463226118.47664 0.94400746 2.47196198 -5.03800267 -0.33078484 0.39111792 0.26022794 -0.81846783
1463226118.57150 0.97459141 2.44728438 -4.97294247 -0.31529482 0.37746954 0.25512096 -0.83247776
1463226118.66642 1.00419108 2.42822852 -4.90717715 -0.30490673 0.36722591 0.24341674 -0.84434905
1463226118.76193 1.03461412 2.41640103 -4.83880286 -0.30464388 0.35944115 0.23735991 -0.84950247
1463226118.85833 1.06649856 2.41103482 -4.76483130 -0.30773450 0.34243054 0.24418632 -0.85347164
1463226118.95379 1.10527195 2.40101868 -4.69386873 -0.31921799 0.33122621 0.24230136 -0.85421257
1463226119.04576 1.14693366 2.38583935 -4.62747384 -0.32273379 0.32349835 0.23063244 -0.85906950
1463226119.14066 1.19126761 2.37208364 -4.56128708 -0.29573750 0.30943519 0.24180120 -0.87081650
1463226119.23543 1.23288265 2.35960447 -4.49985707 -0.28262542 0.30813235 0.23495052 -0.87748253
1463226119.33225 1.27297353 2.35543496 -4.43386496 -0.27041127 0.29840040 0.23029244 -0.88588958
1463226119.42511 1.31126844 2.35655554 -4.36319718 -0.26765848 0.28503278 0.23310610 -0.89038014
1463226119.51988 1.35172782 2.35484105 -4.29407537 -0.27302245 0.26570098 0.23763958 -0.89352625
1463226119.61477 1.40045865 2.34402259 -4.22501632 -0.25962408 0.24977543 0.25108889 -0.89842192
1463226119.70963 1.45158413 2.32559904 -4.16736631 -0.25642014 0.23962088 0.23371054 -0.90675792
1463226119.80747 1.50225101 2.30928471 -4.11076122 -0.24350270 0.22827443 0.22539368 -0.91531137
1463226119.89942 1.54946397 2.30119910 -4.04857153 -0.23936412 0.21622259 0.22065942 -0.92046837
1463226120.04509 1.61838393 2.29695012 -3.95101970 -0.25207912 0.20643024 0.21515129 -0.92062620
1463226120.18420 1.69195904 2.28767154 -3.86131916 -0.23170525 0.20061115 0.23547412 -0.92229051
1463226120.32615 1.75989141 2.26426772 -3.77778062 -0.22260390 0.19606786 0.23389909 -0.92590286
1463226120.46837 1.81642590 2.24955071 -3.69255569 -0.20826780 0.20166392 0.23069013 -0.92883704
1463226120.61068 1.86258236 2.24299760 -3.59320904 -0.19821502 0.18492119 0.24145163 -0.93178113
1463226120.75529 1.90154984 2.22206733 -3.49719854 -0.20500181 0.18260282 0.25892800 -0.92605980
1463226120.84770 1.92686821 2.19683002 -3.43977640 -0.21553621 0.18603990 0.24526874 -0.92670197
1463226120.99001 1.96012084 2.16613753 -3.35239578 -0.19757723 0.19122251 0.23870867 -0.93135136
1463226121.13409 1.98448976 2.14395225 -3.25768516 -0.20483384 0.19879146 0.23748793 -0.92850662
1463226121.27458 2.00835475 2.11637111 -3.15832747 -0.22087939 0.19484588 0.24239289 -0.92438794
1463226121.41677 2.02661335 2.07058089 -3.07214713 -0.23273786 0.21398148 0.24270196 -0.91713727
1463226121.55886 2.03219793 2.02681940 -2.99327523 -0.24046409 0.24750554 0.22886463 -0.91024118
1463226121.70359 2.02637037 1.99979373 -2.90037883 -0.24539338 0.26288723 0.22934673 -0.90447359
1463226121.79605 2.01790718 1.98390052 -2.83098270 -0.24302076 0.25884359 0.26000757 -0.89796268
1463226121.94017 2.00608547 1.93822050 -2.73239712 -0.24201956 0.25350752 0.26955531 -0.89693947
1463226122.03332 2.00064627 1.89796730 -2.67503221 -0.25243466 0.25406639 0.25323377 -0.89866549
1463226122.17745 1.99354090 1.84640629 -2.59444814 -0.25012719 0.25826456 0.23477688 -0.90311440
1463226122.31770 1.97767017 1.81222130 -2.50754683 -0.25704657 0.25851796 0.23932896 -0.89989842
1463226122.45996 1.95690619 1.77976636 -2.40950146 -0.26737514 0.26192297 0.25720594 -0.89092761
1463226122.60229 1.94135608 1.73193772 -2.32127921 -0.26936839 0.27237740 0.25436517 -0.88800314
1463226122.74462 1.92242177 1.68495966 -2.25118534 -0.25582845 0.29046297 0.26327306 -0.88366869
1463226122.88949 1.89329267 1.64831242 -2.17871316 -0.25252508 0.31212593 0.25991986 -0.87820849
1463226123.03138 1.85480300 1.61768756 -2.09550301 -0.26208064 0.31231270 0.26575387 -0.87358422
1463226123.12376 1.82783437 1.58693380 -2.03783515 -0.27786349 0.29847060 0.27626951 -0.87027716
1463226123.21857 1.80370263 1.54662721 -1.98257267 -0.28039850 0.29140818 0.27135583 -0.87339794
1463226123.31660 1.77987431 1.50738664 -1.93361754 -0.27981512 0.28797669 0.27653889 -0.87309746
1463226123.45926 1.73759814 1.46121280 -1.86464206 -0.27386500 0.29800041 0.28163168 -0.86998697
1463226123.60020 1.68581457 1.42252022 -1.78710840 -0.28762495 0.29746886 0.28514916 -0.86456586
1463226123.69291 1.64988728 1.38973558 -1.73467060 -0.29804692 0.29510759 0.27595655 -0.86482803
1463226123.78790 1.61349024 1.34739783 -1.68565237 -0.30986024 0.30202778 0.26827592 -0.86069384
1463226123.88328 1.57766397 1.30234624 -1.64071316 -0.32018528 0.30476154 0.25956939 -0.85861838
1463226123.97869 1.53911431 1.26355175 -1.60027290 -0.32316054 0.32514821 0.25777300 -0.85052865
1463226124.11988 1.47681567 1.21973575 -1.53169458 -0.32187451 0.33068423 0.26089971 -0.84792457
1463226124.26489 1.40196065 1.17944820 -1.45728130 -0.33804240 0.32399327 0.27877409 -0.83847523
1463226124.35688 1.35324154 1.14208685 -1.40357378 -0.34152346 0.30672168 0.27639368 -0.84432818
1463226124.45155 1.30933291 1.09791234 -1.35987340 -0.34940351 0.30286445 0.26284878 -0.84681806
1463226124.54642 1.26770680 1.06036253 -1.31819779 -0.33102320 0.30921595 0.27007212 -0.84962945
1463226124.68961 1.20167724 1.01329634 -1.24982886 -0.32030582 0.31711114 0.26304734 -0.85302450
1463226124.78470 1.15419591 0.98377708 -1.19866639 -0.33099445 0.31496458 0.25042126 -0.85353920
1463226124.92581 1.08715008 0.92901404 -1.12172927 -0.32919683 0.31759264 0.24815861 -0.85392135
1463226125.02259 1.04478928 0.88389597 -1.07754498 -0.33307765 0.32243967 0.23676218 -0.85383582
1463226125.11543 1.00239022 0.84339307 -1.03637389 -0.31859329 0.32908649 0.23682515 -0.85680467
1463226125.21023 0.95693905 0.80925365 -0.99282845 -0.30597331 0.33676077 0.23634746 -0.85855250
1463226125.30514 0.90849807 0.77911902 -0.94683316 -0.30474215 0.33660893 0.22391873 -0.86237292
1463226125.39988 0.85826860 0.74978743 -0.89868223 -0.30010288 0.32802885 0.23582965 -0.86412945
1463226125.49481 0.80909369 0.71408639 -0.85188676 -0.30507925 0.31076234 0.24243238 -0.86693711
1463226125.58973 0.76439715 0.67129717 -0.80642280 -0.30430936 0.29702964 0.23483199 -0.87408418
1463226125.68475 0.72095069 0.63156767 -0.76581509 -0.29618658 0.29814194 0.23442368 -0.87660164
1463226125.77935 0.67884279 0.59665616 -0.72449549 -0.28487348 0.29948208 0.23561503 -0.87956986
1463226125.87687 0.63491096 0.56840468 -0.67836361 -0.27913393 0.29818302 0.23034234 -0.88324036
1463226125.96905 0.58906739 0.54086400 -0.62777281 -0.28239854 0.29640091 0.22017519 -0.88539282
1463226126.11152 0.52442983 0.49015984 -0.55547556 -0.27843456 0.29345477 0.21887191 -0.88794909
1463226126.20604 0.48648610 0.45091828 -0.51500967 -0.27187348 0.29889598 0.20617340 -0.89120061
1463226126.34831 0.42993492 0.39847194 -0.45528522 -0.25134432 0.30736306 0.20379146 -0.89488716
1463226126.49056 0.37115441 0.35487428 -0.39110519 -0.24023900 0.29659587 0.19513720 -0.90345868
1463226126.58545 0.33086845 0.32386138 -0.34770604 -0.24603854 0.28139392 0.19442244 -0.90690816
1463226126.68038 0.29321230 0.28949660 -0.30540129 -0.24545356 0.26422562 0.19458022 -0.91218195
1463226126.77823 0.25974305 0.25340163 -0.26825693 -0.23931851 0.25363492 0.18506587 -0.91877451
1463226126.87002 0.23076753 0.22071072 -0.23285713 -0.23071049 0.24484139 0.18174001 -0.92401079
1463226127.01219 0.19048969 0.18254573 -0.17767334 -0.21265070 0.23699600 0.17472050 -0.93171097
1463226127.15615 0.14996621 0.15319901 -0.11495830 -0.20662670 0.22350008 0.16676310 -0.93783964
1463226127.29722 0.11457813 0.11442828 -0.04846677 -0.20852911 0.20534792 0.15214456 -0.94403383
1463226127.43906 0.08688661 0.06606822 0.00992205 -0.20604443 0.19047153 0.14454413 -0.94888002
1463226127.58352 0.06062640 0.02584451 0.05871114 -0.20151722 0.18142064 0.13237599 -0.95339077
1463226127.72344 0.03035518 -0.00339965 0.10491199 -0.17982323 0.17582209 0.11438380 -0.96107572
1463226127.86933 -0.00316141 -0.02734022 0.15197675 -0.15107848 0.16926707 0.11471259 -0.96714269
1463226128.00797 -0.03863041 -0.05969197 0.20306450 -0.13699769 0.13636704 0.11940789 -0.97384671
1463226128.10370 -0.06126912 -0.08072902 0.23512328 -0.11007352 0.11998434 0.12456173 -0.97876042
1463226128.24506 -0.09340990 -0.11106008 0.27209888 -0.09514657 0.11428336 0.08050784 -0.98559877
1463226128.43490 -0.12902661 -0.12503059 0.31422229 -0.07332325 0.11823962 0.05627398 -0.98867403
1463226128.62445 -0.15785766 -0.12115864 0.34654553 -0.04959851 0.13345912 0.06376878 -0.98775614
1463226128.86163 -0.18365839 -0.11447228 0.37624458 -0.02666413 0.16811759 0.07902665 -0.98223230
1463226129.62023 -0.16730528 -0.10592600 0.43127437 -0.02394603 0.21550720 0.06512701 -0.97403373
1463226129.80990 -0.13928130 -0.09459642 0.42532063 -0.03648587 0.21925202 0.06735423 -0.97265654
1463226129.95216 -0.11010968 -0.07930784 0.41252165 -0.04370154 0.22448393 0.07394430 -0.97068501
1463226130.09460 -0.07453034 -0.06429628 0.39856758 -0.04605078 0.22267098 0.08089860 -0.97043927
1463226130.23806 -0.03567592 -0.05579462 0.38448935 -0.04893078 0.21728392 0.09803199 -0.96993979
1463226130.42644 0.01708781 -0.05190905 0.36950492 -0.05299970 0.20315033 0.11801247 -0.97056377
1463226130.56870 0.05488852 -0.05220001 0.36325363 -0.06234428 0.17481392 0.13413894 -0.97342695
1463226130.71357 0.08958579 -0.05486976 0.36240187 -0.08169487 0.15967965 0.11889444 -0.97657179
1463226130.90053 0.13686259 -0.05480724 0.36187108 -0.09560488 0.13679228 0.12984385 -0.97738844
1463226131.13949 0.17937250 -0.05211766 0.36306039 -0.10594384 0.12916118 0.12501664 -0.97798984
1463226131.42415 0.19760247 -0.06413372 0.36417402 -0.13637716 0.13273471 0.08743116 -0.97782338
1463226131.70804 0.18370708 -0.07433158 0.39205155 -0.13055395 0.11042369 0.02717092 -0.98489797
1463226131.84907 0.16627740 -0.08462369 0.41314308 -0.10769044 0.08254784 -0.02941869 -0.99031468
1463226131.99207 0.14192764 -0.10035763 0.43760934 -0.07637072 0.06302854 -0.06482843 -0.99297140
1463226132.08603 0.13028685 -0.11510776 0.45188915 -0.04864222 0.03900079 -0.08579905 -0.99435979
1463226132.22823 0.11556929 -0.13579323 0.47428399 0.00224556 0.02313670 -0.09927685 -0.99478830
1463226132.37269 0.10742915 -0.15685694 0.49847930 0.04911788 0.01112310 -0.08987980 -0.99467851
1463226132.51365 0.10535826 -0.18201353 0.52588161 0.07141594 0.00020464 -0.10878163 -0.99149699
1463226132.65634 0.10519988 -0.21023333 0.55818878 0.09597689 -0.01499160 -0.12153991 -0.98782171
1463226132.75034 0.10710969 -0.23283683 0.58114939 0.10086292 -0.02106107 -0.12455719 -0.98684781
1463226132.84482 0.11102750 -0.25462097 0.60381419 0.11390914 -0.02213727 -0.13439035 -0.98411071
1463226132.94089 0.11655956 -0.27658519 0.62533452 0.12166051 -0.02489763 -0.14498401 -0.98161014
1463226133.08190 0.12225061 -0.30690261 0.65261085 0.13575887 -0.03196262 -0.15675237 -0.97774057
1463226133.22462 0.12140544 -0.33216994 0.67209350 0.15759670 -0.03851687 -0.15607698 -0.97433039
1463226133.36645 0.10901147 -0.35603292 0.68573224 0.16081810 -0.02700061 -0.15254045 -0.97475121
1463226133.50893 0.08417990 -0.37369366 0.68860548 0.16546512 -0.01220862 -0.14755016 -0.97503907
1463226133.65097 0.04838769 -0.38638705 0.68340294 0.16571757 0.00767431 -0.13890411 -0.97631165
1463226133.79313 0.00906610 -0.39362886 0.67182235 0.14919788 0.01662881 -0.13566400 -0.97931545
1463226133.88802 -0.01765754 -0.39190326 0.66070170 0.13338178 0.02146144 -0.13392694 -0.98173942
1463226133.98303 -0.04447590 -0.38495007 0.64657374 0.12499449 0.03432765 -0.13809270 -0.98190040
1463226134.07772 -0.06997530 -0.37553255 0.62951319 0.10044601 0.04448311 -0.13387865 -0.98489002
1463226134.17250 -0.09372534 -0.35908150 0.60967220 0.08835111 0.05342298 -0.14222468 -0.98443497
1463226134.26731 -0.11712580 -0.33853139 0.58840552 0.08437959 0.06960640 -0.14801752 -0.98291701
1463226134.36220 -0.13701110 -0.31553725 0.56655044 0.07652960 0.08185372 -0.14197113 -0.98350770
1463226134.45925 -0.15142891 -0.28919374 0.54387475 0.06966631 0.09390020 -0.12651489 -0.98504992
1463226134.55189 -0.16085839 -0.25966370 0.52038453 0.06475040 0.10934748 -0.11694319 -0.98497452
1463226134.64678 -0.16403589 -0.23305636 0.49607726 0.04362226 0.12188488 -0.10761025 -0.98572877
1463226134.74159 -0.15998152 -0.20929349 0.47043262 0.01252373 0.13381393 -0.09981684 -0.98588721
1463226134.83652 -0.14912008 -0.18368696 0.44403644 -0.01022180 0.13961683 -0.09462722 -0.98562079
1463226134.93120 -0.13289048 -0.15593334 0.41601939 -0.01196941 0.14490836 -0.09696545 -0.98460957
1463226135.02631 -0.11501884 -0.12943726 0.38796782 -0.01228289 0.15135050 -0.10118214 -0.98321123
1463226135.16825 -0.08907545 -0.09644650 0.34931495 -0.02276718 0.15324173 -0.08842684 -0.98396104
1463226135.31060 -0.06642134 -0.06674252 0.31482542 -0.02688261 0.15929962 -0.07476988 -0.98402765
1463226135.45704 -0.04599778 -0.03852177 0.28572255 -0.03256908 0.16650918 -0.06721431 -0.98320709
1463226135.64262 -0.01472688 -0.00871630 0.25185353 -0.05523950 0.16282229 -0.05665245 -0.98347750
1463226135.78531 0.01211320 0.01444686 0.22281826 -0.06556611 0.15191448 -0.05515453 -0.98467307
1463226135.92888 0.03673591 0.04294924 0.19234586 -0.05474733 0.16156657 -0.05041046 -0.98405171
1463226136.11686 0.06977427 0.07797844 0.16553626 -0.03811810 0.15345037 -0.05636024 -0.98581110
1463226136.30639 0.10454528 0.10019699 0.16268898 -0.01552382 0.13620056 -0.06781838 -0.98823534
1463226136.49912 0.13876984 0.10623232 0.18435099 0.00558834 0.12709634 -0.07805775 -0.98879840
1463226136.63886 0.16434425 0.09663780 0.21061546 -0.00233251 0.11739446 -0.08808455 -0.98916844
1463226136.82829 0.18732828 0.07735985 0.24385877 -0.00452734 0.12794434 -0.08824866 -0.98783699
1463226137.01760 0.19729163 0.04873906 0.27462224 0.00848353 0.12210575 -0.09369881 -0.98804795
1463226137.15998 0.19469320 0.01932564 0.30084114 0.01525715 0.11476141 -0.10268190 -0.98795418
1463226137.44454 0.16364379 -0.05120694 0.36693283 0.00277104 0.12130900 -0.10929768 -0.98657512
1463226137.58670 0.14408712 -0.08533931 0.40693039 -0.01146655 0.12653281 -0.10558727 -0.98626026
1463226137.72910 0.12620804 -0.11787404 0.44283053 -0.01321192 0.12602570 -0.08878703 -0.98795740
1463226138.01349 0.09686101 -0.16310118 0.51068663 0.02953746 0.14105505 -0.08122783 -0.98622160
1463226138.15682 0.08819673 -0.18607581 0.54735844 0.03613344 0.14232426 -0.08278774 -0.98568979
1463226138.29799 0.08304205 -0.21449274 0.58158360 0.05298806 0.14411203 -0.06020834 -0.98630570
1463226138.44029 0.08081107 -0.24682061 0.60882635 0.04365429 0.14152544 -0.06339023 -0.98693796
1463226138.62993 0.06749637 -0.27249948 0.62656970 0.03040747 0.15820245 -0.06448783 -0.98482927
1463226138.81961 0.04529451 -0.28072182 0.61611428 0.00795350 0.18083363 -0.06247886 -0.98149495
1463226138.96189 0.02937905 -0.27264742 0.58984831 -0.00829629 0.18887467 -0.06444198 -0.97984936
1463226139.10429 0.01625001 -0.25158461 0.55045055 -0.01482387 0.19890422 -0.06869116 -0.97749623
1463226139.24632 0.00593468 -0.22272098 0.50108880 -0.01819898 0.20853474 -0.06486906 -0.97569158
1463226139.38899 0.00199517 -0.18874572 0.44862251 -0.01624427 0.21096178 -0.05901453 -0.97557600
1463226139.53113 0.00263180 -0.15255681 0.39918052 -0.00877100 0.21083434 -0.06699229 -0.97518408
1463226139.67319 0.00269917 -0.11972231 0.35312601 -0.00915613 0.21684450 -0.06805976 -0.97378771
1463226139.81542 0.00437093 -0.08920427 0.31095920 -0.02590186 0.22494018 -0.05353376 -0.97255599
1463226139.95974 0.00993728 -0.05666638 0.27346353 -0.03152728 0.23437451 -0.03261244 -0.97108756
1463226140.09982 0.02207709 -0.02588643 0.23629185 -0.03243072 0.23542067 -0.01360922 -0.97125699
1463226140.28963 0.04677182 0.01142676 0.18547866 -0.03410843 0.23236574 -0.01996100 -0.97182526
1463226140.67120 0.09952217 0.08142615 0.07816732 -0.01885645 0.22185999 -0.03331719 -0.97432671
1463226140.90877 0.11713061 0.11460300 0.02778928 -0.01667175 0.21522082 -0.03547763 -0.97577835
1463226141.14489 0.12929948 0.14999834 -0.00535200 -0.01386937 0.19524847 -0.03967842 -0.97985269
1463226141.33289 0.14117681 0.17762168 -0.03043941 -0.00676810 0.17162356 -0.05283728 -0.98372139
1463226141.61727 0.16546574 0.19976737 -0.05288761 -0.02699233 0.15146922 -0.06585605 -0.98589628
