1463227466.69515 0.00000624 -0.00000364 -0.00001072 -0.00000233 -0.00001251 -0.00000570 1.00000000
1463227466.96775 -0.06278262 0.02329714 -0.01144414 -0.02063162 -0.06568002 -0.01916061 0.99744340
1463227467.12865 -0.07986577 0.04673424 -0.00985549 -0.06360755 -0.09096922 -0.01334687 0.99373062
1463227467.32994 -0.07638931 0.07755957 -0.00854819 -0.11784911 -0.10064770 0.00063990 0.98791762
1463227467.49675 -0.05303609 0.10340056 -0.00521675 -0.17832911 -0.10113721 0.00817678 0.97872526
1463227467.66372 -0.01611740 0.12806669 -0.00163141 -0.21509210 -0.09385331 0.02136429 0.97183873
1463227467.79508 0.02590510 0.14560775 0.00499017 -0.22497162 -0.08364853 0.04933839 0.96951349
1463227467.92790 0.07700568 0.16313699 0.01096228 -0.23497691 -0.05662558 0.05875705 0.96856957
1463227468.02801 0.11986634 0.17392423 0.01056199 -0.24530769 -0.02557511 0.06598073 0.96685914
1463227468.12794 0.16191644 0.18354093 0.00344247 -0.26336630 -0.00243425 0.07461405 0.96180300
1463227468.22774 0.20318601 0.19030299 -0.00664961 -0.27176651 0.03712593 0.09455170 0.95698725
1463227468.32772 0.24532113 0.19400400 -0.02101586 -0.27570852 0.07431143 0.12365461 0.95035370
1463227468.42768 0.28487810 0.19182003 -0.03865692 -0.26723640 0.11267321 0.13678662 0.94719527
1463227468.52781 0.32451901 0.18703900 -0.05773043 -0.25583077 0.14724820 0.13524122 0.94582155
1463227468.62762 0.36622435 0.18008122 -0.07732039 -0.24401519 0.18162001 0.14826675 0.94100358
1463227468.72834 0.40658127 0.17211966 -0.09573831 -0.21986886 0.20080164 0.18149576 0.93722765
1463227468.82764 0.44286160 0.16310006 -0.11320846 -0.20411630 0.22654995 0.19756773 0.93165372
1463227468.96113 0.47973199 0.14502008 -0.13438092 -0.17727015 0.25381816 0.20062773 0.92946229
1463227469.09397 0.50546863 0.12225170 -0.15214768 -0.14129181 0.27209171 0.19017496 0.93265010
1463227469.26084 0.51982301 0.08768009 -0.16705769 -0.09742221 0.27967426 0.17869549 0.93827456
1463227469.46062 0.51275259 0.04789288 -0.17160350 -0.06184715 0.27824532 0.13998336 0.94824002
1463227469.66247 0.49028325 0.01653549 -0.16407516 -0.02862282 0.25878301 0.12647299 0.95719208
1463227469.79376 0.46614605 0.00091281 -0.14989087 -0.02490574 0.22529685 0.12068673 0.96646559
1463227469.92999 0.43665280 -0.00977970 -0.13188239 -0.03287066 0.19336073 0.10976207 0.97441441
1463227470.12684 0.38960306 -0.01951258 -0.10674522 -0.03913304 0.17071102 0.08767390 0.98063227
1463227470.29376 0.34802455 -0.02270348 -0.08891750 -0.04418513 0.14724274 0.08271133 0.98464516
1463227470.46023 0.30394847 -0.02253063 -0.06691083 -0.05325194 0.12664300 0.07064368 0.98799557
1463227470.62694 0.25654397 -0.02208307 -0.04551163 -0.05845455 0.09667316 0.07189860 0.99099342
1463227470.79350 0.20736306 -0.02275478 -0.02141844 -0.05903057 0.07115893 0.08157458 0.99236958
1463227470.95998 0.15130130 -0.02495084 0.00170599 -0.05408661 0.04582329 0.06717849 0.99521953
1463227471.09314 0.10503256 -0.02472724 0.02212603 -0.05315035 0.02388020 0.07076487 0.99578969
1463227471.22630 0.05668188 -0.02280773 0.04143050 -0.05298966 -0.01051728 0.07557231 0.99567580
1463227471.39290 -0.00031815 -0.02021821 0.05813527 -0.04757679 -0.03312476 0.06354993 0.99629343
1463227471.55972 -0.05237684 -0.01749747 0.06426602 -0.05393108 -0.06100557 0.06669858 0.99444510
1463227471.72616 -0.10252066 -0.01109261 0.06260031 -0.05316517 -0.07648920 0.07474999 0.99284203
1463227471.89284 -0.14786509 -0.00203467 0.05200414 -0.07071310 -0.10575873 0.08555013 0.98817808
1463227472.12766 -0.19262604 0.02238618 0.04395930 -0.08215732 -0.12434701 0.07829410 0.98572716
1463227472.35953 -0.20873316 0.06266220 0.04145043 -0.11868991 -0.11474602 0.04726597 0.98514567
1463227472.52575 -0.19119982 0.08902996 0.04035428 -0.16156783 -0.09677570 0.06029885 0.98025219
1463227472.66079 -0.16596115 0.10275844 0.04145659 -0.17996745 -0.06820839 0.05330137 0.97985626
1463227472.79222 -0.13236451 0.10813443 0.05068248 -0.17915480 -0.02362121 0.05760562 0.98184886
1463227472.92559 -0.09726361 0.10702130 0.06965015 -0.15164995 0.01758832 0.07875972 0.98513443
1463227473.05875 -0.06207478 0.10509900 0.09508665 -0.12217890 0.04984584 0.07495353 0.98841777
1463227473.29198 -0.01240261 0.10906114 0.13107557 -0.10387473 0.06931137 0.06845670 0.98980789
1463227473.55850 0.03853232 0.12372751 0.17577389 -0.10520333 0.08616103 0.08003985 0.98747261
1463227473.79501 0.07948617 0.14309463 0.23101066 -0.11525417 0.08954187 0.08969980 0.98521707
1463227473.99321 0.11305590 0.15599175 0.28134452 -0.11501087 0.10088012 0.11051738 0.98202933
1463227474.39252 0.13815456 0.17236841 0.30039077 -0.13488481 0.12366950 0.10878807 0.97707579
1463227474.65804 0.12414711 0.16060982 0.26448934 -0.15343965 0.14111102 0.10008751 0.97289591
1463227474.82505 0.10657507 0.14804416 0.22138973 -0.14327314 0.15649747 0.09683605 0.97242179
1463227474.99266 0.08472715 0.13351465 0.17080567 -0.13686410 0.16474594 0.07565592 0.97385994
1463227475.15979 0.06028044 0.11688048 0.12489646 -0.11509030 0.15815589 0.06578041 0.97847528
1463227475.45789 0.03198888 0.09896957 0.06947062 -0.10797526 0.16518996 0.04942627 0.97908665
1463227475.79069 -0.00538259 0.09528696 0.01810513 -0.10525131 0.17264867 0.04383375 0.97836251
1463227476.05733 -0.01973464 0.08836607 -0.03975576 -0.08961062 0.18733424 0.05312529 0.97675663
1463227476.39048 -0.04284639 0.07020978 -0.08268028 -0.05971204 0.16616870 0.05014105 0.98300982
1463227476.75687 -0.09672598 0.06008315 -0.08573721 -0.05959455 0.14994831 0.03986431 0.98609068
1463227476.99231 -0.15468737 0.05691915 -0.08335898 -0.05254445 0.15288854 0.01120442 0.98678196
1463227477.22524 -0.21577817 0.06304496 -0.07288381 -0.07516272 0.13613604 0.02417728 0.98753886
1463227477.35669 -0.26791420 0.06746574 -0.07342836 -0.08281279 0.08952920 0.00905357 0.99249413
1463227477.45672 -0.30353107 0.06736991 -0.08100015 -0.08221582 0.04727823 0.00480346 0.99548092
1463227477.58982 -0.34379802 0.06708002 -0.09441500 -0.08307232 0.00882338 0.01502732 0.99639115
1463227477.75739 -0.39422728 0.06499052 -0.11098297 -0.09391276 -0.03042005 0.03193210 0.99460311
1463227477.88967 -0.43985547 0.06026204 -0.13389251 -0.07878470 -0.06554167 0.02513541 0.99441715
1463227478.12294 -0.50183189 0.05799492 -0.17219258 -0.07561418 -0.07809590 0.02956676 0.99363441
1463227478.32276 -0.56991181 0.05962030 -0.20782793 -0.08065933 -0.08470447 0.02650787 0.99278223
1463227478.45600 -0.62840696 0.06053491 -0.23405883 -0.08490737 -0.10543094 0.02775511 0.99040634
1463227478.58932 -0.69216363 0.06104886 -0.26173995 -0.08296434 -0.13035976 0.03071034 0.98751209
1463227478.72254 -0.75860315 0.06187896 -0.28595351 -0.09089047 -0.14382413 0.03393027 0.98483617
1463227478.85593 -0.82717372 0.06606648 -0.30249425 -0.10433727 -0.14019587 0.03563836 0.98396583
1463227478.98908 -0.89564237 0.06576559 -0.31931974 -0.10001625 -0.14627721 0.02966407 0.98372749
1463227479.12242 -0.96721121 0.06420994 -0.33204706 -0.09688091 -0.14075683 0.02115111 0.98506560
1463227479.25569 -1.03901094 0.06279539 -0.34182798 -0.08900273 -0.13318022 0.02437754 0.98678634
1463227479.38894 -1.10790783 0.06387253 -0.34465890 -0.08761082 -0.10763941 0.03726334 0.98962091
1463227479.48886 -1.15485304 0.06018768 -0.34013392 -0.09463916 -0.07107739 0.04710211 0.99185323
1463227479.62209 -1.22165691 0.05138035 -0.33452176 -0.07935326 -0.04158987 0.05925871 0.99421414
1463227479.75547 -1.29172445 0.04920593 -0.32387643 -0.08257172 -0.01489315 0.05564999 0.99491868
1463227479.89185 -1.35711007 0.04460960 -0.30804240 -0.07288805 -0.00277866 0.05493189 0.99582232
1463227480.02206 -1.42788855 0.04225520 -0.28232882 -0.07464050 0.00995682 0.04853604 0.99597887
1463227480.12192 -1.48086502 0.03578522 -0.25677296 -0.07688614 0.02996051 0.03727329 0.99589236
1463227480.22202 -1.53560507 0.02820843 -0.22965836 -0.07036355 0.04199479 0.05318614 0.99521688
1463227480.32197 -1.58742403 0.02018472 -0.20016841 -0.07994307 0.05504047 0.06617838 0.99307607
1463227480.45764 -1.64610568 0.00797015 -0.15841015 -0.08905360 0.07604980 0.06333926 0.99109738
1463227480.58832 -1.69444262 0.00219870 -0.11669536 -0.07428653 0.09957623 0.08036290 0.98899337
1463227480.72166 -1.73670728 -0.00227102 -0.06988778 -0.07669432 0.11620306 0.09599070 0.98559658
1463227480.88819 -1.79267970 -0.00607940 -0.00445984 -0.07419659 0.11735601 0.09965041 0.98528789
1463227481.02641 -1.83990335 -0.00931235 0.05389702 -0.06163062 0.13822583 0.08566443 0.98476235
1463227481.15465 -1.88618395 -0.01111502 0.11615139 -0.06979289 0.14561202 0.09829676 0.98196937
1463227481.25465 -1.91939930 -0.00806836 0.16865240 -0.08066656 0.17848333 0.08493608 0.97694548
1463227481.35462 -1.94997236 -0.00524873 0.22654194 -0.09770270 0.19582699 0.08853834 0.97173398
1463227481.45467 -1.97997854 -0.00254150 0.28998508 -0.11339537 0.20668476 0.08806145 0.96781614
1463227481.55449 -2.00657796 -0.00210048 0.35541708 -0.11698472 0.22367206 0.07888567 0.96439745
1463227481.65665 -2.02975229 -0.00463685 0.42438358 -0.11949211 0.25586972 0.08690382 0.95535336
1463227481.72110 -2.04238507 -0.00624424 0.47001294 -0.14372109 0.26486967 0.11116263 0.94701171
1463227481.82518 -2.05798562 -0.00570912 0.53561826 -0.15042681 0.28149999 0.12542994 0.93935981
1463227481.92110 -2.07693735 -0.00402719 0.60119172 -0.13961012 0.28838606 0.13802653 0.93717190
1463227482.02120 -2.09363698 -0.00135865 0.66818967 -0.14203413 0.30528012 0.12150813 0.93373772
1463227482.12088 -2.11133159 0.00097386 0.73796351 -0.14473259 0.30442628 0.13527325 0.93170718
1463227482.22116 -2.12997448 -0.00197061 0.80881521 -0.15436856 0.30881725 0.14287454 0.92757163
1463227482.28840 -2.14303172 -0.00474774 0.85702899 -0.15347586 0.32321058 0.11890924 0.92619689
1463227482.35472 -2.15869314 -0.00659320 0.90683741 -0.15954117 0.30795080 0.13169248 0.92863879
1463227482.42083 -2.17416736 -0.00715416 0.95881655 -0.16342655 0.30456580 0.11629935 0.93113152
1463227482.48750 -2.19090445 -0.00728751 1.01094559 -0.15764334 0.30278526 0.08914277 0.93569398
1463227482.55407 -2.20854832 -0.00583707 1.06258684 -0.14287015 0.29260439 0.09752469 0.94045719
1463227482.65450 -2.23581073 -0.00696300 1.14480682 -0.13736994 0.28775915 0.10462158 0.94200770
1463227482.72060 -2.25374462 -0.00830448 1.20184678 -0.14448203 0.27364840 0.07290595 0.94811720
1463227482.78725 -2.27562802 -0.00800864 1.26047913 -0.13883961 0.24067507 0.07082360 0.95800996
1463227482.85410 -2.29671124 -0.00849628 1.32021521 -0.12053581 0.24992205 0.04848323 0.95951001
1463227482.92050 -2.31930599 -0.00892761 1.38238585 -0.13047872 0.23765080 0.07088296 0.95993386
1463227482.98732 -2.34225460 -0.01142232 1.43935311 -0.12607592 0.22313600 0.05019679 0.96529553
1463227483.05373 -2.36714015 -0.01218808 1.49440213 -0.10824482 0.20271487 0.02347617 0.97295355
1463227483.12124 -2.39241390 -0.01057337 1.54917050 -0.09048491 0.18717467 0.04635462 0.97705137
1463227483.22035 -2.42467900 -0.00616467 1.63412467 -0.10465939 0.18664105 0.05394473 0.97534686
1463227483.32043 -2.46008775 -0.00439058 1.72033430 -0.12020080 0.18123010 0.05219848 0.97467058
1463227483.42040 -2.49574837 -0.00503399 1.80215132 -0.10665008 0.17713711 0.04965107 0.97712997
1463227483.52036 -2.52962832 -0.00587226 1.88372579 -0.10426263 0.17715958 0.03728758 0.97793324
1463227483.62021 -2.56629647 -0.00767039 1.96806036 -0.11001613 0.18723198 0.04563620 0.97506819
1463227483.68687 -2.58875003 -0.00985811 2.02464287 -0.11800253 0.20100693 0.04568430 0.97138281
1463227483.75344 -2.61302633 -0.01186546 2.08092463 -0.12661078 0.18548947 0.05079467 0.97313065
1463227483.85330 -2.65045731 -0.01106204 2.16721627 -0.10875827 0.18491869 0.03365635 0.97613727
1463227483.92004 -2.67225771 -0.01137481 2.22534853 -0.08774772 0.20543309 0.02492875 0.97441066
1463227484.01996 -2.70650627 -0.01161231 2.31740419 -0.09876744 0.21496193 0.01140683 0.97154838
1463227484.11996 -2.73857310 -0.00999113 2.41029945 -0.10326520 0.22188056 0.00827624 0.96955496
1463227484.21987 -2.76962697 -0.00745129 2.50346098 -0.09552806 0.22845590 0.01642270 0.96871698
1463227484.32175 -2.80015496 -0.00351900 2.59805567 -0.09830880 0.21360969 0.03035943 0.97148576
1463227484.41982 -2.82918486 0.00044110 2.69249418 -0.08461709 0.23515089 0.02752618 0.96787722
1463227484.51977 -2.85667478 0.00032311 2.78606920 -0.08541323 0.25638490 0.03026635 0.96231768
1463227484.61974 -2.88577651 -0.00032234 2.87874405 -0.08475847 0.28345218 0.02236320 0.95497160
1463227484.71964 -2.91851435 -0.00037961 2.97164666 -0.09073804 0.30438327 0.01938980 0.94801976
1463227484.82223 -2.95204700 -0.00160728 3.06519192 -0.09009632 0.30925636 0.00940154 0.94665451
1463227484.91951 -2.98637731 -0.00089850 3.16245560 -0.08098835 0.31081552 0.00538953 0.94699818
1463227485.01955 -3.02364476 -0.00095725 3.26359081 -0.07106793 0.29911179 0.00657237 0.95154521
1463227485.11934 -3.06181923 0.00030423 3.36832524 -0.08659617 0.28826732 -0.00480542 0.95361416
1463227485.22070 -3.09947736 0.00144712 3.46846952 -0.07712253 0.27922718 -0.01078996 0.95706211
1463227485.32123 -3.13422457 0.00314054 3.56614763 -0.07080338 0.27178894 0.00321041 0.95974337
1463227485.41936 -3.16633375 0.00609409 3.66390097 -0.07478734 0.28876132 0.01172561 0.95440362
1463227485.51925 -3.19880987 0.00580822 3.76011895 -0.07905554 0.30174001 0.01889734 0.94991899
1463227485.62325 -3.23553521 0.00406558 3.85636563 -0.07687853 0.29571049 0.01171711 0.95210698
1463227485.71921 -3.27283577 0.00657278 3.95448703 -0.07594848 0.30363234 0.01440781 0.94964817
1463227485.82087 -3.30482289 0.00624598 4.05436893 -0.08372504 0.32529214 0.01398937 0.94179586
1463227485.91998 -3.33625918 0.00243091 4.15562970 -0.06955225 0.32650862 0.01669116 0.94248396
1463227486.01898 -3.36723192 0.00312432 4.25823372 -0.05604118 0.30952974 0.01865696 0.94905355
1463227486.11895 -3.39429341 0.00695055 4.36293761 -0.05742255 0.32150977 0.00454767 0.94515260
1463227486.21892 -3.41389287 0.00592095 4.46362483 -0.06104623 0.34598180 -0.01260190 0.93616833
1463227486.32153 -3.42846496 0.00757042 4.56413424 -0.05717964 0.36637206 0.00786130 0.92867659
1463227486.41886 -3.44410223 0.00971764 4.66887242 -0.06975603 0.39216118 0.01470163 0.91713007
1463227486.51883 -3.46025563 0.00817934 4.77497541 -0.07694233 0.40868278 -0.00556409 0.90941041
1463227486.61860 -3.47836258 0.00443894 4.88048849 -0.06006498 0.40858115 -0.01616024 0.91060007
1463227486.71883 -3.49455773 0.00037084 4.98557453 -0.04401428 0.41546861 -0.00534145 0.90852631
1463227486.82020 -3.50745385 -0.00182976 5.09400817 -0.06025244 0.42436136 -0.00685632 0.90346006
1463227486.91860 -3.52249417 -0.00119944 5.20770869 -0.05607863 0.41427773 -0.00408672 0.90841205
1463227487.01841 -3.54065662 0.00110426 5.32579158 -0.04851913 0.39887840 -0.01143274 0.91564797
1463227487.15336 -3.55849094 0.00408911 5.48341424 -0.06151612 0.38851119 -0.00938241 0.91934041
1463227487.25167 -3.57085255 0.00681918 5.60049771 -0.06407574 0.37970429 -0.00411483 0.92287703
1463227487.38489 -3.58699233 0.01341441 5.75608508 -0.06035207 0.38333549 -0.00042402 0.92163515
1463227487.48653 -3.60013449 0.01452078 5.87068702 -0.05045142 0.39825770 -0.01630987 0.91573984
1463227487.61819 -3.62044936 0.01174369 6.02033866 -0.05960988 0.40110480 -0.02435249 0.91376614
1463227487.75160 -3.64044265 0.01433557 6.17385396 -0.04617474 0.41775264 -0.02063002 0.90715215
1463227487.88520 -3.65930592 0.01454158 6.33640027 -0.05715187 0.40011082 -0.01847112 0.91449648
1463227487.98766 -3.67079076 0.01303964 6.45687956 -0.04310884 0.40761766 -0.03847940 0.91132256
1463227488.08499 -3.68402951 0.00580645 6.56990679 -0.01290440 0.39931409 -0.04940336 0.91539120
1463227488.21800 -3.69467027 0.00440283 6.72563880 -0.00407346 0.39214907 -0.02064583 0.91966095
1463227488.35302 -3.70818018 0.00539888 6.87965602 0.00516024 0.40599838 -0.01833188 0.91367534
1463227488.48637 -3.72253147 -0.00005094 7.03139099 -0.02107140 0.40944449 -0.01225545 0.91200933
1463227488.58482 -3.73627823 -0.00232267 7.14313835 0.00325938 0.43427214 -0.02662770 0.90038217
1463227488.68428 -3.74959691 -0.00366713 7.25940108 -0.02579694 0.45493650 -0.01460537 0.89003032
1463227488.81970 -3.76327035 0.00202095 7.42110821 -0.04799298 0.44420651 -0.02540153 0.89427737
1463227488.91752 -3.78036936 0.00629193 7.54282037 -0.03954998 0.41963413 -0.03398477 0.90619426
1463227489.08414 -3.79770946 0.01627333 7.74047371 -0.06076420 0.42298250 -0.02168596 0.90383806
1463227489.21745 -3.81400116 0.02180230 7.89193791 -0.04351741 0.40894613 -0.02035804 0.91129296
1463227489.35078 -3.82833445 0.02537579 8.03981640 -0.06381504 0.43476844 -0.03329838 0.89766099
1463227489.51734 -3.84603036 0.02199307 8.21889992 -0.03931127 0.45150628 -0.02390707 0.89108089
1463227489.65057 -3.85807906 0.02120030 8.37133695 -0.04964700 0.46844986 -0.02593619 0.88171266
1463227489.81908 -3.87765881 0.01892836 8.56423105 -0.03582274 0.46477709 -0.01384024 0.88459450
1463227489.98369 -3.88479804 0.02819192 8.76217010 -0.04257228 0.46785226 -0.00343143 0.88277409
1463227490.15133 -3.89912569 0.03517534 8.96130015 -0.05754497 0.46410821 -0.01031257 0.88384715
1463227490.31686 -3.91290085 0.04275547 9.15909860 -0.07699213 0.46803536 -0.01510852 0.88021977
1463227490.48523 -3.91994421 0.05205284 9.35445912 -0.08912624 0.47399923 0.00132451 0.87600199
1463227490.61681 -3.91648143 0.05819504 9.51307633 -0.09427889 0.48403181 -0.00208599 0.86995422
1463227490.75000 -3.90789458 0.06108765 9.66789146 -0.08025442 0.49976192 -0.00314940 0.86243106
1463227490.88359 -3.89259552 0.06557127 9.82110796 -0.08230166 0.50603901 0.01530568 0.85843852
1463227490.98336 -3.88138576 0.07197888 9.93993431 -0.08285264 0.50954949 0.02447278 0.85609336
1463227491.08310 -3.86977877 0.07632197 10.05455735 -0.08188630 0.52301009 0.00967811 0.84832860
1463227491.18311 -3.84458489 0.08796404 10.17435917 -0.10674953 0.52781757 0.02594416 0.84222328
1463227491.24975 -3.82554307 0.08971796 10.24909213 -0.10223530 0.56572875 0.00065660 0.81822887
1463227491.34966 -3.79385118 0.08855847 10.36058748 -0.08797665 0.57499670 -0.00252775 0.81340796
1463227491.44962 -3.75574577 0.08957536 10.47056122 -0.07471291 0.59966839 -0.01368099 0.79663582
1463227491.54956 -3.70809101 0.09008962 10.57946826 -0.08740282 0.59444834 0.00161390 0.79936807
1463227491.65129 -3.65665351 0.09263623 10.68208181 -0.07284753 0.61724254 -0.02003736 0.78313689
1463227491.74941 -3.59675042 0.09743107 10.78247949 -0.05751853 0.64609806 0.00162456 0.76108231
1463227491.85059 -3.53216439 0.10406066 10.88045189 -0.07177960 0.66203901 0.01606036 0.74585126
1463227491.94925 -3.46610737 0.11014667 10.97742813 -0.07171634 0.69968101 0.01229392 0.71074054
1463227492.04934 -3.39132355 0.11465834 11.06886925 -0.08399430 0.73171014 0.03096185 0.67571192
1463227492.15158 -3.30569542 0.11780989 11.15527562 -0.10012260 0.76733628 0.03239197 0.63255139
1463227492.21598 -3.24480564 0.12027535 11.21160718 -0.09655440 0.78579679 0.03986805 0.60959921
1463227492.31802 -3.15240684 0.12047890 11.30549936 -0.08155446 0.80654984 0.04314976 0.58392151
1463227492.41592 -3.04798870 0.12789007 11.37838600 -0.08383684 0.82106875 0.04024159 0.56320344
1463227492.51571 -2.94037312 0.13088943 11.45575083 -0.07784548 0.83400212 0.04337356 0.54451747
1463227492.61608 -2.83259837 0.13139270 11.53499189 -0.06111677 0.84142085 0.03907586 0.53548929
1463227492.71580 -2.72170157 0.13387929 11.61687376 -0.06286403 0.84443483 0.03339901 0.53090718
1463227492.84896 -2.56156061 0.14196729 11.71893966 -0.07860183 0.84815809 0.04073534 0.52229325
1463227492.94898 -2.43213677 0.14707521 11.78927110 -0.09632740 0.85358121 0.02423781 0.51140265
1463227493.04880 -2.29737409 0.15226154 11.86365651 -0.10628935 0.85101335 0.01410800 0.51408152
1463227493.18213 -2.11668369 0.16207164 11.95227899 -0.10035736 0.85936629 0.00366961 0.50140254
1463227493.28211 -1.98190945 0.16252040 12.01737778 -0.07322213 0.86404685 -0.00115563 0.49805645
1463227493.44854 -1.75380272 0.16987440 12.12860838 -0.06714684 0.86236690 -0.00139326 0.50180942
1463227493.58182 -1.55820579 0.18041654 12.20521287 -0.08631525 0.86836491 0.00301260 0.48834719
1463227493.71528 -1.35219713 0.18855022 12.29099803 -0.08745769 0.86948355 -0.01257397 0.48599527
1463227493.88192 -1.09074642 0.20163741 12.38755020 -0.09651218 0.87247840 -0.01665540 0.47873734
1463227494.04846 -0.82919436 0.21212251 12.48606197 -0.07339923 0.88059145 -0.02259291 0.46761181
1463227494.21492 -0.55547687 0.21847273 12.58390899 -0.07434927 0.88379112 -0.03329107 0.46073544
1463227494.38372 -0.27116526 0.22945782 12.67378315 -0.07804139 0.89170149 -0.05903608 0.44191937
1463227494.61460 0.14105548 0.24668632 12.81143571 -0.08998251 0.89350125 -0.05605066 0.43636796
1463227494.84798 0.55868161 0.27051042 12.92996693 -0.09715177 0.89939453 -0.04359401 0.42397001
1463227495.01444 0.86886671 0.28755409 13.02099589 -0.10022564 0.90923222 -0.05837561 0.39980479
1463227495.24779 1.30276949 0.30384564 13.16228435 -0.09953846 0.90514417 -0.06476660 0.40818061
1463227495.41475 1.61514287 0.31622649 13.26230152 -0.10541665 0.91177132 -0.05402298 0.39324535
1463227495.58094 1.93699529 0.33406195 13.37144274 -0.10801568 0.91719476 -0.05684892 0.37928168
1463227495.78084 2.30585947 0.35205438 13.48528381 -0.11229745 0.91839783 -0.04374654 0.37685666
1463227495.98071 2.69395304 0.36945597 13.61986946 -0.10319092 0.91158511 -0.04427222 0.39547970
1463227496.11402 2.93115478 0.38183883 13.69954047 -0.10796953 0.90426893 -0.04030232 0.41111556
1463227496.24756 3.18052263 0.39358261 13.78778709 -0.10326269 0.89888492 -0.03799472 0.42414516
1463227496.34713 3.36581938 0.40393210 13.85583012 -0.10622670 0.89277567 -0.03483342 0.43641050
1463227496.44708 3.55203713 0.41493709 13.92355856 -0.10349306 0.88809827 -0.02803290 0.44697293
1463227496.54703 3.73679958 0.42591836 13.99088166 -0.10255001 0.88372276 -0.02580954 0.45590728
1463227496.61374 3.86156099 0.43340033 14.03493508 -0.10746668 0.88138261 -0.01384403 0.45980861
1463227496.68046 3.98516400 0.43971897 14.08057469 -0.09894705 0.87692605 -0.00804226 0.47026110
1463227496.74745 4.10876387 0.44456954 14.12543336 -0.09285804 0.87949770 -0.01089947 0.46662873
1463227496.84715 4.28802197 0.44590564 14.19394891 -0.06852435 0.87544717 -0.00971647 0.47833278
1463227496.94690 4.46686849 0.44151926 14.26471500 -0.04359356 0.86518564 -0.02526314 0.49891400
1463227497.04684 4.64704595 0.43980495 14.33803868 -0.02851823 0.85962468 -0.02281425 0.50961910
1463227497.14679 4.82838796 0.43943390 14.40889288 -0.00312192 0.85433341 -0.03622773 0.51845176
1463227497.34672 5.18346468 0.44264434 14.52439181 0.02259005 0.86292230 -0.04860806 0.50248587
1463227497.57998 5.59611960 0.43599464 14.66962373 0.03767416 0.86022537 -0.08622226 0.50115735
1463227497.84661 6.07865360 0.44308855 14.82796010 0.07266186 0.86626676 -0.07495496 0.48855287
1463227498.21297 6.73642512 0.47894166 15.01104359 0.07410768 0.87847870 -0.04943105 0.46940366
1463227498.51290 7.26940831 0.50509939 15.15449319 0.06340824 0.88224854 -0.05829350 0.46283775
1463227498.81285 7.79754568 0.53488600 15.28839594 0.03118297 0.88306033 -0.06560699 0.46360306
1463227499.14596 8.37443802 0.56150244 15.42105153 0.01121431 0.89171773 -0.07511485 0.44617429
1463227499.47905 8.95186332 0.59460999 15.55483336 -0.00852284 0.90173727 -0.05689349 0.42843947
1463227499.67889 9.28977949 0.61911312 15.62258361 -0.02790862 0.91485330 -0.04118562 0.40070973
1463227499.91219 9.68100242 0.64601320 15.71907364 -0.06699238 0.92218382 -0.04086746 0.37870685
1463227500.17868 10.13823010 0.66985661 15.84859521 -0.07262165 0.91131179 -0.04491798 0.40276457
1463227500.27854 10.31423370 0.67484989 15.91133320 -0.07208632 0.88873745 -0.04470575 0.45050049
1463227500.37852 10.48863782 0.67584780 15.97726526 -0.05794385 0.86725398 -0.03847075 0.49298382
1463227500.51174 10.71471069 0.68624149 16.06319321 -0.05153589 0.84792239 -0.03109128 0.52669252
1463227500.64678 10.93858482 0.69569061 16.14913939 -0.05815618 0.82694468 -0.02288513 0.55879927
1463227500.77831 11.16485170 0.70114617 16.23322001 -0.05504227 0.80492054 -0.03021086 0.59005134
1463227500.91165 11.38480432 0.70962776 16.30871705 -0.04580311 0.78743352 -0.03923443 0.61344208
1463227501.08154 11.64961291 0.71962355 16.39845729 -0.04214761 0.77262893 -0.03101003 0.63269779
1463227501.24507 11.91600333 0.73148938 16.49360535 -0.04476347 0.74677683 -0.03398771 0.66269559
1463227501.37808 12.12778234 0.74051384 16.57043877 -0.04727822 0.72418104 -0.03745950 0.68696679
1463227501.54535 12.39493476 0.75658121 16.66143244 -0.05253867 0.70193520 -0.03288107 0.70953893
1463227501.71133 12.65813957 0.77351056 16.75011970 -0.05587357 0.68051179 -0.03163395 0.72991858
1463227501.84469 12.86739623 0.78444985 16.81875932 -0.05716820 0.65678319 -0.02759545 0.75140278
1463227502.01115 13.12878906 0.79509816 16.89916937 -0.05554118 0.64319227 -0.03578234 0.76284894
1463227502.14449 13.34062156 0.79955298 16.96144168 -0.04505644 0.64048502 -0.04323806 0.76542754
1463227502.27756 13.55434867 0.80210099 17.02421099 -0.03394654 0.63753395 -0.04976963 0.76806320
1463227502.41091 13.76373137 0.80755760 17.08893781 -0.02372226 0.62554811 -0.05790218 0.77767227
1463227502.54410 13.97567430 0.81521385 17.15435860 -0.00566158 0.61867752 -0.05723546 0.78353697
1463227502.67736 14.18239952 0.82694467 17.21979508 -0.00948759 0.60218446 -0.04140915 0.79722591
1463227502.81358 14.39294850 0.83841606 17.28867811 -0.01030051 0.57522687 -0.03091404 0.81734465
1463227502.91063 14.54392669 0.84804763 17.33925585 -0.01784477 0.55032090 -0.03324671 0.83410019
1463227503.01058 14.69526172 0.85860310 17.38967773 -0.02580982 0.52578494 -0.02713251 0.84979285
1463227503.11057 14.84355224 0.86870367 17.44130114 -0.03276698 0.50561795 -0.02385689 0.86180489
1463227503.17823 14.93305019 0.87456698 17.47507584 -0.03384872 0.48697354 -0.02232539 0.87247499
1463227503.27767 15.08573031 0.88345763 17.53468893 -0.03308537 0.45721725 -0.03177404 0.88817124
1463227503.34377 15.18314757 0.88867910 17.57284628 -0.03355143 0.43077024 -0.02777755 0.90140984
1463227503.41035 15.28156789 0.89416449 17.60946138 -0.03876634 0.41675899 -0.03034574 0.90768290
1463227503.47751 15.37889689 0.89992506 17.64433503 -0.04075265 0.40517308 -0.02317442 0.91303721
1463227503.54370 15.47621176 0.90581144 17.67792554 -0.03850037 0.39265857 -0.01758418 0.91870984
1463227503.61088 15.57583478 0.91215430 17.71239380 -0.04297762 0.39533410 -0.02765282 0.91711460
1463227503.67694 15.67552113 0.91712210 17.74794539 -0.05047719 0.39079874 -0.03074642 0.91857665
1463227503.77687 15.82206371 0.92169456 17.80131917 -0.03379599 0.38324931 -0.02588031 0.92266354
1463227503.87706 15.96855629 0.92865856 17.85684992 -0.03092602 0.37342199 -0.02429818 0.92682749
1463227503.97803 16.11388198 0.93456692 17.91449450 -0.02968798 0.36263955 -0.01684303 0.93130419
1463227504.07706 16.26696694 0.94102064 17.97774559 -0.01903648 0.33593564 -0.00383557 0.94168474
1463227504.17755 16.41499858 0.94831470 18.03727881 -0.01665602 0.32132947 -0.00781058 0.94678875
1463227504.27672 16.56474534 0.95870260 18.09632929 -0.02389374 0.31895464 -0.00504452 0.94745532
1463227504.37669 16.71118114 0.96658373 18.15366776 -0.02728747 0.31707754 -0.00942463 0.94796013
1463227504.47877 16.86219915 0.97295294 18.21397782 -0.01626715 0.31147318 -0.00405325 0.95010705
1463227504.57643 17.01075525 0.97993811 18.27790877 -0.02041438 0.30329420 -0.00647124 0.95265629
1463227504.67650 17.16033842 0.98700416 18.34397023 -0.01474820 0.28579012 -0.00614941 0.95815901
1463227504.77647 17.30986502 0.99742379 18.40953501 -0.01340142 0.26201280 0.00118275 0.96497062
1463227504.84304 17.41028124 1.00612079 18.45164024 -0.00694348 0.24641493 0.02070303 0.96891840
1463227504.94288 17.56166787 1.02160956 18.51599299 -0.02934835 0.23705034 0.02242406 0.97079502
1463227505.01059 17.66165959 1.02998473 18.55812694 -0.04175093 0.22820640 0.01905181 0.97253058
1463227505.07622 17.76234300 1.03653791 18.59818172 -0.03540548 0.22103156 0.02861742 0.97420354
1463227505.14285 17.86316750 1.04191404 18.64009620 -0.02765095 0.21494603 0.04828790 0.97503944
1463227505.21145 17.96696641 1.04715890 18.68070680 -0.03125588 0.21916344 0.04680602 0.97406348
1463227505.27616 18.07247354 1.05027411 18.72078217 -0.03013488 0.22488342 0.01272015 0.97383650
1463227505.34289 18.17839370 1.05211290 18.75917587 -0.01780516 0.21928537 0.01474435 0.97538685
1463227505.44269 18.33537627 1.05803001 18.81254696 -0.00768195 0.20802405 0.02841757 0.97768064
1463227505.57593 18.55464980 1.07207558 18.88232056 -0.00269676 0.21946444 0.03453276 0.97500542
1463227505.67586 18.72001196 1.08186151 18.93378396 -0.00591421 0.23697497 0.03953220 0.97069310
1463227505.74256 18.82742999 1.08526098 18.96656850 0.00690824 0.23977257 0.04415733 0.96979973
1463227505.84249 18.98865167 1.09044222 19.01753133 0.01711513 0.23749604 0.04510543 0.97018978
1463227505.90916 19.10033891 1.09615469 19.05592407 0.01040000 0.23752516 0.03369101 0.97074124
1463227506.00935 19.26591110 1.10317183 19.10483191 0.01388644 0.23376180 0.02870745 0.97177079
1463227506.11109 19.43204676 1.11422665 19.15405025 0.01838371 0.23013866 0.03126542 0.97248173
1463227506.20938 19.60147568 1.12915711 19.20805541 -0.00483657 0.23589554 0.03742378 0.97104550
1463227506.35240 19.82314170 1.14529752 19.28059897 -0.01587291 0.24029686 0.02745067 0.97018139
1463227506.47961 20.05064504 1.15890866 19.35207536 -0.01974975 0.23039255 0.04297911 0.97194754
1463227506.57557 20.22080589 1.16889902 19.41215646 -0.03184055 0.21141053 0.04495441 0.97584367
1463227506.67542 20.38622877 1.17785560 19.46940113 -0.02252790 0.18567618 0.03149929 0.98184757
1463227506.77561 20.55533840 1.18928485 19.52795089 -0.03687985 0.17172862 0.03485974 0.98383635
1463227506.87528 20.72042389 1.19839782 19.58533939 -0.04850515 0.16786758 0.01787791 0.98445320
1463227506.97715 20.89551418 1.20637830 19.64536041 -0.03305843 0.15930346 0.02339219 0.98639868
1463227507.07518 21.06559987 1.21528014 19.70732836 -0.03517818 0.14783151 0.02574878 0.98805128
1463227507.17515 21.23552011 1.22419781 19.77274504 -0.03596674 0.12510495 0.03457443 0.99088837
1463227507.27512 21.40330891 1.23457595 19.83565192 -0.03382499 0.10990883 0.02564005 0.99303500
1463227507.37513 21.56577857 1.24495514 19.89401977 -0.04287993 0.10119939 0.03145993 0.99344364
1463227507.44168 21.68645415 1.25272950 19.94544034 -0.04761570 0.09804714 0.02491529 0.99372971
1463227507.50823 21.79808367 1.25798930 19.98884750 -0.04396400 0.09066131 0.02045181 0.99470067
1463227507.57595 21.90927173 1.26365097 20.03236071 -0.04508975 0.08325043 0.02591393 0.99517071
1463227507.64249 22.01975657 1.26919742 20.07725614 -0.04968451 0.07891827 0.02515628 0.99532433
1463227507.70821 22.12889845 1.27398396 20.12265460 -0.05015987 0.07245496 0.02076633 0.99589308
1463227507.77841 22.23666477 1.27838612 20.16809252 -0.04828141 0.06442529 0.02134996 0.99652520
1463227507.84173 22.34155519 1.28299432 20.21196613 -0.04728647 0.05650412 0.01842984 0.99711164
1463227507.90812 22.45187107 1.28837420 20.26311707 -0.04903122 0.04712393 0.01613505 0.99755448
1463227507.97571 22.55980470 1.29327424 20.31178794 -0.04866450 0.03920458 0.01446655 0.99794062
1463227508.04173 22.66698665 1.29803915 20.35977100 -0.04418173 0.02913896 0.01582327 0.99847309
1463227508.10793 22.77165353 1.30281512 20.40208823 -0.04208328 0.02100034 0.02005753 0.99869198
1463227508.17465 22.88401533 1.30993851 20.45490388 -0.04077465 0.01806967 0.02378672 0.99872174
1463227508.24222 22.99385002 1.31670139 20.50326998 -0.03817434 0.01920134 0.02806348 0.99869238
1463227508.30955 23.10294543 1.32365174 20.55158330 -0.03701224 0.01828166 0.03733363 0.99844984
1463227508.37507 23.21197825 1.33053352 20.60045143 -0.03515334 0.01875813 0.04531674 0.99817772
1463227508.44121 23.32053791 1.33712978 20.65023221 -0.03331664 0.01932925 0.04428991 0.99827591
1463227508.50782 23.42861867 1.34229004 20.69771442 -0.02954268 0.01937883 0.04013606 0.99856937
1463227508.57465 23.53689604 1.34794130 20.74910587 -0.02500028 0.01938482 0.04405463 0.99852812
1463227508.64354 23.64461307 1.35292404 20.79921612 -0.02068787 0.01856669 0.04962443 0.99838104
1463227508.74112 23.80581338 1.36116461 20.87616650 -0.01708667 0.01962723 0.05691274 0.99803996
1463227508.84101 23.96721535 1.37058904 20.95422780 -0.01752315 0.01760051 0.05718524 0.99805461
1463227508.94088 24.12303427 1.38024346 21.03326899 -0.02077008 0.01563398 0.06283502 0.99768529
1463227509.04095 24.28252907 1.38843534 21.11218655 -0.01858166 0.01863242 0.05919811 0.99789936
1463227509.14294 24.44160957 1.39565209 21.19012388 -0.01274897 0.02210985 0.07470392 0.99687910
1463227509.27437 24.65219576 1.40623122 21.29825711 -0.01066599 0.02632474 0.07651336 0.99666391
1463227509.40735 24.86259827 1.41835254 21.40335652 -0.00607959 0.03061930 0.07739718 0.99651150
1463227509.50805 25.02182933 1.42941871 21.48538286 -0.01356747 0.03476959 0.07906008 0.99617092
1463227509.60762 25.17916597 1.43995278 21.56712699 -0.01335461 0.04108188 0.07271719 0.99641665
1463227509.74059 25.38376923 1.45212466 21.66940927 -0.01092563 0.04069850 0.07824010 0.99604355
1463227509.87383 25.59238145 1.46706113 21.78129021 -0.02185834 0.04220987 0.07115702 0.99633188
1463227509.97541 25.74758929 1.47431415 21.86157880 -0.01886576 0.04141876 0.06107361 0.99709507
1463227510.07377 25.90667604 1.48204997 21.94088281 -0.01693273 0.04209790 0.05830661 0.99726696
1463227510.20706 26.11296476 1.49539866 22.04356468 -0.01494342 0.04357452 0.06235759 0.99699021
1463227510.31011 26.27159486 1.50486211 22.11893427 -0.01061803 0.04450057 0.07531804 0.99610951
1463227510.40826 26.42904505 1.51530298 22.19263175 -0.01183535 0.03895161 0.07224946 0.99655542
1463227510.50681 26.58798963 1.52441543 22.26322262 -0.00975132 0.04313015 0.07124512 0.99647822
1463227510.60677 26.74847530 1.53377733 22.32899279 -0.00197966 0.05382932 0.06793150 0.99623481
1463227510.70683 26.91101682 1.54443355 22.39332441 -0.00034513 0.06557922 0.07507925 0.99501877
1463227510.80832 27.07803126 1.55552471 22.45785901 0.00143395 0.08010308 0.08240152 0.99337376
1463227510.90658 27.24034129 1.56511818 22.51379777 0.00185096 0.09968041 0.08651972 0.99124907
1463227511.00662 27.40294899 1.57133210 22.56983514 0.00597924 0.11592084 0.08190848 0.98985737
1463227511.14238 27.61719259 1.57882510 22.64250613 0.01175934 0.12588394 0.08286893 0.98850781
1463227511.27309 27.83091336 1.58775770 22.71120814 0.01103299 0.13959701 0.07796713 0.98707248
1463227511.37359 27.99169563 1.59486848 22.75838776 0.01405288 0.15131641 0.08075054 0.98508132
1463227511.47491 28.14857153 1.60437104 22.80421404 0.01907264 0.16424048 0.09160327 0.98197258
1463227511.57300 28.30865091 1.61448422 22.84359390 0.01121963 0.17672615 0.08691155 0.98035115
1463227511.67305 28.46348510 1.62200684 22.88163051 0.00986159 0.19018645 0.08317127 0.97816890
1463227511.77296 28.61801477 1.62747694 22.91537658 0.01812010 0.20506862 0.07857952 0.97541980
1463227511.90631 28.82167793 1.63567485 22.95540234 0.02178354 0.22953952 0.07172983 0.97040812
1463227512.03948 29.02152974 1.64471985 22.99003155 0.02136029 0.25044231 0.07525077 0.96496617
1463227512.17279 29.21710452 1.65240313 23.01847667 0.02458507 0.27533210 0.06673016 0.95871523
1463227512.30955 29.40914047 1.65942705 23.03861143 0.02197728 0.30802109 0.06118552 0.94915559
1463227512.44011 29.60596626 1.66657852 23.05451698 0.03425997 0.33635766 0.06580250 0.93880765
1463227512.57310 29.79392290 1.67387031 23.06616573 0.03339331 0.35985517 0.06007755 0.93047291
1463227512.70594 29.97987826 1.68299867 23.07164861 0.02670269 0.38473961 0.06126554 0.92060248
1463227512.80752 30.11768535 1.68920018 23.06873749 0.02352852 0.41249922 0.06073327 0.90862659
1463227512.90642 30.25415503 1.69575574 23.06189740 0.01650902 0.43674982 0.05575428 0.89770179
1463227513.04016 30.43257915 1.69953887 23.04420198 0.02255209 0.46930000 0.04987030 0.88134095
1463227513.14327 30.56257722 1.70258040 23.02639390 0.01960612 0.49481060 0.05159993 0.86724594
1463227513.23892 30.69609899 1.70723119 23.00648171 0.01088282 0.51939542 0.04607162 0.85322176
1463227513.37244 30.86706528 1.71137066 22.97401663 0.01045153 0.54906359 0.04691573 0.83439730
1463227513.50532 31.03536543 1.71469143 22.93079158 0.00588614 0.58847157 0.04368683 0.80731532
1463227513.60528 31.15544974 1.71526007 22.89021779 0.01616069 0.62199213 0.04676891 0.78145844
1463227513.70555 31.26936765 1.71541023 22.84527483 0.02347451 0.65721084 0.05060776 0.75163935
1463227513.80531 31.37840542 1.71452743 22.79586448 0.01645293 0.69571450 0.04535836 0.71669607
1463227513.90519 31.47562685 1.71587965 22.74411540 0.01574702 0.73518413 0.04404680 0.67625159
1463227514.00518 31.56908336 1.71727666 22.68821001 0.01182072 0.77049727 0.04280231 0.63589479
1463227514.10549 31.65898080 1.71870682 22.62790963 0.00632561 0.80205538 0.03783474 0.59601651
1463227514.20504 31.73715567 1.72089614 22.56735765 0.00430293 0.83404606 0.03721112 0.55042165
1463227514.27167 31.78732709 1.72152042 22.52332824 0.00266950 0.85350963 0.03534319 0.51987021
1463227514.33839 31.83385456 1.72161527 22.47945347 0.00510478 0.87011479 0.03550290 0.49154220
1463227514.40500 31.87845439 1.72101167 22.43737587 0.00004334 0.88707094 0.02878391 0.46073488
1463227514.50493 31.94004761 1.71899569 22.36912085 -0.00414233 0.90749224 0.02229908 0.41945611
1463227514.57228 31.98019735 1.71847077 22.32281369 -0.00367606 0.92105451 0.02336901 0.38871450
1463227514.64272 32.01859007 1.71824565 22.27563556 -0.00747700 0.93223419 0.02004138 0.36122272
1463227514.73821 32.07176822 1.72070228 22.20338488 -0.00810903 0.94460089 0.02359199 0.32727178
1463227514.80747 32.10314444 1.72440081 22.15757438 -0.02154273 0.95289328 0.02350039 0.30162567
1463227514.90468 32.14786763 1.72856115 22.07909215 -0.03893677 0.95979124 0.03246336 0.27609932
1463227515.00467 32.19102608 1.73105643 22.00195846 -0.01921713 0.95873013 0.05169076 0.27891809
1463227515.10462 32.23460819 1.73308505 21.93050477 -0.02033058 0.95733419 0.05877639 0.28221136
1463227515.20455 32.27744836 1.73335854 21.85523986 -0.04158973 0.95686890 0.05135699 0.28290397
1463227515.27192 32.30214914 1.73294762 21.80091406 -0.05864965 0.96215774 0.04232320 0.26271933
1463227515.33833 32.32381026 1.73051720 21.74538610 -0.06532695 0.96598241 0.03627127 0.24757780
1463227515.40455 32.34382418 1.72563097 21.68444836 -0.06499204 0.97031714 0.02893987 0.23113451
1463227515.47413 32.36146598 1.72072814 21.62473199 -0.06705214 0.97391365 0.02466737 0.21537811
1463227515.53783 32.37852975 1.71820184 21.56440222 -0.06644207 0.97669439 0.02688691 0.20231313
1463227515.60430 32.39736391 1.71773592 21.49760609 -0.07058939 0.97848209 0.02691911 0.19200337
1463227515.67089 32.41516501 1.71885930 21.43216477 -0.07626124 0.98069090 0.02626344 0.17815671
1463227515.73770 32.43181948 1.71975080 21.36593396 -0.07311739 0.98231237 0.02894742 0.16993620
1463227515.80423 32.44678138 1.72028530 21.30218836 -0.07639434 0.98353984 0.03313531 0.16036006
1463227515.87081 32.46327741 1.71960950 21.22946786 -0.08189448 0.98548880 0.03317623 0.14492916
1463227515.93952 32.47776007 1.71892410 21.16130478 -0.07694497 0.98738782 0.03216032 0.13457520
1463227516.00421 32.49178056 1.72026984 21.09225628 -0.07051704 0.98915017 0.03654290 0.12358767
1463227516.07075 32.50744624 1.72305610 21.02322186 -0.07262204 0.98980247 0.04036243 0.11570649
1463227516.13917 32.52465312 1.72635916 20.95308180 -0.07409604 0.99019671 0.04928232 0.10766390
1463227516.20412 32.54324000 1.72861356 20.88311238 -0.07583821 0.99065182 0.05358276 0.09993209
1463227516.27078 32.56294552 1.72934728 20.81485292 -0.07585710 0.99086573 0.05874064 0.09476467
1463227516.33745 32.58475054 1.72789528 20.74219347 -0.07518717 0.99167496 0.05694329 0.08766482
1463227516.40400 32.60459856 1.72507783 20.67108744 -0.06954642 0.99306785 0.05795839 0.07496905
1463227516.47260 32.62249246 1.72204707 20.59828540 -0.06495372 0.99444558 0.06161969 0.05533554
1463227516.53736 32.63935484 1.72093829 20.52733154 -0.06244972 0.99528797 0.06054085 0.04285665
1463227516.60393 32.65623714 1.72182164 20.44790491 -0.07672667 0.99431732 0.06944070 0.02498154
1463227516.67249 32.67370139 1.72385131 20.36982233 -0.06876865 0.99392014 0.08352547 0.02042371
1463227516.73716 32.69112307 1.72448203 20.29149456 -0.06371320 0.99427500 0.08567000 0.00430264
1463227516.80378 32.70991045 1.72544740 20.21362118 -0.04417609 0.99386924 0.10115643 0.00630670
1463227516.87034 32.72803747 1.72568849 20.13732878 -0.04040301 0.99438050 0.09783838 -0.00163200
1463227516.93697 32.74231859 1.72689754 20.06275421 -0.05701362 0.99393273 0.08746511 -0.03459823
1463227517.00365 32.75698211 1.73013582 19.98806761 -0.04366806 0.99372675 0.09335012 -0.04342807
1463227517.07071 32.77071598 1.73234142 19.91475625 -0.05370867 0.99133137 0.10576441 -0.05649230
1463227517.13868 32.78577129 1.73221912 19.84225551 -0.04828198 0.99054363 0.12033175 -0.04486018
1463227517.20422 32.80153540 1.72975935 19.77035653 -0.03291183 0.99198651 0.10825856 -0.05621083
1463227517.27028 32.81890131 1.72787786 19.69315187 -0.00581973 0.99226853 0.10708405 -0.06246844
1463227517.33686 32.83697030 1.72983360 19.61237534 -0.01156782 0.98877020 0.13702829 -0.05850575
1463227517.40344 32.85620435 1.73122236 19.52728899 -0.00187962 0.98838769 0.14158408 -0.05513788
1463227517.47199 32.87518430 1.73341148 19.43953839 0.00953835 0.98795719 0.14383792 -0.05621620
1463227517.53682 32.89493393 1.73523881 19.35430408 0.02129918 0.98833798 0.14248957 -0.04930619
1463227517.60405 32.91127458 1.73568659 19.26399907 0.01951596 0.98678658 0.14492238 -0.06977736
1463227517.67029 32.92888586 1.73263934 19.17762772 0.03304424 0.98805343 0.13448500 -0.06761870
1463227517.73668 32.94639402 1.72868749 19.09167739 0.04908343 0.98908816 0.11730037 -0.07440459
1463227517.80343 32.96524433 1.72645847 19.00537902 0.04882348 0.98931624 0.11327802 -0.07770280
1463227517.86998 32.98464283 1.72677762 18.91751453 0.02510355 0.98757120 0.12903253 -0.08616003
1463227517.93657 33.00675571 1.72558447 18.82955741 -0.00115410 0.98783932 0.13331178 -0.08000074
1463227518.00362 33.02926437 1.72353221 18.74077250 -0.03210649 0.98872534 0.12263938 -0.07969288
1463227518.06975 33.05244894 1.72189693 18.64959353 -0.04999837 0.98904888 0.11315753 -0.08048511
1463227518.13640 33.07754465 1.72146071 18.55811754 -0.07008048 0.98765870 0.12054446 -0.07133052
1463227518.20342 33.10279026 1.71988277 18.46194050 -0.08066847 0.98766738 0.12123921 -0.05750472
1463227518.26985 33.12998926 1.72046787 18.36709540 -0.07965970 0.98915149 0.11563867 -0.04314340
1463227518.33631 33.15601632 1.72268678 18.27257413 -0.11369007 0.98516523 0.11877895 -0.04914881
1463227518.40292 33.18262287 1.72322368 18.17944024 -0.12833929 0.98290040 0.12197763 -0.05056960
1463227518.46970 33.20962108 1.72068870 18.08699852 -0.13791718 0.98198234 0.12120654 -0.04470461
1463227518.53621 33.23769445 1.71637509 17.99696220 -0.14884950 0.98268995 0.10362605 -0.03776149
1463227518.60273 33.26978183 1.71548417 17.90190960 -0.14381256 0.98450886 0.09647523 -0.02743700
1463227518.66950 33.30168215 1.71731923 17.80839101 -0.14937228 0.98291775 0.10431778 -0.02604658
1463227518.73604 33.33409873 1.71878848 17.71476166 -0.15984767 0.98001572 0.11378451 -0.03272597
1463227518.80272 33.36811629 1.71804549 17.62166817 -0.16354472 0.97932509 0.11599993 -0.02682361
1463227518.86935 33.40414960 1.71663477 17.52836298 -0.17848929 0.97775691 0.10780643 -0.02260041
1463227518.93594 33.44138600 1.71638696 17.43360963 -0.18828523 0.97631747 0.10317597 -0.02660057
1463227519.00259 33.47999560 1.71575989 17.33913321 -0.18125751 0.97816589 0.09946373 -0.02107545
1463227519.06921 33.51986382 1.71457471 17.24648006 -0.18291330 0.97817335 0.09776560 -0.01270893
1463227519.14102 33.56358488 1.71651553 17.15247612 -0.18899681 0.97731480 0.09533644 -0.00685260
1463227519.20253 33.61059261 1.71811302 17.06119188 -0.18771533 0.97844823 0.08597712 0.00315319
1463227519.27099 33.66027204 1.72038739 16.97209432 -0.18538727 0.97937949 0.07819629 0.01824038
1463227519.33587 33.71022683 1.72299535 16.88277466 -0.19488280 0.97726646 0.08323152 0.00659403
1463227519.40366 33.76179390 1.72409159 16.79464468 -0.20151516 0.97436955 0.09937809 0.01093697
1463227519.47143 33.81582576 1.72385943 16.70900833 -0.19925963 0.97495738 0.09468864 0.02806723
1463227519.53564 33.87210413 1.72377603 16.62592369 -0.19554890 0.97731744 0.07099112 0.03964218
1463227519.60319 33.93080717 1.72491307 16.54522229 -0.17265279 0.98178319 0.05754800 0.05459868
1463227519.66900 33.98846584 1.72719792 16.46441450 -0.18085860 0.97956818 0.06705489 0.05692098
1463227519.73562 34.04579725 1.72849445 16.38548349 -0.17683439 0.97988479 0.06591799 0.06488623
1463227519.80385 34.10263027 1.73101499 16.30801425 -0.16198596 0.98191871 0.06261243 0.07533844
1463227519.86885 34.16045017 1.73732263 16.22959256 -0.15684077 0.98267103 0.06345647 0.07570935
1463227519.93666 34.21733346 1.74285673 16.15146322 -0.15288478 0.98256385 0.07467579 0.07495372
1463227520.00251 34.27347102 1.74561701 16.07408086 -0.15551362 0.98210331 0.08203131 0.06752379
1463227520.06881 34.33038642 1.74611330 15.99724009 -0.14934557 0.98290841 0.08644976 0.06413572
1463227520.13537 34.38748470 1.74514281 15.92188910 -0.14317764 0.98441162 0.08311589 0.05937743
1463227520.20205 34.44455181 1.74356551 15.84797159 -0.14000490 0.98535705 0.07407446 0.06311170
1463227520.26895 34.50048150 1.74207759 15.77462832 -0.13967832 0.98623427 0.06511612 0.05993179
1463227520.33532 34.55521220 1.74255918 15.69994724 -0.13433367 0.98574449 0.08139969 0.06030220
1463227520.40457 34.60783863 1.74211121 15.62402549 -0.14938628 0.98396947 0.08706098 0.04368303
1463227520.46868 34.66045704 1.73982942 15.55069417 -0.13928074 0.98552802 0.08204301 0.05103283
1463227520.53531 34.71099064 1.73823387 15.47744462 -0.14269089 0.98569980 0.07767108 0.04474846
1463227520.60190 34.76216521 1.73881158 15.40412498 -0.14477618 0.98494401 0.08443399 0.04238000
1463227520.66852 34.81286149 1.73950739 15.33068985 -0.14583731 0.98429709 0.09302391 0.03517484
1463227520.73523 34.86483109 1.73852301 15.25873179 -0.15039854 0.98366034 0.09374107 0.03170537
1463227520.80434 34.91819943 1.73606304 15.18874718 -0.15321202 0.98399130 0.08482093 0.03305466
1463227520.86847 34.97062453 1.73372311 15.11785218 -0.15547213 0.98413916 0.07967614 0.03082590
1463227520.93495 35.02228633 1.73200389 15.04501489 -0.15188914 0.98420717 0.08781415 0.02355011
1463227521.00161 35.07353592 1.72972847 14.97151189 -0.13403284 0.98617842 0.09433248 0.02426322
1463227521.06917 35.12358089 1.72678292 14.89847358 -0.13973913 0.98539738 0.09350226 0.02687560
1463227521.13676 35.17425335 1.72481727 14.82578721 -0.13678075 0.98668693 0.08289888 0.02945677
1463227521.20384 35.22480612 1.72682798 14.75231288 -0.12726110 0.98650069 0.09577921 0.03804392
1463227521.26894 35.27331067 1.72795429 14.67958821 -0.14380308 0.98397376 0.10061663 0.03150571
1463227521.33500 35.31858763 1.72637409 14.60751271 -0.14547499 0.98407103 0.09837618 0.02762903
1463227521.40199 35.36189841 1.72398623 14.53555368 -0.13059245 0.98708690 0.08997161 0.02258704
1463227521.46887 35.40577535 1.72347323 14.46369696 -0.11270901 0.98779321 0.10441301 0.02567424
1463227521.53495 35.44955973 1.72254398 14.39272887 -0.12558109 0.98600242 0.10917535 0.01045794
1463227521.60209 35.49284501 1.71902710 14.32295879 -0.12570977 0.98673060 0.10222142 0.01051471
1463227521.66806 35.53484672 1.71763159 14.25350851 -0.12000356 0.98753469 0.10184691 0.00125716
1463227521.73462 35.57526158 1.71739084 14.18221450 -0.12033485 0.98647375 0.11094357 -0.00897701
1463227521.80154 35.61491123 1.71747806 14.10968750 -0.12031303 0.98495539 0.12276360 -0.01779732
1463227521.86797 35.65393142 1.71687711 14.03689037 -0.12146991 0.98462778 0.12357553 -0.02196093
1463227521.93447 35.69299644 1.71697967 13.96194781 -0.11434115 0.98522116 0.12577656 -0.02110989
1463227522.00109 35.73001774 1.71711234 13.89063065 -0.11388511 0.98572348 0.12125613 -0.02600662
1463227522.06797 35.76343162 1.71543565 13.81762660 -0.12104878 0.98393283 0.12173561 -0.04902870
1463227522.13620 35.79551737 1.71064790 13.74393182 -0.12680761 0.98210493 0.12530644 -0.06072911
1463227522.20108 35.82646095 1.70318014 13.67172533 -0.12396739 0.98266825 0.11542145 -0.07531984
1463227522.26804 35.85690490 1.69467028 13.59955508 -0.12776494 0.98224461 0.10737895 -0.08568200
1463227522.33436 35.88739347 1.68736468 13.52770833 -0.13358634 0.98307906 0.08974825 -0.08749576
1463227522.40115 35.91633691 1.68430110 13.45505040 -0.12749076 0.98387460 0.07772097 -0.09846995
1463227522.46760 35.94457350 1.68602850 13.38023150 -0.11937054 0.98178696 0.09682432 -0.11166958
1463227522.53420 35.97244216 1.68558496 13.30520635 -0.12638152 0.97856350 0.10476789 -0.12435788
1463227522.60113 35.99855436 1.68541665 13.23127311 -0.11001705 0.97948987 0.10341168 -0.13342366
1463227522.66756 36.02466434 1.68572517 13.15402271 -0.10020853 0.97896737 0.11167620 -0.13823733
1463227522.73608 36.05111252 1.68544795 13.07656031 -0.10444137 0.97688703 0.11425283 -0.14741108
1463227522.80074 36.07689356 1.68523048 12.99634131 -0.10648590 0.97492627 0.11790833 -0.15581126
1463227522.86795 36.10191797 1.68733676 12.91641201 -0.10360591 0.97289374 0.12760778 -0.16266483
1463227522.93424 36.12551698 1.68724593 12.83460420 -0.11356696 0.96779496 0.14132023 -0.17465411
1463227523.00060 36.15084293 1.68456917 12.75304032 -0.11025762 0.97167358 0.13129529 -0.16265075
1463227523.06726 36.17595209 1.68338886 12.67116911 -0.09892923 0.97554225 0.11388021 -0.15988006
1463227523.13420 36.20134208 1.68404959 12.58824552 -0.08483715 0.97799565 0.11305098 -0.15344915
1463227523.20063 36.22695375 1.68334886 12.50583387 -0.09864431 0.97685107 0.11144734 -0.15365801
1463227523.26715 36.25239047 1.68121230 12.42407663 -0.09376209 0.97795659 0.11069065 -0.15019039
1463227523.33376 36.27796135 1.67810195 12.34188699 -0.09779345 0.97746153 0.11162625 -0.15014989
1463227523.40055 36.30269516 1.67517357 12.26188524 -0.10548174 0.97724005 0.10084177 -0.15396892
1463227523.46875 36.32626560 1.67320574 12.18021023 -0.10970647 0.97624258 0.09799663 -0.15909612
1463227523.53367 36.34781473 1.67293021 12.09699226 -0.10929281 0.97571960 0.09739345 -0.16291365
1463227523.60031 36.36753278 1.67387699 12.01144444 -0.11040624 0.97396502 0.10877628 -0.16543980
1463227523.66724 36.38715872 1.67496018 11.92724437 -0.10461377 0.97457346 0.10691209 -0.16683028
1463227523.73353 36.40529392 1.67539598 11.84337359 -0.10628880 0.97245132 0.10752837 -0.17742256
1463227523.80064 36.42387644 1.67570446 11.76085788 -0.11308003 0.97061803 0.10379786 -0.18530932
1463227523.86688 36.44125425 1.67671013 11.67787072 -0.11001380 0.96694720 0.10529612 -0.20450626
1463227523.93435 36.45776574 1.67756575 11.59475702 -0.10028423 0.96274100 0.11996047 -0.22064073
1463227524.00088 36.47296246 1.67640062 11.51679486 -0.11647508 0.95445804 0.11562268 -0.24914816
1463227524.06673 36.48769826 1.67706788 11.43736751 -0.10133499 0.95181615 0.11917124 -0.26377159
1463227524.13650 36.50242912 1.67893721 11.35670334 -0.08628396 0.94765144 0.13097954 -0.27812981
1463227524.20002 36.51701315 1.67950842 11.27529610 -0.09244206 0.93802823 0.14604776 -0.30037903
1463227524.26673 36.53240436 1.67804103 11.19505163 -0.08945729 0.93700833 0.14086854 -0.30686943
1463227524.33328 36.54743376 1.67763175 11.11398506 -0.08614532 0.93303639 0.14482722 -0.31787914
1463227524.39998 36.56164499 1.67741265 11.03329890 -0.08528457 0.92733149 0.15124206 -0.33152479
1463227524.46927 36.57618058 1.67563063 10.95173255 -0.08215896 0.92669875 0.15257836 -0.33346542
1463227524.53317 36.59098929 1.67217130 10.87387135 -0.08508064 0.92768739 0.14510453 -0.33331977
1463227524.60007 36.60563341 1.67033402 10.79370375 -0.09373530 0.92373840 0.13868732 -0.34450965
1463227524.66649 36.62004722 1.66988405 10.71226011 -0.08837908 0.92148510 0.14453662 -0.34951898
1463227524.73459 36.63423003 1.66620532 10.63231439 -0.09831571 0.91974871 0.14127752 -0.35275629
1463227524.80066 36.65020852 1.66252140 10.55264681 -0.10713091 0.92217321 0.12880179 -0.34861102
1463227524.86653 36.66573680 1.66046681 10.47289743 -0.10794420 0.92214678 0.11928418 -0.35180201
1463227524.93308 36.68011575 1.65934765 10.39183813 -0.10775761 0.92106170 0.12227329 -0.35367059
1463227524.99971 36.69588883 1.65710387 10.31156794 -0.10906455 0.92539768 0.11546920 -0.34410888
1463227525.06627 36.71196685 1.65581116 10.22958877 -0.09978438 0.93197291 0.11134865 -0.33025908
1463227525.13632 36.72938851 1.65479062 10.14714408 -0.10062854 0.93712314 0.10680097 -0.31665069
1463227525.19945 36.74668579 1.65317996 10.06853557 -0.10872444 0.94153802 0.09907172 -0.30310057
1463227525.26647 36.76354710 1.65221702 9.98951025 -0.10754804 0.94523314 0.09372279 -0.29357072
1463227525.33280 36.77852738 1.65090158 9.91064069 -0.10297039 0.94390306 0.10294857 -0.29638775
1463227525.39964 36.79474570 1.64776229 9.83352900 -0.10217395 0.94861385 0.10301802 -0.28121085
1463227525.46823 36.81215027 1.64571177 9.75652606 -0.10403700 0.95282809 0.09056440 -0.27035720
1463227525.53278 36.82843822 1.64621655 9.67825108 -0.09437909 0.95443701 0.09643629 -0.26616277
1463227525.59945 36.84517849 1.64686546 9.60079077 -0.09273191 0.95368130 0.10635117 -0.26567313
1463227525.66650 36.86122862 1.64489670 9.52594405 -0.10530850 0.95229867 0.10090686 -0.26805813
1463227525.73301 36.87694428 1.64574568 9.45230300 -0.08232760 0.95671007 0.10133224 -0.26011494
1463227525.80162 36.89187451 1.64829953 9.37777173 -0.07453515 0.95512216 0.11851573 -0.26103676
1463227525.86592 36.90585595 1.64928697 9.30507292 -0.08082609 0.95173801 0.12867542 -0.26665434
1463227525.93251 36.91944276 1.64839881 9.23408464 -0.08102195 0.95165436 0.12569723 -0.26830883
1463227525.99915 36.93263123 1.64766912 9.16268939 -0.07259773 0.95059444 0.12156183 -0.27626527
1463227526.06583 36.94488686 1.64782962 9.09200687 -0.07075631 0.94732122 0.12646833 -0.28562530
1463227526.13441 36.95660617 1.64622173 9.02213551 -0.07422615 0.94344037 0.12638293 -0.29738543
1463227526.19912 36.96788557 1.64432745 8.95311172 -0.07023358 0.94146837 0.12520470 -0.30500546
1463227526.26570 36.97848816 1.64253492 8.88521616 -0.07555182 0.93638255 0.12007970 -0.32103037
1463227526.33241 36.98862676 1.64086658 8.81762015 -0.06969299 0.93238280 0.11539575 -0.33539383
1463227526.39895 36.99541096 1.64155229 8.75053928 -0.06110703 0.92341253 0.12720371 -0.35692359
1463227526.46610 37.00154569 1.64046366 8.68417538 -0.05396559 0.91753996 0.12914807 -0.37219473
1463227526.53216 37.00492259 1.63868247 8.61915966 -0.05309152 0.90533220 0.12074689 -0.40370174
1463227526.59887 37.00567119 1.63742818 8.55352636 -0.03549316 0.89559482 0.11782036 -0.42751435
1463227526.66551 37.00580751 1.63574706 8.48636810 -0.02423232 0.89321653 0.11837565 -0.43308686
1463227526.73338 37.00541616 1.63474492 8.41836357 -0.02595916 0.89282699 0.10771912 -0.43655776
1463227526.79886 37.00318577 1.63582042 8.34885595 -0.02900509 0.88853700 0.10959660 -0.44457765
1463227526.86590 37.00182549 1.63717744 8.27900155 -0.03172545 0.88628174 0.11083799 -0.44856784
1463227526.93206 36.99234447 1.64083807 8.21100071 -0.04580486 0.87521513 0.11344028 -0.46800822
1463227526.99861 36.98153832 1.64492609 8.14269154 -0.03741468 0.86633768 0.12554745 -0.48197199
1463227527.06539 36.96797548 1.64680673 8.07586516 -0.03264132 0.85721695 0.12407359 -0.49871775
1463227527.13363 36.95302358 1.64791830 8.00964562 -0.02809869 0.84838373 0.12722328 -0.51309818
1463227527.19849 36.93655371 1.64855746 7.94405641 -0.03085381 0.84134495 0.12792885 -0.52423365
1463227527.26576 36.91799317 1.64832229 7.87889726 -0.02866015 0.83265789 0.12725792 -0.53820522
1463227527.33184 36.89834316 1.64592057 7.81310553 -0.03433541 0.82401908 0.12591159 -0.55132559
1463227527.39899 36.87368617 1.64428213 7.75000463 -0.03141047 0.81776880 0.11463665 -0.56313942
1463227527.46681 36.84684761 1.64395644 7.68417129 -0.02860014 0.80762708 0.11669062 -0.57732472
1463227527.53170 36.81784157 1.64366625 7.61779676 -0.02538732 0.79887355 0.11579169 -0.58970231
1463227527.59832 36.78354026 1.64472744 7.55071685 -0.02607078 0.79276070 0.11838746 -0.59735684
1463227527.66640 36.74757969 1.64658262 7.48189177 -0.02148904 0.78930962 0.12057961 -0.60165530
1463227527.73163 36.71091332 1.64599813 7.41311725 -0.02909895 0.78837685 0.11415400 -0.60380797
1463227527.79822 36.67361253 1.64301061 7.34529723 -0.03856693 0.79147125 0.09473504 -0.60258702
1463227527.86485 36.63203883 1.64207539 7.27881163 -0.03152533 0.79219498 0.08949223 -0.60284692
1463227527.93154 36.58899447 1.63945287 7.21320257 -0.02577771 0.78639026 0.09894335 -0.60920939
1463227527.99813 36.54865642 1.63046680 7.14757981 -0.02705581 0.78892724 0.09139358 -0.60704942
1463227528.06512 36.50626407 1.62319966 7.08818864 -0.02569018 0.79641186 0.07076160 -0.60005080
1463227528.13147 36.46142944 1.61554600 7.02764586 -0.04065441 0.77676892 0.08417672 -0.62280940
1463227528.19805 36.41668557 1.60588964 6.96864187 -0.02803147 0.77519174 0.09250265 -0.62428781
1463227528.26549 36.37177222 1.59590360 6.91156316 -0.00559908 0.78701267 0.07922144 -0.61180362
1463227528.33162 36.32583882 1.58848223 6.85379470 -0.00046662 0.78603162 0.06072841 -0.61519601
1463227528.39801 36.27490642 1.58509603 6.79897178 -0.01048350 0.77289437 0.06725570 -0.63087325
1463227528.46480 36.22240123 1.58222401 6.74359634 -0.01112414 0.76060664 0.08047327 -0.64411012
1463227528.53129 36.16790307 1.57745648 6.69174809 -0.01638615 0.74498479 0.08761422 -0.66109977
1463227528.59782 36.11318212 1.57115172 6.64250049 -0.01627406 0.73549381 0.08502148 -0.67197869
1463227528.66455 36.05659538 1.56476229 6.59545211 -0.01669006 0.72568080 0.07932693 -0.68323938
1463227528.73116 35.99786478 1.55952129 6.55016922 -0.01422135 0.71636614 0.07928252 -0.69305958
1463227528.79774 35.93972343 1.55312516 6.50341899 -0.01278383 0.70313245 0.08185573 -0.70621596
1463227528.86480 35.87900550 1.54927931 6.46478451 -0.01304834 0.69197886 0.07558483 -0.71783141
1463227528.93094 35.81861398 1.54510248 6.42588501 -0.01617677 0.67816115 0.07719513 -0.73066865
1463227528.99764 35.75730452 1.54140475 6.39017644 -0.01691171 0.65669600 0.08679494 -0.74895327
1463227529.06424 35.69455603 1.53685078 6.35749613 -0.00589785 0.63242518 0.09694768 -0.76850814
1463227529.13325 35.63244909 1.52936257 6.32741574 0.00218259 0.61430896 0.09590681 -0.78321237
1463227529.19806 35.56906884 1.52223544 6.29764430 0.01277147 0.60760163 0.08808863 -0.78923859
1463227529.26423 35.50338968 1.51661484 6.26794891 0.00932735 0.59207634 0.07808640 -0.80203561
1463227529.33406 35.43542662 1.51206432 6.23482598 0.00994549 0.57584532 0.08380395 -0.81319133
1463227529.39744 35.36282341 1.50829743 6.21102862 0.01146515 0.56434904 0.09166221 -0.82035160
1463227529.46459 35.29165261 1.50090689 6.18434334 0.00194333 0.55046978 0.09448743 -0.82948862
1463227529.53082 35.22009374 1.49269631 6.15948810 -0.00690714 0.53861112 0.09602270 -0.83703644
1463227529.59731 35.14775882 1.48578284 6.13535830 -0.01316970 0.52862271 0.09216281 -0.84373610
1463227529.66402 35.07447951 1.48120926 6.10951452 -0.00947328 0.52234717 0.08735888 -0.84819344
1463227529.73068 34.99860856 1.47965231 6.08559133 0.00017756 0.51928732 0.09078417 -0.84976401
1463227529.80122 34.92315783 1.47770195 6.05829313 0.00003350 0.52064618 0.09929649 -0.84797863
1463227529.86410 34.84897668 1.47376572 6.03088661 -0.01562462 0.51366466 0.10453386 -0.85145591
1463227529.93051 34.77962643 1.46872843 5.99785675 -0.02263722 0.50570583 0.10447300 -0.85605757
1463227529.99724 34.69965033 1.46325704 5.98117626 -0.01293595 0.50216076 0.10486238 -0.85829547
1463227530.06379 34.62377094 1.45732108 5.95750769 -0.00204260 0.50253945 0.10066068 -0.85867186
1463227530.13271 34.54752332 1.45142440 5.93342303 -0.00206180 0.50245499 0.10187700 -0.85857779
1463227530.19709 34.47042612 1.44668771 5.90734994 -0.00739549 0.51017128 0.09700368 -0.85455302
1463227530.26383 34.39298943 1.44386969 5.88004240 -0.01475348 0.50606624 0.09371530 -0.85726118
1463227530.33034 34.31385981 1.44076120 5.85635637 -0.01428077 0.49896217 0.10428892 -0.86020732
1463227530.39707 34.23656220 1.43629110 5.83186407 -0.02020169 0.49668738 0.10188834 -0.86169153
1463227530.46504 34.15769086 1.43368712 5.80660484 -0.01957646 0.50220141 0.09503149 -0.85929013
1463227530.53016 34.07931803 1.43243168 5.77620875 -0.01808399 0.50964357 0.08714974 -0.85576943
1463227530.59694 33.99690354 1.43325123 5.75207550 -0.01744897 0.51494246 0.08752036 -0.85256670
1463227530.66348 33.91685748 1.43260991 5.72521276 -0.02909552 0.51955862 0.08718227 -0.84947722
1463227530.73072 33.83611189 1.43149065 5.69879866 -0.03353817 0.53479040 0.07702663 -0.84079802
1463227530.79856 33.75476068 1.43022687 5.67267180 -0.04340951 0.54482226 0.07187583 -0.83433698
1463227530.86349 33.67608990 1.43047245 5.63824454 -0.04753368 0.55430491 0.05895360 -0.82886132
1463227530.93050 33.58994420 1.43169936 5.62034599 -0.05865088 0.54737385 0.06085391 -0.83260960
1463227530.99666 33.50698138 1.43313036 5.59645158 -0.06332902 0.52636906 0.06320477 -0.84553546
1463227531.09658 33.38326474 1.43392598 5.56137516 -0.06237900 0.51130047 0.06531450 -0.85464303
1463227531.19656 33.25786568 1.43498357 5.52489127 -0.05752176 0.50057667 0.07528735 -0.86049175
1463227531.29895 33.13315967 1.43632517 5.48055108 -0.06793145 0.49673707 0.08313106 -0.86123564
1463227531.36329 33.04444825 1.43865477 5.45696427 -0.06804759 0.49433686 0.08149771 -0.86276226
1463227531.42982 32.95270146 1.44350407 5.43151024 -0.04558789 0.49139977 0.09510248 -0.86452503
1463227531.49646 32.86214615 1.44662074 5.40156898 -0.03776112 0.50775860 0.07873945 -0.85706208
1463227531.56504 32.77315208 1.44809828 5.37232871 -0.05639585 0.50264726 0.08390169 -0.85856028
1463227531.63444 32.68081046 1.45261101 5.34015438 -0.03961366 0.52661924 0.07707637 -0.84567261
1463227531.69631 32.59087794 1.45585611 5.30301548 -0.04680378 0.51827959 0.08658878 -0.84952814
1463227531.76287 32.50087407 1.45593344 5.28004097 -0.03614312 0.53068459 0.08120122 -0.84289614
1463227531.82975 32.41423816 1.45461268 5.25091443 -0.04862650 0.52499756 0.08093959 -0.84584975
1463227531.89621 32.32721753 1.45492956 5.21922861 -0.04622344 0.54963613 0.06782961 -0.83136193
1463227531.96467 32.23944398 1.45586687 5.18916848 -0.05773659 0.54425435 0.07356015 -0.83369215
1463227532.02941 32.15007280 1.45615780 5.16033230 -0.05496889 0.54589329 0.06727979 -0.83333808
1463227532.09613 32.05788929 1.45404349 5.13261551 -0.04931144 0.55342126 0.05012756 -0.82992802
1463227532.16274 31.96228710 1.45037365 5.10380126 -0.05047471 0.56387838 0.03118219 -0.82372395
1463227532.22933 31.86571455 1.44620875 5.07228109 -0.05995294 0.57687376 0.01560184 -0.81448075
1463227532.29754 31.76901286 1.44310091 5.03989366 -0.07026469 0.58889607 0.00372401 -0.80514000
1463227532.36266 31.67427980 1.43965410 5.00864830 -0.09227623 0.58737253 -0.00986439 -0.80397842
1463227532.42931 31.57949380 1.43582972 4.97823267 -0.10106122 0.59184005 -0.03285757 -0.79901963
1463227532.49811 31.48704960 1.43115075 4.94701925 -0.10933364 0.60142965 -0.04665156 -0.79003302
1463227532.59591 31.33918550 1.42526452 4.90584207 -0.11344236 0.60871488 -0.06210043 -0.78277747
1463227532.69576 31.19439102 1.41884206 4.86559277 -0.11607343 0.61978619 -0.07059067 -0.77292237
1463227532.79794 31.05240456 1.41306513 4.82025125 -0.12393649 0.62809523 -0.07832759 -0.76419953
1463227532.89582 30.90793387 1.40983294 4.78592976 -0.12321283 0.63180017 -0.06767656 -0.76227752
1463227532.99576 30.76549279 1.40271281 4.74763671 -0.11821167 0.63898619 -0.05585918 -0.75802533
1463227533.09709 30.62299265 1.39596377 4.70760045 -0.12109388 0.64777854 -0.05537585 -0.75010183
1463227533.19626 30.48028160 1.38830069 4.66785730 -0.11217100 0.66376911 -0.05408472 -0.73749785
1463227533.29895 30.33932919 1.37878617 4.62965494 -0.12719906 0.65822859 -0.06241751 -0.73936430
1463227533.39561 30.19802950 1.36987779 4.58949418 -0.12740448 0.64513767 -0.06647739 -0.75043071
1463227533.49537 30.06109014 1.36003387 4.55229205 -0.13659219 0.64304651 -0.06959947 -0.75032638
1463227533.59535 29.92369295 1.35511160 4.51115803 -0.12588293 0.63655145 -0.06402482 -0.75819296
1463227533.69977 29.78591390 1.34976055 4.46918525 -0.11659263 0.62911004 -0.04428096 -0.76724567
1463227533.79754 29.65057076 1.34412731 4.42451709 -0.11498693 0.62880890 -0.04480029 -0.76770457
1463227533.89516 29.51679210 1.33750365 4.37846793 -0.12171148 0.62988798 -0.03063228 -0.76647839
1463227533.99602 29.38748990 1.32948136 4.33129565 -0.13563124 0.62279526 -0.02918998 -0.76998583
1463227534.09518 29.25612354 1.32148566 4.28768199 -0.13900255 0.62249419 -0.03039822 -0.76958120
1463227534.19512 29.12518376 1.31464936 4.23697834 -0.14514041 0.62368284 -0.02062655 -0.76780760
1463227534.29732 28.99720788 1.30755584 4.18030161 -0.14864062 0.63894107 -0.02675616 -0.75428402
1463227534.39499 28.86895245 1.30316528 4.11968326 -0.14758026 0.64956006 -0.02574342 -0.74540531
1463227534.49495 28.73965815 1.29841766 4.05837012 -0.14801772 0.64810532 -0.00944462 -0.74696791
1463227534.59499 28.61183635 1.29151905 3.99679204 -0.14827902 0.65338877 -0.00740879 -0.74232173
1463227534.69479 28.48477924 1.28632881 3.93086873 -0.14417434 0.66049440 -0.00897126 -0.73680419
1463227534.79642 28.35975070 1.28149296 3.86263810 -0.14727255 0.66800172 -0.00988140 -0.72937429
1463227534.89469 28.23636713 1.27900250 3.79123032 -0.14308099 0.67995583 -0.01529105 -0.71899519
1463227534.99494 28.11543126 1.27781116 3.71917916 -0.13359670 0.68731469 -0.01481911 -0.71381428
1463227535.09464 27.99468875 1.27383523 3.64882782 -0.14085465 0.68344100 -0.01664549 -0.71609447
1463227535.19449 27.87713288 1.26913618 3.57887093 -0.13914320 0.68051988 -0.01965553 -0.71912831
1463227535.29618 27.75919889 1.26327867 3.50765564 -0.13409231 0.67477102 -0.02171965 -0.72541821
1463227535.39442 27.64512001 1.25133350 3.43526888 -0.15128166 0.66741946 -0.02733611 -0.72864110
1463227535.49522 27.53246782 1.23916006 3.36558706 -0.15698307 0.64966073 -0.03660200 -0.74293845
1463227535.56100 27.45815651 1.23117320 3.32140044 -0.16277076 0.62988379 -0.03964951 -0.75840623
1463227535.66109 27.34949107 1.21949636 3.25597600 -0.16454591 0.60828111 -0.04358441 -0.77525424
1463227535.76107 27.23949906 1.21442432 3.18657587 -0.15091008 0.61174419 -0.04325012 -0.77532227
1463227535.86093 27.13313385 1.21060915 3.11369166 -0.16916103 0.60007832 -0.03306417 -0.78115127
1463227535.96281 27.01645496 1.20568588 3.03861087 -0.16484244 0.61383204 -0.04166404 -0.77090940
1463227536.06219 26.89851947 1.20313685 2.96136823 -0.17380000 0.64186255 -0.03994545 -0.74579514
1463227536.12984 26.81374665 1.20264297 2.91001313 -0.17226540 0.66198771 -0.03382108 -0.72866525
1463227536.22795 26.69402893 1.19977096 2.83965980 -0.16718708 0.67921640 -0.03300621 -0.71387965
1463227536.29589 26.61081639 1.19808442 2.79629606 -0.15759124 0.68752759 -0.03301743 -0.70808238
1463227536.36060 26.52748642 1.19719529 2.75454054 -0.14811482 0.69488950 -0.03083259 -0.70302200
1463227536.42731 26.44383246 1.19704659 2.71445708 -0.14092683 0.69611882 -0.02425658 -0.70354093
1463227536.49389 26.36080416 1.19575415 2.67608138 -0.13326259 0.69717635 -0.02232699 -0.70405094
1463227536.56058 26.27841897 1.19314806 2.63849604 -0.12718056 0.70146095 -0.02212874 -0.70091937
1463227536.62900 26.19110668 1.18993813 2.60198599 -0.12318268 0.70489685 -0.02123342 -0.69820885
1463227536.72755 26.07595130 1.18314741 2.54878400 -0.12075419 0.70619269 -0.02240941 -0.69728626
1463227536.82862 25.95771967 1.17390600 2.50024392 -0.12053527 0.70594249 -0.01853522 -0.69769112
1463227536.92722 25.83604371 1.16505702 2.45639859 -0.11242006 0.69984701 0.00102733 -0.70538985
1463227537.02880 25.71424048 1.15566252 2.41774919 -0.11687503 0.68453221 -0.00121419 -0.71955153
1463227537.13195 25.59262202 1.14827855 2.38148362 -0.11189127 0.66989144 -0.00392720 -0.73396893
1463227537.22750 25.47215443 1.14296189 2.34453601 -0.10453358 0.66115167 -0.00354908 -0.74292571
1463227537.36020 25.31448632 1.13871612 2.29414466 -0.10558186 0.64533605 0.00451493 -0.75655368
1463227537.46236 25.19618021 1.13374468 2.25809946 -0.10088956 0.62868110 0.01671696 -0.77090980
1463227537.56064 25.07554365 1.12723499 2.22457158 -0.09894451 0.61427945 0.01985417 -0.78260881
1463227537.66006 24.95100920 1.12553411 2.19048291 -0.09240393 0.60489867 0.03328494 -0.79022226
1463227537.75999 24.82701370 1.12429124 2.15701295 -0.09123049 0.59272094 0.03896598 -0.79927501
1463227537.85995 24.70232302 1.12245712 2.12684674 -0.07198123 0.58400299 0.03439593 -0.80782185
1463227537.95993 24.57576559 1.12151841 2.09867289 -0.06231935 0.57294026 0.03029354 -0.81666275
1463227538.05981 24.45258996 1.12040716 2.05954001 -0.06314373 0.55755541 0.03867099 -0.82683093
1463227538.12810 24.36905574 1.11842463 2.03445513 -0.07184338 0.53855426 0.05267417 -0.83786829
1463227538.22655 24.24025065 1.11215231 1.99643040 -0.06986438 0.52962326 0.07215752 -0.84226567
1463227538.29480 24.14982599 1.10896071 1.97058770 -0.07313272 0.53091257 0.08008109 -0.84045849
1463227538.36270 24.05768883 1.10675109 1.94474657 -0.07466187 0.53300175 0.07399575 -0.83955903
1463227538.42698 23.96442688 1.10573562 1.91849521 -0.06647207 0.53619455 0.07736904 -0.83790865
1463227538.49315 23.87412538 1.10398662 1.89577748 -0.06267081 0.52945560 0.07668695 -0.84253679
1463227538.55967 23.78423433 1.10106375 1.87361076 -0.04955975 0.53085352 0.06751636 -0.84331483
1463227538.62936 23.69356401 1.09912539 1.85173595 -0.04261161 0.52290656 0.05772446 -0.84936498
1463227538.69288 23.60342885 1.09885584 1.82860269 -0.02790340 0.51624894 0.05118431 -0.85445222
1463227538.75964 23.51335573 1.09861916 1.80437086 -0.02297797 0.50026091 0.06001420 -0.86348673
1463227538.82623 23.42314844 1.09625529 1.77881402 -0.03113669 0.48902821 0.07022171 -0.86887906
1463227538.89317 23.33530422 1.09207968 1.75181782 -0.04541649 0.47212993 0.06641848 -0.87784922
1463227538.96502 23.24396813 1.08735602 1.72647292 -0.03551120 0.46911651 0.06546144 -0.87999060
1463227539.02619 23.14771809 1.08292090 1.69965813 -0.01833000 0.48885236 0.06474835 -0.86976723
1463227539.09266 23.05008870 1.07782262 1.67304120 -0.03520980 0.48718966 0.07981443 -0.86892817
1463227539.15936 22.95162270 1.07252084 1.64589695 -0.04745456 0.50614140 0.05829220 -0.85916877
1463227539.22605 22.85279425 1.06527299 1.61928726 -0.06965353 0.52243052 0.02677940 -0.84941015
1463227539.32581 22.69757771 1.05493611 1.58205248 -0.06939410 0.54252070 0.01810080 -0.83697557
1463227539.42584 22.55015970 1.04031942 1.54206780 -0.10673180 0.54114604 0.00495987 -0.83411311
1463227539.55902 22.35610095 1.02642505 1.48840815 -0.12420076 0.52879483 -0.00513468 -0.83959742
1463227539.72574 22.09560989 1.01515085 1.42443113 -0.11672553 0.52980481 -0.01180312 -0.83996589
1463227539.85893 21.88797178 1.01012466 1.36536790 -0.12514757 0.54450953 -0.00233534 -0.82936241
1463227540.02543 21.62754481 1.00239121 1.29567258 -0.13470333 0.53549250 -0.00401363 -0.83371859
1463227540.19215 21.36449736 0.99208591 1.22081302 -0.14301492 0.53011973 -0.02176075 -0.83549164
1463227540.35882 21.08674122 0.98314422 1.15213732 -0.12554789 0.50673422 0.00124390 -0.85291067
1463227540.52943 20.81251832 0.97503993 1.08047537 -0.13512371 0.49121172 0.00379910 -0.86048718
1463227540.72530 20.47922330 0.96484851 0.98736867 -0.12172895 0.49984968 0.01508655 -0.85738250
1463227540.89173 20.19562380 0.95535715 0.91405696 -0.12572384 0.48451240 0.02187983 -0.86542621
1463227541.05833 19.89947884 0.93763808 0.84640113 -0.13799687 0.48435240 0.03108172 -0.86336177
1463227541.22492 19.60052191 0.92925165 0.77288862 -0.13185897 0.49024231 0.03589478 -0.86080617
1463227541.39149 19.30579139 0.91763518 0.69603658 -0.13985228 0.47444694 0.03769761 -0.86828586
1463227541.55846 19.00446230 0.90478666 0.62670406 -0.13142004 0.49552787 0.01472728 -0.85846608
1463227541.75809 18.63664360 0.89337261 0.53480941 -0.13350264 0.48500311 0.02725656 -0.86383222
1463227541.96032 18.27677259 0.88251415 0.44594319 -0.13326802 0.49023799 0.02515951 -0.86097233
1463227542.12614 17.98375907 0.86985896 0.36991482 -0.13459121 0.50823415 0.00734884 -0.85060522
1463227542.29288 17.69169093 0.85691554 0.29267049 -0.13928712 0.52364599 -0.00364850 -0.84046455
1463227542.49092 17.35055447 0.84128352 0.19870588 -0.14487010 0.52774455 -0.00172673 -0.83695601
1463227542.75808 16.88901955 0.82174227 0.05624900 -0.15385136 0.53316049 -0.02303711 -0.83158820
1463227542.95918 16.54919295 0.80634398 -0.05144597 -0.13978711 0.55818371 -0.01687388 -0.81768318
1463227543.15846 16.20213256 0.79896577 -0.16339420 -0.12340983 0.55979274 0.00254473 -0.81938735
1463227543.32403 15.91898774 0.77958972 -0.26222863 -0.10677639 0.58456918 -0.01186663 -0.80419951
1463227543.45727 15.69786026 0.76399275 -0.34695985 -0.09924997 0.60946421 -0.02123007 -0.78629009
1463227543.69038 15.33763775 0.74255788 -0.48502347 -0.12094723 0.59928211 -0.03154194 -0.79071982
1463227543.99036 14.87443152 0.72574829 -0.65604611 -0.10096691 0.59795824 -0.04010279 -0.79413059
1463227544.29178 14.41087764 0.70331196 -0.80722140 -0.10839363 0.57550725 -0.03333256 -0.80989578
1463227544.52326 14.04181942 0.68437304 -0.92820501 -0.10754035 0.57025648 -0.03431208 -0.81367396
1463227544.75722 13.66485055 0.67559294 -1.03885739 -0.10211906 0.55585243 -0.01429355 -0.82486088
1463227544.99034 13.28198739 0.65801728 -1.14969945 -0.10722452 0.53593125 -0.00258147 -0.83742100
1463227545.18958 12.95222994 0.64116649 -1.24430512 -0.10386134 0.54826969 -0.01911122 -0.82960710
1463227545.45653 12.49961320 0.62687190 -1.36898632 -0.11344574 0.54205851 -0.00813858 -0.83260819
1463227545.72268 12.04891956 0.60814704 -1.48733722 -0.10430838 0.53451103 -0.00383106 -0.83869127
1463227545.98927 11.57427307 0.58211934 -1.61235803 -0.11783598 0.52562878 -0.00930267 -0.84246218
1463227546.28915 11.05365561 0.56089008 -1.76293030 -0.10950073 0.52249993 -0.00056703 -0.84557855
1463227546.58979 10.53327440 0.53502812 -1.91720254 -0.12306278 0.52252533 0.00119220 -0.84369510
1463227546.85541 10.07633586 0.51775669 -2.05818890 -0.11844926 0.52885958 0.00518123 -0.84038709
1463227547.12195 9.62621785 0.50506234 -2.20397949 -0.09937456 0.54188051 0.00116983 -0.83455907
1463227547.38894 9.18781936 0.48436091 -2.35869860 -0.10697825 0.55848872 -0.01203300 -0.82249694
1463227547.65557 8.75903226 0.46514866 -2.50539496 -0.10269270 0.53691209 -0.00992170 -0.83730590
1463227547.92171 8.33824264 0.44243899 -2.65497587 -0.10760201 0.53041731 -0.00214220 -0.84087734
1463227548.22152 7.86862308 0.42441347 -2.81531877 -0.10933610 0.52890654 -0.00444182 -0.84159596
1463227548.48820 7.45943992 0.40221512 -2.95524630 -0.11558774 0.52548471 -0.00429489 -0.84290382
1463227548.72126 7.10260453 0.38774128 -3.07292126 -0.11391720 0.52549972 0.00510946 -0.84311732
1463227548.95444 6.75152796 0.37336566 -3.18587588 -0.11108053 0.52375541 -0.00266885 -0.84459118
1463227549.22092 6.35356684 0.35809378 -3.30992329 -0.10338315 0.52182880 0.00219266 -0.84675960
1463227549.48798 5.95817747 0.33995980 -3.43078523 -0.09186687 0.52607176 -0.00327609 -0.84545742
1463227549.72072 5.61577671 0.32115127 -3.54896876 -0.10604792 0.53024911 -0.00284539 -0.84117871
1463227549.95578 5.25778802 0.31055184 -3.66360910 -0.09753645 0.54542480 0.01319063 -0.83236076
1463227550.18796 4.90585652 0.30018446 -3.77527795 -0.08890566 0.54728603 0.02121567 -0.83193971
1463227550.38701 4.61057327 0.29236199 -3.87893911 -0.08512713 0.52843633 0.02561113 -0.84430592
1463227550.62170 4.26480865 0.27748154 -3.99064084 -0.07048651 0.51784786 0.01736715 -0.85238702
1463227550.86033 3.92644815 0.26146874 -4.09893566 -0.06172616 0.50784843 0.00886597 -0.85918639
1463227551.05333 3.63550917 0.25254747 -4.18493650 -0.04819699 0.49067040 0.01403154 -0.86989811
1463227551.22006 3.39483537 0.24700551 -4.24826116 -0.03869421 0.46569864 0.02479541 -0.88374924
1463227551.38727 3.15459564 0.24119361 -4.29927243 -0.02718342 0.46494341 0.00886242 -0.88487861
1463227551.51981 2.96221169 0.23706898 -4.33981072 -0.01342915 0.44829929 0.02016477 -0.89355514
1463227551.68665 2.72574799 0.23113936 -4.37782977 0.00079102 0.43246955 0.00748401 -0.90161713
1463227551.82097 2.53455073 0.22811641 -4.39942422 0.01397835 0.42022198 0.01182273 -0.90723664
1463227551.95462 2.34335824 0.22751513 -4.41417643 0.01569445 0.40896774 0.00267297 -0.91240996
1463227552.05365 2.20332356 0.22571075 -4.41724104 0.01105675 0.39277434 0.00769205 -0.91953624
1463227552.15278 2.06591656 0.22395783 -4.41174894 0.02160802 0.37604073 0.00341086 -0.92634488
1463227552.25364 1.92527321 0.22343133 -4.40016083 0.02705172 0.35307494 0.00076768 -0.93520356
1463227552.32039 1.83886328 0.22451276 -4.38612704 0.02128614 0.31948756 0.01744207 -0.94719078
1463227552.41999 1.70756180 0.22091120 -4.36069690 0.01481226 0.29284839 0.00865095 -0.95600501
1463227552.51969 1.57658428 0.21913114 -4.32699062 0.02451608 0.26911493 0.01027783 -0.96274113
1463227552.62114 1.45000633 0.21602528 -4.28714852 0.02195809 0.24229557 0.00619675 -0.96993417
1463227552.71958 1.32687954 0.21387852 -4.23965890 0.02711602 0.21624222 0.00168867 -0.97596167
1463227552.81912 1.20940050 0.20994369 -4.18590843 0.02373298 0.17841614 0.00046500 -0.98366875
1463227552.92130 1.09743091 0.20406426 -4.12458770 0.02611088 0.14387166 0.00298243 -0.98924733
1463227553.01900 0.98572501 0.19490918 -4.06756705 0.00976075 0.10804619 0.00474069 -0.99408665
1463227553.12075 0.88891413 0.18606155 -3.99128702 0.00591407 0.07032468 -0.00296933 -0.99750220
1463227553.22032 0.78952356 0.17926283 -3.91967753 0.00854343 0.04133316 -0.00833144 -0.99907415
1463227553.31912 0.69146849 0.17647371 -3.84390372 0.00923169 0.02252784 -0.01853446 -0.99953176
1463227553.42007 0.59680786 0.17527524 -3.76412379 0.01639370 -0.00069974 -0.00291383 -0.99986112
1463227553.51877 0.51085478 0.17157740 -3.68247301 -0.00096378 -0.03451050 0.01026066 -0.99935120
1463227553.61985 0.43413534 0.16878699 -3.59700704 0.00915657 -0.07445036 0.01717881 -0.99703470
1463227553.71892 0.35848708 0.16295556 -3.51533553 0.00428555 -0.11262942 0.02383044 -0.99334201
1463227553.85216 0.27494594 0.15876777 -3.39655069 0.00837212 -0.13080061 0.01006841 -0.99132222
1463227553.95195 0.21320062 0.15785802 -3.30906353 0.00415563 -0.17190222 0.03958093 -0.98430976
1463227554.11864 0.12830001 0.15498544 -3.16429075 0.00298662 -0.20813722 0.03688159 -0.97739947
1463227554.25173 0.07547366 0.15311956 -3.04732898 0.01915736 -0.24944232 0.03755156 -0.96747166
1463227554.41836 0.01827167 0.15203573 -2.90445629 0.01730472 -0.28200078 0.04818407 -0.95804718
1463227554.55164 -0.01484446 0.15544485 -2.78921348 0.03167057 -0.32136234 0.05693403 -0.94471252
1463227554.71819 -0.04937671 0.15635745 -2.64649547 0.02887171 -0.35463862 0.06312793 -0.93242305
1463227554.88529 -0.06396661 0.15702053 -2.51177945 0.02777179 -0.38190004 0.06588577 -0.92143375
1463227555.05140 -0.06910589 0.15955169 -2.38326123 0.03373359 -0.41762397 0.08096027 -0.90437697
1463227555.21801 -0.06395834 0.16084914 -2.25810077 0.04394458 -0.44873913 0.07632349 -0.88931254
1463227555.38459 -0.05706549 0.15898040 -2.13238299 0.02774199 -0.46871224 0.09753324 -0.87751153
1463227555.61959 -0.04026961 0.14733020 -1.96035080 0.00104776 -0.46227779 0.10976565 -0.87991457
1463227555.88539 -0.02334121 0.14198195 -1.78719844 0.00416446 -0.44824072 0.08721095 -0.88963878
1463227556.01752 -0.01923452 0.13264797 -1.70427185 -0.03057442 -0.44018883 0.11051421 -0.89055354
1463227556.21739 -0.01613407 0.11897333 -1.58767413 -0.04531174 -0.40062817 0.09660901 -0.91000583
1463227556.51738 -0.01008519 0.13336100 -1.41662582 -0.02884923 -0.38475537 0.08730507 -0.91842738
1463227556.88397 -0.01528467 0.14041103 -1.21595041 -0.05199586 -0.35294065 0.10866814 -0.92785805
1463227557.25199 -0.01349426 0.14303391 -1.04077245 -0.02610384 -0.36570644 0.07863251 -0.92703523
1463227557.78337 -0.03667732 0.16400679 -0.81996061 -0.02393883 -0.39146572 0.06461908 -0.91760879
1463227557.98318 -0.04315820 0.17104803 -0.72871376 0.00969296 -0.42660529 0.03947137 -0.90352420
1463227558.34968 -0.04073917 0.19123557 -0.57367907 0.03924424 -0.42577978 0.01705186 -0.90381453
1463227558.51636 -0.02363722 0.19720397 -0.51843533 0.04626850 -0.47596927 0.04071576 -0.87729967
1463227558.68292 -0.00031980 0.19347662 -0.46320848 0.03470879 -0.50519442 0.03972300 -0.86139189
1463227558.84955 0.03128129 0.19499270 -0.40405190 0.04097133 -0.55339983 0.02848111 -0.83141975
1463227559.01612 0.07083094 0.19489074 -0.34324680 0.04959235 -0.59388097 0.03890544 -0.80208002
1463227559.24982 0.13459353 0.18773297 -0.25599931 0.01684661 -0.60896257 0.04152760 -0.79193197
1463227559.51588 0.21010260 0.19564904 -0.18309672 0.00361660 -0.64326426 0.03816977 -0.76468365
1463227559.64914 0.24967880 0.20278872 -0.16372149 0.01579191 -0.68768010 0.01917118 -0.72558884
1463227559.88247 0.32189861 0.19369753 -0.12128369 -0.01125800 -0.72126516 0.02396708 -0.69215273
1463227560.18223 0.43016408 0.19217822 -0.05485905 0.01152161 -0.74130038 0.01898678 -0.67080586
1463227560.41614 0.51102865 0.19665399 -0.01379839 0.01200173 -0.76297873 0.00566650 -0.64628733
1463227560.64866 0.59036936 0.20742630 0.03861537 0.04547235 -0.77283241 -0.00719167 -0.63293808
1463227560.91517 0.67289861 0.20584688 0.09610293 0.03141970 -0.75544472 -0.03545267 -0.65349766
1463227561.11503 0.73414892 0.21054623 0.14028094 0.02085616 -0.72704565 -0.04147121 -0.68501809
1463227561.31510 0.78939563 0.21336083 0.18928957 0.03659241 -0.70196401 -0.02292965 -0.71090207
1463227561.48183 0.82519378 0.21344525 0.23898931 0.02912572 -0.66980798 -0.01908813 -0.74171733
1463227561.68135 0.86101779 0.21413410 0.30071749 0.03871470 -0.63526825 -0.01636990 -0.77114684
1463227561.88136 0.88646014 0.20889412 0.35930798 0.04425759 -0.60567231 -0.01166291 -0.79439681
1463227562.11636 0.91906028 0.20497057 0.40675312 0.03430628 -0.57317785 -0.01365621 -0.81859865
1463227562.34833 0.96241230 0.21283349 0.43683414 0.03786748 -0.54642815 -0.00016472 -0.83664945
1463227562.51442 0.99375274 0.22079713 0.45817604 0.03218002 -0.51122343 0.01265554 -0.85875194
1463227562.71559 1.03039801 0.23107565 0.47873844 0.01475187 -0.46764531 0.02806121 -0.88334750
1463227562.91421 1.05976543 0.23924922 0.51472400 0.00531654 -0.41282631 0.03406386 -0.91015704
1463227563.11409 1.07627260 0.24997613 0.54211290 0.01150195 -0.35999498 0.02121503 -0.93264208
1463227563.45031 1.08490860 0.24741047 0.56794298 0.05303425 -0.31279501 0.01527597 -0.94821585
1463227564.34684 1.06362111 0.23821961 0.50586788 0.08503896 -0.31425749 -0.00936547 -0.94547496
1463227564.64667 1.06497684 0.23998932 0.53984423 0.06781167 -0.26768049 -0.03734056 -0.96039284
1463227564.84745 1.06413247 0.23014272 0.55594249 0.04734934 -0.30929745 0.00564314 -0.94976907
1463227565.04930 1.05642036 0.22856031 0.55999590 0.04938072 -0.36848651 0.00843637 -0.92828232
1463227565.28224 1.01327719 0.23558161 0.56765956 0.07358358 -0.38679423 -0.01220070 -0.91914461
1463227565.47951 0.96787455 0.23245665 0.56743045 0.07460923 -0.41601309 -0.00677569 -0.90626743
1463227565.67948 0.92387067 0.22782457 0.56799297 0.04852139 -0.43157686 -0.01308034 -0.90067530
1463227565.94845 0.88782201 0.23729441 0.57627117 0.04012592 -0.46047909 -0.02758389 -0.88633405
1463227566.21266 0.86754901 0.24373319 0.59310910 0.05915570 -0.41686403 -0.00493480 -0.90702846
1463227566.51233 0.89385156 0.23698741 0.58952036 0.03126316 -0.37342866 -0.02894828 -0.92667991
1463227566.67890 0.94002867 0.22862539 0.58553498 0.01810349 -0.34874757 -0.01497087 -0.93692223
1463227566.81605 0.97915632 0.21443964 0.58328948 -0.00186413 -0.31187610 0.00095247 -0.95012048
1463227566.94780 1.01626876 0.20046902 0.58642972 -0.02308192 -0.27744766 0.03078468 -0.95996996
1463227567.14543 1.06545062 0.18607372 0.58854934 -0.04364252 -0.24510007 0.03527404 -0.96787242
1463227567.37899 1.12060165 0.18290184 0.57677916 -0.06287020 -0.21975452 0.05689249 -0.97186343
1463227567.54519 1.16421285 0.18075381 0.55666813 -0.06105789 -0.18361804 0.05608330 -0.97949529
1463227567.78041 1.23774283 0.17351627 0.53087735 -0.06064518 -0.17207352 0.05968897 -0.98140211
1463227567.97827 1.30572626 0.17793067 0.52290777 -0.08169673 -0.15073252 0.04570478 -0.98413232
1463227568.17819 1.38000500 0.18079064 0.53026076 -0.08040097 -0.13865226 0.06968595 -0.98460911
1463227568.37809 1.45407137 0.18139530 0.53327376 -0.06858792 -0.14040877 0.06152896 -0.98579676
1463227568.81127 1.58872388 0.19454527 0.52865208 -0.04859788 -0.12949180 0.06488230 -0.98826130
1463227569.01113 1.64770944 0.19667837 0.53142345 -0.04433553 -0.15270754 0.07130226 -0.98469831
1463227569.21207 1.70102701 0.21376705 0.54077186 -0.03134910 -0.17146095 0.06356809 -0.98263802
1463227569.34432 1.73227986 0.22959315 0.54786471 -0.03270828 -0.20352028 0.06480315 -0.97637606
1463227569.71124 1.75691606 0.27316279 0.55875052 -0.03083023 -0.23032794 0.03283474 -0.97207017
1463227569.94567 1.72222725 0.30479237 0.55644521 -0.00492282 -0.23045242 -0.01162829 -0.97300166
1463227570.07740 1.68093035 0.32140170 0.55099982 0.02538480 -0.21509667 -0.02175060 -0.97602046
1463227570.21068 1.63274203 0.33235195 0.54235170 0.05108726 -0.19304492 -0.01644944 -0.97972096
1463227570.34379 1.58615784 0.34072658 0.53552496 0.06888737 -0.17426119 -0.00530352 -0.98227259
1463227570.51596 1.53071213 0.35068794 0.53339148 0.09861191 -0.15430009 0.01103252 -0.98302872
1463227570.67708 1.46869291 0.36124544 0.53583320 0.11020519 -0.13678355 0.00450815 -0.98444134
1463227570.81026 1.41316372 0.37143541 0.53918080 0.12642890 -0.13746827 0.00513801 -0.98239086
1463227570.94799 1.35714498 0.37809971 0.53960136 0.15448168 -0.14697891 0.00044970 -0.97700174
1463227571.07680 1.30019902 0.37603482 0.54040734 0.15785349 -0.12446310 0.00904854 -0.97954547
1463227571.21004 1.25120348 0.36839656 0.54014699 0.15396847 -0.10560059 0.01496136 -0.98230259
1463227571.34332 1.20613411 0.36139177 0.53969079 0.14841861 -0.09119561 0.02109414 -0.98448480
1463227571.47666 1.15743837 0.35496440 0.53973708 0.15085435 -0.06591355 0.02144080 -0.98612305
1463227571.57652 1.11828390 0.34483324 0.54068830 0.13654870 -0.04383557 0.02289544 -0.98939815
1463227571.67651 1.08035215 0.33121143 0.54280220 0.13288527 -0.02403921 0.01499931 -0.99072632
1463227571.78048 1.04833334 0.31382255 0.54666296 0.11514431 -0.00535328 0.02271331 -0.99307464
1463227571.90970 1.01537638 0.28913799 0.55127543 0.08090312 0.02041342 0.03667096 -0.99583795
1463227572.04303 0.99433032 0.26462433 0.55489196 0.04972038 0.04793382 0.03127001 -0.99712207
1463227572.17626 0.98546826 0.23517266 0.56022007 0.00385413 0.06135341 0.02620532 -0.99776459
1463227572.30972 0.98916644 0.20311607 0.56121536 -0.05223343 0.07217071 0.00343163 -0.99601771
1463227572.40958 1.00307357 0.18202056 0.56072333 -0.10036140 0.06625455 -0.00832266 -0.99270774
1463227572.54275 1.03260704 0.16547186 0.56458680 -0.14419390 0.03492363 -0.01009095 -0.98888151
1463227572.67601 1.07297336 0.16084504 0.57792444 -0.16460226 -0.00563574 0.00109873 -0.98634331
1463227572.80921 1.11957117 0.16211363 0.59524902 -0.15458072 -0.04828769 0.01336914 -0.98670886
1463227572.94414 1.16298150 0.16868726 0.60765844 -0.12877507 -0.07700965 0.01572749 -0.98855407
1463227573.11128 1.20553840 0.18571058 0.61292922 -0.10088759 -0.10320056 0.03022589 -0.98906912
1463227573.27873 1.24348080 0.21004438 0.61257327 -0.05567710 -0.11773684 0.03737912 -0.99077793
1463227573.44234 1.27952600 0.23468596 0.61355580 -0.00503529 -0.13181594 0.07098256 -0.98871668
1463227573.80880 1.34003801 0.26031378 0.64247414 0.04705322 -0.14817782 0.06331690 -0.98580946
1463227574.24188 1.39405342 0.28146412 0.75901514 0.05468025 -0.15278067 0.05970062 -0.98493856
1463227574.44464 1.42196378 0.28507788 0.83076551 0.06792496 -0.14307245 0.05114671 -0.98605298
1463227575.27506 1.41776335 0.30009259 0.86263535 0.09997507 -0.10586439 0.04708877 -0.98822081
1463227575.44124 1.39945247 0.29496556 0.80539851 0.08893870 -0.10658995 0.05614943 -0.98872430
1463227575.60781 1.37602415 0.28717026 0.73694424 0.09098261 -0.11352265 0.03911877 -0.98858712
1463227575.80782 1.34660774 0.27534733 0.66111194 0.09248205 -0.10773846 0.05582076 -0.98829324
1463227576.04110 1.32309772 0.26940857 0.58846142 0.08853213 -0.10932164 0.08252075 -0.98661095
1463227576.27454 1.29864389 0.27361036 0.52402882 0.09363916 -0.12031317 0.05245444 -0.98691691
1463227576.57422 1.25276660 0.26850509 0.46272180 0.10794216 -0.12677167 0.06659285 -0.98379003
1463227576.84252 1.17935196 0.25891722 0.44908439 0.09597543 -0.14329699 0.04561416 -0.98395835
1463227577.04075 1.11105676 0.24998071 0.45411771 0.08490277 -0.15037329 0.03868847 -0.98421674
1463227577.47419 1.00795121 0.24129550 0.52417491 0.07450134 -0.12638079 0.05565526 -0.98761325
1463227577.67471 0.98005155 0.23998720 0.59395492 0.07970842 -0.12520323 0.04545957 -0.98787861
1463227578.13991 0.94319971 0.22774086 0.73382416 0.06737892 -0.09823879 0.01045302 -0.99282423
1463227578.34031 0.95128652 0.22181346 0.78928794 0.04755684 -0.11976075 -0.00840528 -0.99162748
1463227578.53971 0.96969014 0.21050232 0.84187723 0.03792118 -0.15577970 -0.00237059 -0.98706081
1463227578.77336 1.00763769 0.20313830 0.88952960 0.02140798 -0.18979795 -0.02118732 -0.98136106
1463227578.97293 1.06276164 0.20699283 0.92791602 0.01558004 -0.21842601 -0.02652607 -0.97536850
1463227579.17274 1.12894711 0.21164682 0.96836226 0.03413667 -0.21455730 -0.00645712 -0.97609331
1463227579.37290 1.18643872 0.21507760 0.99587048 0.03687239 -0.20914046 0.00335087 -0.97718446
1463227579.57271 1.23609797 0.22202743 1.00700901 0.03216400 -0.18987723 -0.00866319 -0.98124261
1463227579.73916 1.27677174 0.22728904 1.00744646 0.03955800 -0.16502188 0.00993770 -0.98544619
1463227579.87301 1.30715306 0.22803680 1.00466043 0.04609292 -0.14284971 0.04321595 -0.98772556
1463227580.00578 1.33889457 0.22804711 1.00068093 0.04593207 -0.12353235 0.04982083 -0.99002419
1463227580.17224 1.38217607 0.22875484 0.99848552 0.03981325 -0.10795002 0.03658137 -0.99268500
1463227580.30560 1.41900152 0.23249676 0.99968194 0.03329759 -0.09325938 0.02915146 -0.99465781
1463227580.43931 1.45733243 0.23806505 1.00396452 0.03402704 -0.06702927 0.02760916 -0.99678833
1463227580.57241 1.49461128 0.24174850 1.00474716 0.04883011 -0.05295050 0.03859854 -0.99665542
1463227580.70547 1.52651616 0.24352714 0.99512039 0.04835020 -0.04608449 0.05729708 -0.99612024
1463227580.83872 1.55596959 0.24879178 0.97710981 0.05389503 -0.04225004 0.04989478 -0.99640392
1463227581.00553 1.58550483 0.25612984 0.94515902 0.05204747 -0.04027239 0.05502296 -0.99631404
1463227581.17203 1.60364801 0.26268201 0.90561831 0.06571180 -0.02793956 0.07576106 -0.99456604
1463227581.37195 1.62393711 0.25982435 0.85861720 0.06295158 -0.00188324 0.08755855 -0.99416651
1463227581.60535 1.64627334 0.25994446 0.81037703 0.05914807 0.02659982 0.07788192 -0.99485092
1463227581.77164 1.64897238 0.26974102 0.77907268 0.06200687 0.07054728 0.07883452 -0.99245320
1463227582.00674 1.64073129 0.27275668 0.73616051 0.07441525 0.11181226 0.10160184 -0.98571672
1463227582.27281 1.59915924 0.27591614 0.68596554 0.07712042 0.11331425 0.11968069 -0.98330507
