1461243311.78245 -0.25499673 -0.18261745 -0.08147063 0.15058457 -0.31035654 -0.29321470 0.89164356
1461243311.90306 -0.32420711 -0.18295736 -0.06993428 0.16555891 -0.34561004 -0.27082703 0.88306097
1461243312.04260 -0.40400609 -0.17637920 -0.05174674 0.17163137 -0.38358504 -0.25323430 0.87136535
1461243312.30311 -0.55792949 -0.15172224 -0.01824559 0.17415477 -0.46208344 -0.22046054 0.84115763
1461243312.48289 -0.66049861 -0.12342659 0.02076189 0.15968844 -0.49023676 -0.19295720 0.83482636
1461243312.66249 -0.75288379 -0.09251527 0.06854656 0.15496360 -0.48316981 -0.16918081 0.84493258
1461243312.82251 -0.82823210 -0.06974726 0.11272572 0.15497362 -0.45651282 -0.15447551 0.86239002
1461243313.12262 -0.99209244 -0.03282216 0.19624837 0.13896731 -0.40131764 -0.13631469 0.89501427
1461243313.24255 -1.07138386 -0.01788546 0.23872908 0.12056785 -0.36697757 -0.11898862 0.91467621
1461243313.36253 -1.15798724 -0.00384314 0.27723544 0.08540860 -0.35391196 -0.10522900 0.92540724
1461243313.50241 -1.26052454 -0.00240964 0.30762207 0.07312244 -0.35695077 -0.09912007 0.92596677
1461243313.62244 -1.33918886 -0.00889732 0.33096761 0.06858622 -0.33713295 -0.07705630 0.93578824
1461243313.74277 -1.41682139 -0.01464935 0.35343133 0.07374646 -0.31482694 -0.06333444 0.94415793
1461243313.82277 -1.46433224 -0.02068359 0.36994549 0.08123862 -0.28135880 -0.07089185 0.95352601
1461243313.90241 -1.51079427 -0.03446014 0.38223776 0.10346525 -0.25133895 -0.05931271 0.96052365
1461243314.00239 -1.56512180 -0.04580681 0.39486107 0.09904617 -0.20606705 -0.05727700 0.97182590
1461243314.12269 -1.62850270 -0.06086915 0.40077547 0.09609609 -0.17119471 -0.07059476 0.97799504
1461243314.26258 -1.69839070 -0.08349641 0.39054905 0.12111885 -0.16085493 -0.06472113 0.97737766
1461243314.42268 -1.76753930 -0.09228807 0.36328204 0.15005638 -0.15853869 -0.05854885 0.97412556
1461243314.60270 -1.83902506 -0.06658902 0.33247629 0.14008744 -0.15257357 -0.05478225 0.97677823
1461243314.74232 -1.89858365 -0.04222678 0.29884771 0.12531412 -0.17073125 -0.06113726 0.97540220
1461243314.92240 -1.96450436 -0.02807468 0.25431821 0.11399189 -0.17830058 -0.04640871 0.97624842
1461243315.08262 -2.04169310 -0.01282264 0.21715468 0.10890011 -0.19577611 -0.05657381 0.97293982
1461243315.22230 -2.12038527 -0.00375687 0.18284274 0.11959032 -0.20787315 -0.05454746 0.96928401
1461243315.34232 -2.19129890 0.01082097 0.15486878 0.12142626 -0.22742828 -0.05948029 0.96436204
1461243315.46250 -2.26642424 0.01627331 0.12671989 0.13900060 -0.24480353 -0.05442335 0.95801261
1461243315.60230 -2.34954556 0.01805865 0.10419297 0.14695841 -0.25271912 -0.03372599 0.95571901
1461243315.72268 -2.42261950 0.01847019 0.08289486 0.13061809 -0.26312963 0.00111359 0.95587681
1461243315.82235 -2.48833776 0.01173052 0.05230382 0.13659546 -0.28605421 0.00689599 0.94840240
1461243315.92230 -2.54985658 0.00124428 0.01552778 0.15131805 -0.30817232 0.02267912 0.93894533
1461243316.04261 -2.60765371 -0.01059385 -0.03101807 0.17896238 -0.31008183 0.03981914 0.93286449
1461243316.18247 -2.66548624 0.01328944 -0.07486388 0.17045904 -0.31241944 0.06902302 0.93197298
1461243316.26256 -2.69987478 0.05040487 -0.09300118 0.12493113 -0.32111640 0.08598720 0.93481692
1461243316.34391 -2.73207290 0.09245579 -0.11095876 0.08985855 -0.32607635 0.08451461 0.93726033
1461243316.44260 -2.76423044 0.14783040 -0.13095181 0.05474473 -0.32167932 0.06102477 0.94329285
1461243316.52266 -2.78986241 0.19656641 -0.14855066 0.01751041 -0.33511168 0.03234499 0.94146022
1461243316.62377 -2.81155607 0.25667764 -0.16695380 -0.02128687 -0.34258722 0.01406660 0.93913950
1461243316.72307 -2.82216682 0.31739991 -0.18050836 -0.06600062 -0.33955826 0.00028096 0.93826650
1461243317.02227 -2.79322567 0.39482802 -0.17443781 -0.08021956 -0.27753609 -0.01785725 0.95719364
1461243317.14220 -2.75710367 0.39949088 -0.15200266 -0.07370226 -0.23396908 0.00500338 0.96943355
1461243317.28226 -2.70108256 0.42284155 -0.13278221 -0.07836146 -0.20661366 -0.02299085 0.97500856
1461243317.36221 -2.65432266 0.44131009 -0.12435975 -0.09417159 -0.17373923 -0.03306434 0.97972095
1461243317.46219 -2.58800708 0.46221411 -0.11726226 -0.12019798 -0.14308132 -0.02489793 0.98206938
1461243317.58221 -2.50762046 0.47242257 -0.11452213 -0.12950143 -0.12186544 -0.03653926 0.98338348
1461243317.68295 -2.43435767 0.47439733 -0.11269280 -0.14301373 -0.10384741 -0.04541176 0.98320932
1461243317.80224 -2.35596136 0.45354143 -0.10280789 -0.12056293 -0.09548241 -0.05735888 0.98643684
1461243317.90286 -2.28963358 0.43011865 -0.09176540 -0.09881184 -0.07787963 -0.04712681 0.99093393
1461243318.16231 -2.12591374 0.35793076 -0.02662911 -0.04351527 -0.04398142 -0.03690400 0.99740170
1461243318.28221 -2.05255189 0.32146914 0.02045798 -0.01285313 -0.03092761 -0.04193300 0.99855891
1461243318.38234 -1.99258225 0.28518785 0.06317769 0.01758152 -0.00997320 -0.03466747 0.99919447
1461243318.50269 -1.93856636 0.23452827 0.11174868 0.05824089 -0.01271529 -0.02721587 0.99785050
1461243318.66362 -1.86907957 0.17073616 0.17315076 0.09209261 -0.00455651 -0.02882892 0.99532260
1461243318.80440 -1.80559493 0.12420226 0.23375748 0.13441532 -0.00514257 -0.02736796 0.99053373
1461243318.83847 -1.79644920 0.11996578 0.24097667 0.13958514 -0.00812166 -0.02819781 0.98977518
1461243319.00231 -1.71075726 0.07840867 0.33324731 0.15269343 0.00096118 -0.04126752 0.98741115
1461243319.20264 -1.62866373 0.03398168 0.44269655 0.16211976 0.00793423 -0.04794360 0.98557376
1461243319.38252 -1.57394230 0.01580126 0.53679732 0.14398930 0.01575161 -0.02907201 0.98902669
1461243319.56210 -1.53901982 0.01099063 0.65510338 0.14783485 0.01930730 -0.03426986 0.98822956
1461243319.70207 -1.52925889 0.01523402 0.76366400 0.12478778 0.02560233 -0.05202408 0.99048777
1461243319.84204 -1.53135378 0.00337029 0.87432433 0.13898770 0.02104739 -0.04304701 0.98913416
1461243319.98243 -1.53471628 -0.01174068 0.97716456 0.13691438 0.02669533 -0.02775779 0.98983398
1461243320.10293 -1.53896264 -0.03968248 1.06681910 0.16272248 0.03015902 -0.00293833 0.98620647
1461243320.20224 -1.53348431 -0.04290471 1.13814861 0.17798902 0.05241785 0.01471918 0.98252513
1461243320.30240 -1.53917734 -0.04780875 1.21880474 0.18719609 0.04901730 0.04387847 0.98011714
1461243320.40240 -1.54672037 -0.05237723 1.30093016 0.18600650 0.05677358 0.05242393 0.97950501
1461243320.50207 -1.55960619 -0.06046906 1.37857626 0.18018962 0.05918855 0.05047853 0.98055104
1461243320.58210 -1.56888034 -0.06724298 1.43635319 0.17434427 0.06448838 0.04989019 0.98130336
1461243320.68245 -1.57778844 -0.07803262 1.50773162 0.17305786 0.07195195 0.06889156 0.97986114
1461243320.76256 -1.58112263 -0.06793936 1.56301816 0.16533416 0.08387011 0.06631251 0.98042494
1461243320.84278 -1.58049212 -0.06242613 1.61984828 0.17062761 0.10448945 0.08199516 0.97634265
1461243320.90256 -1.57846868 -0.05547174 1.66310462 0.16281257 0.12572439 0.08510221 0.97490669
1461243320.96394 -1.57523962 -0.05063290 1.70574823 0.15907401 0.15081789 0.08633091 0.97185205
1461243321.04266 -1.57117108 -0.04739842 1.75734105 0.15657265 0.17252984 0.09582186 0.96774823
1461243321.12592 -1.56351440 -0.04868493 1.80399743 0.16506137 0.19954760 0.10940987 0.95966920
1461243321.22417 -1.55418843 -0.05120239 1.85821665 0.15783823 0.22025083 0.11483140 0.95571461
1461243321.34210 -1.53748797 -0.05950433 1.91933868 0.16795147 0.23479321 0.13726448 0.94753518
1461243321.48209 -1.51609833 -0.06470428 1.98795910 0.17353674 0.23870983 0.13368207 0.94606116
1461243321.60201 -1.49903584 -0.06918722 2.05828605 0.15399837 0.22785575 0.10719527 0.95544515
1461243321.74204 -1.47785727 -0.06667600 2.14015514 0.13318221 0.20723669 0.07781164 0.96605424
1461243321.86202 -1.47402299 -0.08410302 2.20839058 0.13928505 0.16781564 0.03782355 0.97519586
1461243322.06197 -1.47087839 -0.10575146 2.30780607 0.15032864 0.13486389 0.02554159 0.97906111
1461243322.26189 -1.46365886 -0.11472146 2.41884384 0.16380502 0.12700292 0.04578491 0.97721130
1461243322.40220 -1.44549593 -0.11598082 2.50319288 0.18163941 0.15616477 0.06483856 0.96871856
1461243322.52422 -1.42691750 -0.11983071 2.57198202 0.19642680 0.18429247 0.07485550 0.96012991
1461243322.64196 -1.40637490 -0.12401129 2.63943009 0.19079471 0.21807624 0.08630108 0.95320106
1461243322.78208 -1.37731420 -0.12901252 2.71682417 0.19314742 0.24763610 0.10190944 0.94391996
1461243322.94200 -1.34189063 -0.13295567 2.80311114 0.20035896 0.27182590 0.09930033 0.93600556
1461243323.08186 -1.29518503 -0.14736802 2.87968832 0.22225848 0.30233083 0.10634177 0.92080870
1461243323.22447 -1.25119740 -0.17090507 2.95216484 0.22452467 0.33065919 0.09276598 0.91194717
1461243323.36186 -1.19950394 -0.19594014 3.01786260 0.23853134 0.35793579 0.08237087 0.89899934
1461243323.50331 -1.13158985 -0.20553379 3.08860960 0.24430586 0.38618290 0.08600198 0.88531411
1461243323.64190 -1.04786961 -0.21578677 3.16315983 0.24141270 0.41937432 0.07903404 0.87154960
1461243323.78196 -0.95679299 -0.23633837 3.23258118 0.22669001 0.45720156 0.05969667 0.85791298
1461243323.94202 -0.84588899 -0.27152677 3.30042303 0.24111043 0.47723690 0.05727248 0.84310768
1461243324.08194 -0.73628132 -0.29379611 3.34959455 0.25442346 0.50351127 0.05741733 0.82367976
1461243324.22369 -0.62404229 -0.32244939 3.39523780 0.25676891 0.52524323 0.03854152 0.81037265
1461243324.40179 -0.48645637 -0.36610847 3.44955304 0.26840182 0.53451735 0.04632838 0.80006584
1461243324.56190 -0.36513820 -0.40043906 3.50508388 0.26373113 0.53430740 0.05222187 0.80139526
1461243324.70189 -0.25402287 -0.42665226 3.55598288 0.26867071 0.53957869 0.03101925 0.79731342
1461243324.84206 -0.14038174 -0.45697110 3.60660328 0.26627517 0.55345530 0.01107674 0.78908939
1461243324.96223 -0.04427972 -0.49536148 3.64857512 0.27912520 0.54049944 0.02814475 0.79319440
1461243325.06182 0.03437455 -0.53841475 3.68139913 0.30317733 0.50850853 0.03231422 0.80526913
1461243325.18190 0.13304614 -0.58173644 3.70892664 0.33725735 0.49986235 0.03687923 0.79689085
1461243325.32359 0.24498947 -0.61610401 3.74387177 0.33052340 0.47696724 0.01547115 0.81425867
1461243325.42358 0.32087614 -0.63400139 3.76952136 0.29895030 0.46083627 -0.00201188 0.83561630
1461243325.54175 0.39640793 -0.65501248 3.79430061 0.25514105 0.46122184 -0.03572505 0.84905900
1461243325.68171 0.48383256 -0.66867349 3.81426063 0.25201004 0.47322138 -0.02847902 0.84364768
1461243325.76162 0.54026524 -0.66489011 3.82260871 0.22560165 0.51738171 -0.03113276 0.82489442
1461243325.86194 0.60727111 -0.65564360 3.84548561 0.18196287 0.52216544 -0.01490186 0.83307305
1461243325.94206 0.66409068 -0.65892820 3.85338449 0.16309147 0.56577885 -0.03203405 0.80763190
1461243326.06166 0.74062105 -0.67561017 3.86928986 0.13564466 0.58903548 -0.05170038 0.79496214
1461243326.18216 0.80944979 -0.70106724 3.88930549 0.13822554 0.59352803 -0.06895570 0.78985017
1461243326.26171 0.85017009 -0.71969664 3.90505577 0.15911234 0.58592629 -0.10866465 0.78712492
1461243326.34158 0.89492578 -0.73006247 3.91175572 0.16872291 0.60553628 -0.14918312 0.76328421
1461243326.44176 0.95987581 -0.73137535 3.92113668 0.17609182 0.63356542 -0.15861547 0.73649689
1461243326.56163 1.04574734 -0.73928719 3.94674631 0.16600105 0.61434641 -0.17172505 0.75201905
1461243326.68177 1.12405358 -0.76535377 3.95968997 0.15894145 0.61289023 -0.20680252 0.74587927
1461243326.82355 1.20121165 -0.79479396 3.97606481 0.12958335 0.63303191 -0.19885638 0.73684116
1461243326.92299 1.24994882 -0.81531377 4.01481346 0.14202590 0.60017669 -0.21367467 0.75760130
1461243327.04170 1.31156233 -0.83142846 4.06429004 0.13809026 0.56599592 -0.21666827 0.78334830
1461243327.20194 1.40097154 -0.84344672 4.11071145 0.11658873 0.56617441 -0.22599763 0.78407824
1461243327.32198 1.46958508 -0.86621682 4.13661756 0.11848170 0.59335111 -0.23504125 0.76069189
1461243327.50202 1.56334328 -0.90606914 4.17599186 0.14433368 0.59928298 -0.23315218 0.75210888
1461243327.74161 1.71176543 -0.90780596 4.23039612 0.11434706 0.61449784 -0.21882068 0.74928944
1461243327.94165 1.84293850 -0.92989868 4.28443814 0.11381095 0.60901226 -0.21897842 0.75379015
1461243328.14174 1.95888630 -0.97532171 4.33698613 0.12032826 0.59702598 -0.21867398 0.76240591
1461243328.30174 2.04874949 -1.00087719 4.38111937 0.12736035 0.58287498 -0.21880742 0.77211360
1461243328.44205 2.13595939 -1.00917472 4.42493277 0.11130584 0.58051779 -0.21626464 0.77707124
1461243328.56157 2.20840508 -1.03286811 4.46221341 0.12381743 0.58376004 -0.21679617 0.77258843
1461243328.68158 2.27897792 -1.05755307 4.50190368 0.13963779 0.57686681 -0.20655495 0.77785668
1461243328.82375 2.35770576 -1.06939520 4.53868851 0.13672430 0.58725208 -0.18196698 0.77674287
1461243328.92404 2.41919411 -1.07232889 4.57586437 0.12950733 0.56946183 -0.17286813 0.79313157
1461243329.04176 2.49309202 -1.08074277 4.59817642 0.14374837 0.59095668 -0.16442683 0.77657609
1461243329.18152 2.58357622 -1.09447180 4.62606650 0.13577307 0.60523599 -0.14581353 0.77070973
1461243329.28155 2.64615664 -1.11773775 4.63244570 0.15676979 0.63194935 -0.13437085 0.74699915
1461243329.40174 2.71679315 -1.13787568 4.64940144 0.16452445 0.66411117 -0.11728624 0.71981386
1461243329.50193 2.77482022 -1.13917501 4.67166956 0.15206213 0.69015571 -0.09865779 0.70059179
1461243329.62329 2.84145438 -1.13950112 4.70580873 0.12661886 0.70455782 -0.09633085 0.69158246
1461243329.72368 2.89377149 -1.14540034 4.72685055 0.11544684 0.72464949 -0.08995898 0.67339626
1461243329.82344 2.93924217 -1.16041563 4.73372280 0.11331903 0.75575995 -0.09198888 0.63837586
1461243329.90147 2.97240546 -1.16843643 4.72420637 0.12250521 0.79246492 -0.05971079 0.59449680
1461243329.98195 3.00191299 -1.17444366 4.71007497 0.13082751 0.82781863 -0.02989725 0.54470784
1461243330.06141 3.02822803 -1.17703474 4.69410904 0.13060571 0.85580991 -0.01119182 0.50040613
1461243330.16233 3.05870124 -1.17759588 4.67376842 0.13182325 0.88101936 -0.00523537 0.45431279
1461243330.28263 3.09009990 -1.17286873 4.64637031 0.12958630 0.90684930 0.00050330 0.40103800
1461243330.40328 3.13195084 -1.17007890 4.61891419 0.12146683 0.92526446 0.01155720 0.35916279
1461243330.54142 3.18065632 -1.17670710 4.58477390 0.11164364 0.94169294 0.01925726 0.31682685
1461243330.72195 3.23781898 -1.19218751 4.53919719 0.10365390 0.95603942 0.02697277 0.27297797
1461243330.88162 3.29343110 -1.19643778 4.48794643 0.11311977 0.96688321 0.03153976 0.22659659
1461243331.08174 3.38110501 -1.19539280 4.41640207 0.11466360 0.97203477 0.04183509 0.20062523
1461243331.28152 3.47594091 -1.21597609 4.33107865 0.12212327 0.97189566 0.04630084 0.19585957
1461243331.46152 3.54901705 -1.23359616 4.25014957 0.12356035 0.97359497 0.03192875 0.18927819
1461243331.60148 3.60869163 -1.24330602 4.18080316 0.14680013 0.96843623 0.01304922 0.20102415
1461243331.74184 3.66328297 -1.26560261 4.09793636 0.16414964 0.96459039 -0.00629585 0.20635076
1461243331.86131 3.71591131 -1.29246421 4.02456148 0.14699118 0.96428940 -0.01076417 0.22005379
1461243331.98144 3.76198885 -1.33162554 3.95499454 0.15507915 0.96017364 -0.02806763 0.23071464
1461243332.08141 3.78240318 -1.36462097 3.89551132 0.17678150 0.95854274 -0.05509338 0.21658448
1461243332.18161 3.78785544 -1.38891560 3.82851901 0.20602081 0.95767659 -0.07325199 0.18720342
1461243332.26139 3.77588680 -1.40588401 3.77562335 0.24388290 0.95295977 -0.09270980 0.15425210
1461243332.32331 3.75459714 -1.41902377 3.73617647 0.26138309 0.95194008 -0.11577187 0.10993561
1461243332.38134 3.72506435 -1.43095952 3.70035529 0.28129629 0.94512737 -0.15346792 0.06367298
1461243332.44163 3.69500712 -1.43397407 3.66381316 0.27142787 0.94846554 -0.16270518 0.01634175
1461243332.52331 3.65568017 -1.42364096 3.61195920 0.27984584 0.94609120 -0.15735776 -0.04285200
1461243332.60129 3.61738297 -1.40035049 3.55977324 0.26998889 0.94929617 -0.13326729 -0.09045783
1461243332.68140 3.57145517 -1.37040988 3.51431544 0.28510124 0.93999015 -0.12171403 -0.14255350
1461243332.74130 3.53370981 -1.34290595 3.48520710 0.28071980 0.93411207 -0.10915558 -0.19161444
1461243332.84127 3.47673595 -1.29618853 3.43949384 0.30189471 0.91781600 -0.09821354 -0.23838515
1461243332.96158 3.41122801 -1.24403793 3.38384077 0.32413493 0.89884494 -0.08546592 -0.28232943
1461243333.16131 3.31865412 -1.20094028 3.29821080 0.31045942 0.89523732 -0.06314544 -0.31333329
1461243333.36165 3.21478725 -1.17810549 3.22940897 0.30881145 0.89217987 -0.06887918 -0.32234489
1461243333.52155 3.12186681 -1.13899851 3.18024899 0.25904721 0.90743397 -0.05771896 -0.32577086
1461243333.68128 3.02904472 -1.09070300 3.13002782 0.20192258 0.92337611 -0.01387899 -0.32620729
1461243333.86121 2.92466475 -1.05361434 3.08110911 0.18451043 0.93237277 0.00312362 -0.31084910
1461243334.02124 2.82626843 -1.02730909 3.04641290 0.17434633 0.94092757 -0.01469631 -0.28990116
1461243334.16119 2.73352864 -0.99922219 3.01707532 0.16212068 0.95093288 -0.02834732 -0.26199232
1461243334.30173 2.63653495 -0.97653537 2.98947820 0.15378572 0.95775686 -0.02801515 -0.24138536
1461243334.44142 2.53427194 -0.96185242 2.96206585 0.15169439 0.95674922 -0.02207699 -0.24724959
1461243334.58190 2.43662193 -0.94722385 2.93224179 0.14602861 0.95837954 -0.02142811 -0.24438727
1461243334.70206 2.34896919 -0.91873708 2.90860756 0.13533693 0.95694320 -0.01488084 -0.25636341
1461243334.82269 2.26061599 -0.88309689 2.88141366 0.12016214 0.95570273 0.00211298 -0.26867990
1461243334.92242 2.18585895 -0.85518153 2.85617292 0.12363424 0.94891680 0.01512440 -0.28990126
1461243335.04182 2.10219908 -0.83078826 2.82347391 0.13638772 0.94246316 0.02708830 -0.30401941
1461243335.20113 1.99836131 -0.79011786 2.77837373 0.15381692 0.93358926 0.05869529 -0.31828651
1461243335.36152 1.88948771 -0.73850547 2.73008332 0.17164297 0.92126680 0.08956016 -0.33732054
1461243335.52136 1.78794641 -0.69821827 2.68053114 0.18026384 0.91125911 0.11727256 -0.35122489
1461243335.72111 1.67723268 -0.66661123 2.61528246 0.18825171 0.90497990 0.13212982 -0.35793071
1461243335.90107 1.58408529 -0.62797096 2.55217603 0.17586928 0.89664364 0.15287970 -0.37646777
1461243336.06168 1.50491588 -0.58851450 2.48938545 0.15895571 0.88534435 0.17067160 -0.40220600
1461243336.20160 1.43924301 -0.56107633 2.43627976 0.16493606 0.87074595 0.17543132 -0.42874402
1461243336.34130 1.37467566 -0.53954238 2.38306651 0.18077465 0.85715255 0.17710459 -0.44860227
1461243336.44124 1.32272327 -0.53391640 2.34613209 0.18187865 0.84860653 0.15317294 -0.47257292
1461243336.54124 1.27183829 -0.53057184 2.30512196 0.17574741 0.84877724 0.12821233 -0.48192493
1461243336.64111 1.22045912 -0.52519224 2.26364693 0.15453769 0.85137916 0.11726897 -0.48735984
1461243336.76123 1.15715378 -0.52283569 2.21582890 0.13438990 0.85330099 0.10388549 -0.49297524
1461243336.90138 1.09399777 -0.53084368 2.15984118 0.11285402 0.86365019 0.08780602 -0.48338641
1461243337.02350 1.04658712 -0.54505424 2.11161093 0.10450446 0.87182128 0.05763506 -0.47506282
1461243337.14117 0.99881687 -0.55573825 2.06219679 0.11290481 0.87508613 0.01517813 -0.47036836
1461243337.28107 0.94176175 -0.55789660 2.00116494 0.13434283 0.87388660 -0.03200590 -0.46610068
1461243337.42288 0.87918590 -0.54998699 1.94405367 0.14348187 0.86256830 -0.05405224 -0.48214855
1461243337.56141 0.81397888 -0.54325656 1.89410983 0.14771245 0.84836379 -0.06615183 -0.50406731
1461243337.70115 0.74477851 -0.53591266 1.85720188 0.14625442 0.83521614 -0.07049575 -0.52540841
1461243337.86118 0.66839504 -0.52043008 1.82918700 0.15534372 0.81763656 -0.08800649 -0.54735148
1461243338.02119 0.57716172 -0.49916906 1.81504783 0.17182471 0.79834111 -0.10693877 -0.56717885
1461243338.18096 0.49560292 -0.47672802 1.80629861 0.17948537 0.78261186 -0.10854738 -0.58610676
1461243338.34131 0.43231294 -0.45681660 1.80059942 0.16011489 0.78130997 -0.08154404 -0.59771943
1461243338.50104 0.36506508 -0.44215409 1.80676957 0.14652245 0.77116576 -0.07930994 -0.61444648
1461243338.66095 0.30547087 -0.42501221 1.82182456 0.15583765 0.75307216 -0.08742699 -0.63320886
1461243338.80125 0.25553179 -0.40154068 1.83477021 0.16713686 0.73384643 -0.08869798 -0.65243188
1461243338.94116 0.20844094 -0.37300453 1.83776075 0.18208456 0.73405410 -0.05257720 -0.65210845
1461243339.12278 0.15610370 -0.35525744 1.83792716 0.19249730 0.73846094 -0.01606820 -0.64603564
1461243339.34092 0.09469857 -0.33990397 1.84245586 0.16802975 0.73877702 -0.00494671 -0.65264848
1461243339.54123 0.04139691 -0.33110849 1.84206012 0.15420120 0.73666881 -0.01969780 -0.65814364
1461243339.74106 -0.00929857 -0.31201483 1.84131327 0.14524225 0.72516434 -0.00687430 -0.67304837
1461243339.98098 -0.04492561 -0.28581780 1.82991713 0.14465024 0.71379963 0.02151797 -0.68491122
1461243340.20116 -0.05431962 -0.26553188 1.80133034 0.15613527 0.71809891 0.05226639 -0.67618338
1461243340.60087 -0.09484719 -0.25784106 1.77160425 0.15669597 0.71094722 0.05588258 -0.68328439
1461243340.88074 -0.13873493 -0.25879063 1.76135468 0.15136055 0.69557394 0.05469864 -0.70019636
1461243341.08079 -0.18171426 -0.25511233 1.75293849 0.14169531 0.68606958 0.04412523 -0.71223868
1461243341.22118 -0.21701510 -0.24725557 1.75461478 0.13375006 0.66986632 0.04100318 -0.72918364
1461243341.34079 -0.24665882 -0.23170352 1.76423787 0.13710316 0.64436063 0.05465843 -0.75034296
1461243341.42083 -0.26420559 -0.22568884 1.77589826 0.13909994 0.61562857 0.05657322 -0.77359688
1461243341.58112 -0.30178050 -0.21011750 1.79237455 0.13444365 0.59604453 0.06987239 -0.78852627
1461243341.82080 -0.35008381 -0.17791725 1.81721131 0.13958838 0.57574561 0.09754524 -0.79969807
1461243342.10074 -0.38202316 -0.14610853 1.83964127 0.16241082 0.57950180 0.11213888 -0.79071187
1461243342.32102 -0.39581724 -0.11381254 1.84259572 0.18019328 0.60078705 0.14320283 -0.76555748
1461243342.58103 -0.42456168 -0.07541079 1.84146032 0.18553028 0.61222720 0.17686916 -0.74797972
1461243342.82226 -0.46552453 -0.05575064 1.83491721 0.17916863 0.63570703 0.18885281 -0.72671163
1461243342.94108 -0.48589770 -0.04275808 1.82077730 0.17597564 0.66791124 0.20164687 -0.69445351
1461243343.10096 -0.50723902 -0.02314756 1.80697724 0.17311651 0.69340463 0.22691150 -0.66161308
1461243343.24066 -0.51998680 -0.00943073 1.79832086 0.17091996 0.70992682 0.26072970 -0.63151429
1461243343.38096 -0.53556614 -0.00454580 1.78540903 0.16938362 0.73482624 0.27041142 -0.59851253
1461243343.54062 -0.55757087 0.00245954 1.77357664 0.15900539 0.75978084 0.26854169 -0.57038208
1461243343.70090 -0.57722959 0.02582581 1.75961898 0.16251301 0.77940331 0.28138543 -0.53566989
1461243343.82081 -0.58923795 0.04123464 1.73964527 0.16825111 0.80104338 0.28141602 -0.50082541
1461243343.90056 -0.59478208 0.04972890 1.71895204 0.16153242 0.82724546 0.28898348 -0.45393917
1461243344.00135 -0.60255641 0.05514570 1.69442014 0.14959624 0.85440895 0.28515419 -0.40779087
1461243344.10068 -0.60206768 0.05749732 1.67049823 0.14651551 0.87814333 0.28536178 -0.35491710
1461243344.20087 -0.60447102 0.05529871 1.64871130 0.14263456 0.89767710 0.27719610 -0.31143783
1461243344.30066 -0.60582724 0.04963484 1.62522939 0.13106370 0.91780129 0.27074230 -0.25915576
1461243344.40112 -0.60909468 0.04149515 1.60009096 0.11272354 0.93272363 0.26793771 -0.21337625
1461243344.48079 -0.60985005 0.03027020 1.57314790 0.09296086 0.94932163 0.25011691 -0.16609714
1461243344.58094 -0.61073031 0.01840559 1.53849246 0.06972251 0.96440104 0.22964044 -0.11106160
1461243344.68103 -0.61293146 0.01124337 1.50412245 0.05384261 0.97507491 0.20531163 -0.06462991
1461243344.78078 -0.61308463 0.00881198 1.46988482 0.03845318 0.98230881 0.18279550 -0.01328781
1461243344.92282 -0.62455148 0.01403621 1.42290622 0.05291852 0.98324761 0.17380839 0.01464268
1461243345.08539 -0.63711620 0.01572270 1.36680142 0.05747077 0.98095104 0.17822288 0.05166023
1461243345.11771 -0.63900821 0.01465176 1.36009187 0.05370140 0.98116879 0.17678675 0.05630640
1461243345.24172 -0.64237029 0.00021975 1.31187840 0.05758021 0.98144804 0.15795189 0.09217088
1461243345.36054 -0.63373441 -0.01432925 1.27237415 0.07044765 0.97798257 0.14212582 0.13560045
1461243345.48099 -0.62868199 -0.02034983 1.22550238 0.07610699 0.97452895 0.12893535 0.16696326
1461243345.59203 -0.62075873 -0.02018880 1.18333111 0.07391887 0.96873114 0.11821775 0.20523288
1461243345.68166 -0.61293453 -0.01722146 1.13807992 0.06991909 0.96006786 0.11080530 0.24719063
1461243345.78085 -0.60639703 -0.02010200 1.09346797 0.06709886 0.95268065 0.09801878 0.27980287
1461243345.86104 -0.59621598 -0.02888895 1.06406266 0.06564185 0.94025348 0.08573135 0.32290042
1461243345.94080 -0.58747486 -0.04007644 1.03455748 0.05761638 0.92971879 0.08198101 0.35437611
1461243346.00065 -0.57895930 -0.05322746 1.01642384 0.06568897 0.91469071 0.07061771 0.39247803
1461243346.08065 -0.56994998 -0.07031148 0.99333264 0.06461397 0.90001892 0.05603731 0.42737664
1461243346.16070 -0.56305603 -0.08548820 0.97114099 0.07246455 0.88107539 0.04470077 0.46524928
1461243346.24125 -0.55881938 -0.09894454 0.94716817 0.08354056 0.86526555 0.03111600 0.49332373
1461243346.34073 -0.55931592 -0.11089274 0.91318707 0.08988314 0.84972400 0.02325209 0.51898891
1461243346.44239 -0.56356009 -0.12068715 0.87675797 0.09584232 0.83899732 0.02012577 0.53525012
1461243346.54135 -0.57506445 -0.13775285 0.84629572 0.09899868 0.82569451 0.00985360 0.55527537
1461243346.64176 -0.59122855 -0.16367072 0.81569023 0.10673819 0.81075409 -0.00588940 0.57554329
1461243346.76202 -0.62375139 -0.19415560 0.77470282 0.12676071 0.79720531 -0.00915398 0.59017931
1461243346.88200 -0.66356001 -0.22070397 0.73003238 0.15440239 0.78620268 -0.02041491 0.59802047
1461243347.00099 -0.71201059 -0.23202083 0.68282463 0.16988861 0.77331599 -0.03198964 0.60999747
1461243347.12087 -0.77666366 -0.22798064 0.62559171 0.17081029 0.77367893 -0.04997729 0.60806828
1461243347.22067 -0.83806085 -0.22003174 0.57552235 0.18496226 0.77170824 -0.05977812 0.60554268
1461243347.32067 -0.89806390 -0.20551826 0.52218663 0.20179412 0.77398290 -0.05158709 0.59797022
1461243347.42070 -0.95334206 -0.18498857 0.46863973 0.20738806 0.77598806 -0.04484713 0.59398776
1461243347.52372 -1.00719761 -0.15262245 0.41443910 0.19795441 0.78510700 -0.03831954 0.58562161
1461243347.62269 -1.06094610 -0.10890805 0.35979624 0.18869475 0.78998249 -0.02846416 0.58267636
1461243347.70084 -1.10448843 -0.07165048 0.31441005 0.17826637 0.79597510 -0.02276456 0.57803678
1461243347.78065 -1.14817604 -0.03660560 0.26547475 0.16957852 0.80635786 -0.02224120 0.56615851
1461243347.88057 -1.20461662 0.00001093 0.20327922 0.16834026 0.81725812 -0.02084003 0.55074169
1461243347.98073 -1.26104857 0.02919808 0.14867747 0.15155957 0.82310948 -0.02390590 0.54676228
1461243348.06042 -1.31023088 0.04746708 0.10227723 0.17782891 0.82243604 -0.02630598 0.53970717
1461243348.16091 -1.37301550 0.07949167 0.04250369 0.17963937 0.83459955 -0.01123304 0.52062184
1461243348.24076 -1.42494731 0.11330633 -0.00588943 0.16847766 0.84755446 0.01668572 0.50297943
1461243348.34047 -1.49557990 0.15134219 -0.06058523 0.16477720 0.85716192 0.02772450 0.48718915
1461243348.44046 -1.56741510 0.19045052 -0.10974655 0.15837006 0.86255167 0.03968953 0.47890320
1461243348.58045 -1.66733100 0.23695203 -0.15875341 0.15710478 0.86128618 0.06116179 0.47933646
1461243348.68065 -1.73182709 0.26283774 -0.18386989 0.13916262 0.85862996 0.07833205 0.48708567
1461243348.80039 -1.80849326 0.28686732 -0.21286564 0.14952872 0.86025457 0.08607045 0.47978654
1461243348.92205 -1.87966516 0.31341436 -0.23321538 0.14415319 0.85634124 0.10181490 0.48531769
1461243349.04037 -1.94833743 0.33652201 -0.25448692 0.15042429 0.85452715 0.09852754 0.48728658
1461243349.16069 -2.01791302 0.36633804 -0.27533639 0.13899985 0.85935274 0.09441083 0.48298913
1461243349.28031 -2.08665945 0.39160479 -0.28633872 0.11943352 0.86266163 0.09616662 0.48197772
1461243349.42355 -2.16403898 0.40859785 -0.29444675 0.13168195 0.86596740 0.10297778 0.47133417
1461243349.58071 -2.24833871 0.41519299 -0.29285974 0.14397210 0.86953488 0.09987985 0.46174142
1461243349.74043 -2.32881634 0.41218873 -0.28787879 0.14888508 0.87792163 0.08725530 0.44662440
1461243349.90061 -2.40117832 0.38351008 -0.26737976 0.15701130 0.88395993 0.05414885 0.43707001
1461243350.08082 -2.45821253 0.34392573 -0.22539124 0.18080152 0.88674287 0.03681471 0.42384261
1461243350.22166 -2.47757169 0.30406734 -0.17990570 0.19784827 0.88390507 0.00171209 0.42375106
1461243350.36046 -2.47035453 0.26926652 -0.12250509 0.19264202 0.87549990 -0.03955631 0.44138902
1461243350.48055 -2.44676366 0.24074293 -0.06268164 0.19105101 0.86328283 -0.07110109 0.46172167
1461243350.62139 -2.40188914 0.21340906 0.01101935 0.19680461 0.84899403 -0.08533037 0.48290352
1461243350.74029 -2.35189615 0.19181198 0.08002007 0.19975771 0.83589086 -0.08653907 0.50387927
1461243350.90037 -2.27339752 0.16169980 0.16346602 0.20622794 0.81966494 -0.08633208 0.52741464
1461243351.02237 -2.20578191 0.14392928 0.22107885 0.20338402 0.80332491 -0.07438944 0.55477044
1461243351.18093 -2.11051595 0.12589900 0.28269318 0.22351606 0.77999504 -0.06069021 0.58134758
1461243351.32192 -2.01640506 0.11529291 0.33764364 0.22794039 0.75701738 -0.05697492 0.60968986
1461243351.46077 -1.92418120 0.09855461 0.38850623 0.23444827 0.72933839 -0.04995923 0.64078358
1461243351.56022 -1.85825930 0.08229099 0.42985461 0.22040994 0.70437138 -0.05169010 0.67276188
1461243351.68035 -1.77836598 0.06450982 0.47278000 0.20283359 0.67445906 -0.04761303 0.70830538
1461243351.84057 -1.65623328 0.05010564 0.51120377 0.19065756 0.64524267 -0.04796106 0.73824883
1461243352.02287 -1.51197744 0.03328984 0.53940158 0.16762291 0.63989185 -0.06279670 0.74732694
1461243352.20027 -1.36705924 0.00680005 0.53528384 0.16145223 0.64910877 -0.04121016 0.74222146
1461243352.34009 -1.25960811 -0.00731525 0.52763522 0.18447437 0.63087356 -0.01718151 0.75344048
1461243352.48044 -1.14434602 -0.00276240 0.51285586 0.19414638 0.62254621 -0.00047920 0.75811818
1461243352.60034 -1.05049386 -0.00258199 0.49809450 0.17820428 0.61759804 -0.00483906 0.76602381
1461243352.70033 -0.97903309 -0.00959762 0.48782944 0.17282215 0.59442081 0.00168448 0.78536207
1461243352.80033 -0.91366251 -0.02724914 0.47635523 0.16617111 0.57331447 -0.00485319 0.80229304
1461243352.90044 -0.84794376 -0.03969423 0.46012887 0.15423465 0.55887490 -0.00291290 0.81477729
1461243353.00033 -0.78191428 -0.04833905 0.44463311 0.14457093 0.53419888 -0.00471449 0.83289169
1461243353.10030 -0.71396444 -0.05477714 0.42475763 0.13984367 0.51879796 -0.01422021 0.84326165
1461243353.20040 -0.64880999 -0.06247468 0.40158361 0.12902988 0.51587096 -0.03987472 0.84595417
1461243353.30020 -0.58770071 -0.06812384 0.38153339 0.12870748 0.49824995 -0.04192598 0.85640153
1461243353.38035 -0.54227653 -0.06981870 0.36626234 0.10747479 0.48471032 -0.03223785 0.86744786
1461243353.48013 -0.49055666 -0.07545961 0.34405431 0.09885264 0.46255392 -0.01672101 0.88090432
1461243353.58057 -0.43923620 -0.07885823 0.31844796 0.10217954 0.44036316 -0.00026004 0.89198630
1461243353.66067 -0.39886030 -0.07396597 0.29927392 0.09292215 0.41649413 0.00901187 0.90433230
1461243353.74019 -0.36226556 -0.06750925 0.28027407 0.07403688 0.39152725 0.00326619 0.91717735
1461243353.82245 -0.33130650 -0.06313555 0.26194671 0.06363947 0.35764139 -0.00492014 0.93167508
1461243353.90059 -0.30620942 -0.05971231 0.24616857 0.04440743 0.31389928 -0.02095610 0.94818567
1461243354.00023 -0.27002527 -0.05619007 0.22037664 0.03067902 0.28333606 -0.01779701 0.95836462
1461243354.10031 -0.23446157 -0.05200907 0.19328171 0.01720879 0.26529574 -0.00051152 0.96401336
1461243354.18021 -0.20980581 -0.05201215 0.17430508 0.01901174 0.23831237 0.00353242 0.97099603
1461243354.28110 -0.17902253 -0.04895217 0.14949945 0.01377802 0.21323966 0.00908295 0.97686054
1461243354.40024 -0.14433999 -0.04285831 0.12706414 0.01268752 0.18471121 0.00970273 0.98266304
1461243354.50011 -0.12466121 -0.03363225 0.11539741 0.01455937 0.13972469 0.01541374 0.98996336
1461243354.60009 -0.10648046 -0.01963431 0.10518607 0.00005420 0.10182317 0.01080733 0.99474381
1461243354.72194 -0.08306849 -0.00366181 0.08847560 -0.01933465 0.07683751 0.00632644 0.99683607
1461243354.86009 -0.05641383 0.00682818 0.06907429 -0.01762460 0.05103975 0.00047063 0.99854098
1461243355.08014 -0.03233453 0.01287493 0.04129392 -0.00417987 0.02657408 0.00672025 0.99961552
1461243355.62039 -0.00870710 0.01057482 0.00832846 -0.00289400 0.00264281 0.01376513 0.99989758
1461243356.02015 0.00005012 -0.00005200 -0.00001477 -0.00000394 -0.00004240 0.00001634 1.00000000
