1461161317.32714 -0.46896905 0.05737806 -0.69887507 -0.01444553 0.34886640 -0.03408100 -0.93644116
1461161317.48549 -0.45644379 -0.04450857 -0.67774506 -0.02377885 0.32039789 -0.01350216 -0.94688830
1461161317.66545 -0.44235293 -0.16509061 -0.65880129 -0.04424885 0.29058820 0.00512603 -0.95581079
1461161317.92548 -0.44399912 -0.28991327 -0.65554861 -0.06533954 0.26421141 0.02575483 -0.96190424
1461161318.22547 -0.56198423 -0.35746322 -0.69711349 -0.04566259 0.29191407 0.02460828 -0.95503693
1461161318.56547 -0.68481620 -0.44383822 -0.78286260 -0.06442848 0.28418414 0.04347289 -0.95561418
1461161318.74545 -0.74043963 -0.50973453 -0.87198028 -0.08563723 0.30406043 0.04004954 -0.94795019
1461161318.90564 -0.81152889 -0.57012089 -0.97980303 -0.09571960 0.33612227 0.02988388 -0.93646491
1461161319.34547 -0.99213276 -0.73810032 -1.22579225 -0.13631347 0.34438562 -0.00915979 -0.92883437
1461161319.50666 -1.08996305 -0.78852987 -1.32340986 -0.15597066 0.35023339 -0.02698741 -0.92319088
1461161319.70534 -1.30202344 -0.81096314 -1.45891765 -0.15330858 0.36873020 -0.04249215 -0.91582145
1461161319.84571 -1.50840622 -0.81777895 -1.56606971 -0.14357095 0.39555753 -0.04831023 -0.90586298
1461161319.98543 -1.73608093 -0.86402255 -1.68740629 -0.15712638 0.41426235 -0.05494580 -0.89480666
1461161320.10540 -1.93914652 -0.91757749 -1.81277531 -0.17145979 0.43749851 -0.05122043 -0.88123383
1461161320.38571 -2.33888509 -1.08564145 -2.09792644 -0.20038449 0.46892584 -0.07364813 -0.85704759
1461161320.54544 -2.57492614 -1.15421910 -2.26846896 -0.20319335 0.48214652 -0.10085105 -0.84621289
1461161320.68557 -2.82034125 -1.18337285 -2.44759648 -0.18321044 0.49982742 -0.11513365 -0.83866008
1461161320.92562 -3.17125954 -1.27701229 -2.81660035 -0.17910666 0.52480455 -0.16278407 -0.81608966
1461161321.04641 -3.33498809 -1.25429260 -3.00059815 -0.13426573 0.53220883 -0.17244808 -0.81791695
1461161321.18564 -3.52469582 -1.25067564 -3.25888277 -0.12274367 0.55603165 -0.17868492 -0.80239298
1461161321.30561 -3.69594104 -1.26367006 -3.49682382 -0.12214053 0.57639271 -0.18543008 -0.78642788
1461161321.44640 -3.88266686 -1.29378681 -3.78976787 -0.11501300 0.58788370 -0.20406923 -0.77428710
1461161321.56596 -4.03885977 -1.33743984 -4.07080839 -0.12412243 0.59897827 -0.21666453 -0.76083844
1461161321.78530 -4.33422599 -1.35837820 -4.57735172 -0.12010396 0.62937081 -0.22177005 -0.73504114
1461161321.88607 -4.48417488 -1.32364598 -4.81610146 -0.11604494 0.65245304 -0.22155149 -0.71536952
1461161321.98521 -4.63528672 -1.26996676 -5.03629082 -0.11596386 0.66583818 -0.22682418 -0.70125794
1461161322.10529 -4.82526685 -1.18600693 -5.30003004 -0.11391205 0.67866694 -0.21980010 -0.69146449
1461161322.22844 -5.03098249 -1.11089935 -5.55645819 -0.08547533 0.69112805 -0.21094898 -0.68595664
1461161322.32704 -5.18364458 -1.06120412 -5.79343690 -0.09290292 0.70490099 -0.19881076 -0.67450569
1461161322.42722 -5.34733233 -0.99739555 -6.02014948 -0.08584279 0.71547601 -0.17543297 -0.67078191
1461161322.52713 -5.50761842 -0.91923237 -6.23965059 -0.07092937 0.72610227 -0.16914918 -0.66267117
1461161322.64523 -5.69450650 -0.81672536 -6.48414519 -0.06838243 0.73267875 -0.16320488 -0.65716806
1461161322.76524 -5.88134538 -0.72446530 -6.72538547 -0.07422875 0.72497579 -0.15906614 -0.66603166
1461161322.88527 -6.06830774 -0.63978119 -6.91165804 -0.06076365 0.71406055 -0.16091769 -0.67862421
1461161323.00527 -6.26073046 -0.53867199 -7.08555607 -0.03344942 0.71163744 -0.16124037 -0.68297499
1461161323.10517 -6.43287032 -0.42368114 -7.23438414 -0.01892297 0.71157092 -0.14324815 -0.68759634
1461161323.20508 -6.59834407 -0.29150467 -7.36110299 -0.01592206 0.70727742 -0.12285698 -0.69599663
1461161323.30513 -6.76198714 -0.16297056 -7.47130120 -0.00701850 0.70373841 -0.10750415 -0.70224344
1461161323.40609 -6.90570257 -0.04146719 -7.54526135 -0.00580228 0.69134006 -0.09034067 -0.71683597
1461161323.48617 -6.99843071 0.05751249 -7.58179421 0.00297644 0.67263126 -0.07457396 -0.73620449
1461161323.60519 -7.10720928 0.19580500 -7.62514166 -0.00032135 0.66577422 -0.04598500 -0.74473483
1461161323.70520 -7.18695143 0.33100829 -7.68049116 0.00117398 0.65885173 -0.00428127 -0.75225973
1461161323.82694 -7.25111254 0.44929767 -7.68307556 -0.00274668 0.64172657 0.01236899 -0.76682884
1461161323.96588 -7.29087389 0.56103107 -7.64087229 -0.00355528 0.61543633 0.02978789 -0.78761549
1461161324.12526 -7.28191200 0.63226395 -7.56331668 -0.01251866 0.58946629 0.03932873 -0.80673789
1461161324.24543 -7.23949162 0.66679961 -7.45565952 0.00591512 0.55964402 0.03910122 -0.82778903
1461161324.36514 -7.17828497 0.67786923 -7.32536492 0.01670467 0.53161513 0.03753574 -0.84598899
1461161324.48518 -7.09420107 0.69096635 -7.17550836 0.03149680 0.51159185 0.03751493 -0.85783120
1461161324.58515 -7.00160788 0.71146077 -7.02882899 0.04219010 0.48867882 0.04094650 -0.87048055
1461161324.68512 -6.88866163 0.73641994 -6.86202987 0.05457436 0.46972943 0.05187401 -0.87959365
1461161324.78545 -6.77017936 0.73222483 -6.69079982 0.05835609 0.45171104 0.06456937 -0.88790906
1461161324.88539 -6.66115713 0.68297821 -6.51349425 0.05584593 0.42909587 0.04059811 -0.90061632
1461161324.96517 -6.55655827 0.62359915 -6.34654607 0.04366741 0.39786130 0.02710512 -0.91600483
1461161325.04529 -6.44991188 0.57409217 -6.17305287 0.04048579 0.36036181 0.00919907 -0.93188821
1461161325.12505 -6.35273978 0.55409881 -5.97553797 0.03912660 0.32241516 0.01938021 -0.94559081
1461161325.22515 -6.24758806 0.55043483 -5.76422493 0.05165587 0.28136076 0.03365857 -0.95761939
1461161325.32540 -6.16140155 0.57296725 -5.52131874 0.06899188 0.24672780 0.04021572 -0.96578891
1461161325.44569 -6.08935752 0.59982791 -5.23054363 0.09311818 0.22415536 0.06311587 -0.96803913
1461161325.56510 -6.03945829 0.57143489 -4.93326302 0.08435547 0.19752783 0.05281118 -0.97523222
1461161325.70517 -5.99358356 0.51493071 -4.60534275 0.07742614 0.18230331 0.05640447 -0.97856488
1461161325.82702 -5.95045021 0.45163058 -4.32832666 0.08118537 0.15592968 0.05700052 -0.98277455
1461161325.96493 -5.90901028 0.37581443 -4.01458510 0.07877623 0.13448243 0.04427719 -0.98678686
1461161326.10507 -5.86845163 0.31598351 -3.69950024 0.06753636 0.12192029 0.03645630 -0.98956820
1461161326.24502 -5.80862548 0.23035946 -3.41387287 0.04965143 0.10372075 0.02982917 -0.99291841
1461161326.40538 -5.76821671 0.12704018 -3.10277428 0.04307934 0.09755947 0.03117239 -0.99380813
1461161326.54511 -5.71526916 0.06042706 -2.83032850 0.04604655 0.07614802 0.01949189 -0.99584199
1461161326.70509 -5.67363319 0.02922401 -2.51548702 0.04910430 0.06165312 0.01642120 -0.99675373
1461161326.82681 -5.63999155 0.02443060 -2.26794844 0.05063411 0.03675355 0.02390100 -0.99775453
1461161326.92742 -5.60038331 0.01391010 -2.06257228 0.05590708 0.00636331 0.03254721 -0.99788506
1461161327.04597 -5.54792627 -0.01668898 -1.83461870 0.05849094 -0.01938265 0.01452350 -0.99799408
1461161327.16502 -5.50787602 -0.04690046 -1.62365277 0.06889531 -0.04074170 0.00515718 -0.99677829
1461161327.30500 -5.46181362 -0.06743773 -1.34852617 0.06527544 -0.05764985 -0.00795202 -0.99616885
1461161327.42689 -5.44623254 -0.07508680 -1.09123503 0.06859322 -0.04376590 -0.01645529 -0.99654841
1461161327.54495 -5.41609789 -0.10509157 -0.83999991 0.06933293 -0.04355397 -0.01874190 -0.99646612
1461161327.64492 -5.40589581 -0.13879302 -0.63203626 0.07755036 -0.03256204 -0.01223518 -0.99638143
1461161327.74501 -5.40504272 -0.18721853 -0.43756268 0.08047231 -0.02718181 -0.01103930 -0.99632499
1461161327.84501 -5.40406728 -0.22573515 -0.24477342 0.08684433 -0.02914614 -0.01854136 -0.99562281
1461161327.94492 -5.39238861 -0.25166334 -0.04933699 0.08505274 -0.04448853 -0.02793892 -0.99499056
1461161328.02870 -5.39032794 -0.26091381 0.11651688 0.08374087 -0.05578747 -0.02705824 -0.99455672
1461161328.10498 -5.38658671 -0.26213633 0.27829625 0.09100764 -0.07645437 -0.02397283 -0.99262160
1461161328.18531 -5.38528152 -0.28028438 0.43740513 0.08465342 -0.10139222 -0.02374711 -0.99095383
1461161328.26489 -5.39331431 -0.28954798 0.59063827 0.09227765 -0.12085520 -0.01676624 -0.98822960
1461161328.34491 -5.41421277 -0.30654850 0.72882949 0.11606869 -0.13131536 -0.01712901 -0.98437337
1461161328.42509 -5.42712480 -0.34598790 0.86943425 0.11190429 -0.14587433 -0.04044472 -0.98212134
1461161328.50502 -5.43143524 -0.37627423 1.00711843 0.11406443 -0.16327925 -0.05284396 -0.97853805
1461161328.60506 -5.44567771 -0.39216949 1.18660042 0.12227124 -0.16469320 -0.06298476 -0.97670815
1461161328.68506 -5.46034297 -0.40884843 1.33281584 0.12132335 -0.16769299 -0.06218139 -0.97636734
1461161328.76557 -5.47773298 -0.40791787 1.47787116 0.13835877 -0.15737116 -0.05145980 -0.97644409
1461161328.84498 -5.47964709 -0.41421477 1.62217852 0.13343337 -0.16214670 -0.06322309 -0.97565712
1461161328.92727 -5.48904811 -0.40940237 1.76427481 0.14616482 -0.15345163 -0.06868518 -0.97486963
1461161329.00498 -5.48461180 -0.41343842 1.89896229 0.15053892 -0.15617002 -0.07532687 -0.97328044
1461161329.10492 -5.47487478 -0.43081701 2.04607729 0.14951777 -0.16417659 -0.09131585 -0.97074811
1461161329.20496 -5.46005267 -0.45541169 2.18272954 0.14151690 -0.18036241 -0.09927046 -0.96829115
1461161329.30494 -5.46152221 -0.46922625 2.30086918 0.14870580 -0.17957978 -0.09737872 -0.96755107
1461161329.40497 -5.44589991 -0.48946340 2.40714956 0.14382234 -0.20160072 -0.08432724 -0.96517418
1461161329.48488 -5.42726233 -0.48798850 2.49226593 0.14484793 -0.22728545 -0.09274724 -0.95851883
1461161329.58500 -5.41854944 -0.46852409 2.60850670 0.14924786 -0.23671471 -0.10626742 -0.95414803
1461161329.66498 -5.40630640 -0.44245188 2.69935813 0.15473961 -0.25526693 -0.11215869 -0.94779474
1461161329.74515 -5.38316809 -0.41152717 2.79420979 0.16221972 -0.28989973 -0.12519728 -0.93486285
1461161329.82676 -5.36149470 -0.40160177 2.90370444 0.16070765 -0.30495808 -0.12920486 -0.92977402
1461161329.90499 -5.33273701 -0.42828477 3.00678672 0.13907087 -0.33209024 -0.13266119 -0.92345892
1461161329.98496 -5.29902175 -0.46892262 3.09776303 0.12394429 -0.35996077 -0.14648038 -0.91302221
1461161330.06493 -5.25667384 -0.52196846 3.18525363 0.09798866 -0.37733230 -0.16498094 -0.90598005
1461161330.16491 -5.17555116 -0.58238156 3.29537526 0.08133238 -0.39805811 -0.16599655 -0.89854323
1461161330.24492 -5.09078963 -0.64209022 3.38326148 0.05786670 -0.41683097 -0.17260609 -0.89056753
1461161330.32682 -4.99570662 -0.71602664 3.46867085 0.03363345 -0.43311258 -0.17018655 -0.88448789
1461161330.40495 -4.89779839 -0.78723181 3.55411566 0.01582130 -0.45271475 -0.15985437 -0.87706649
1461161330.50484 -4.76492208 -0.87342249 3.66639379 -0.00483724 -0.46684111 -0.14678350 -0.87206111
1461161330.58499 -4.66031525 -0.93791682 3.75345210 -0.01886639 -0.47605022 -0.12925300 -0.86966310
1461161330.68492 -4.53564784 -1.00150239 3.86950948 -0.02940642 -0.47821036 -0.12931947 -0.86817428
1461161330.78499 -4.41041890 -1.06113415 3.97661826 -0.02700872 -0.48942306 -0.12273002 -0.86294434
1461161330.88489 -4.27757069 -1.14084831 4.06611209 -0.05436985 -0.51287559 -0.12274776 -0.84790066
1461161331.00491 -4.11869431 -1.20616457 4.19058869 -0.06964879 -0.52978552 -0.12072003 -0.83660207
1461161331.12521 -3.96931296 -1.24459900 4.33114804 -0.07909641 -0.54219131 -0.11483499 -0.82860441
1461161331.24499 -3.82237260 -1.27654460 4.46818636 -0.08607861 -0.55203667 -0.09901588 -0.82343296
1461161331.36495 -3.65854846 -1.27857982 4.59202629 -0.07062736 -0.57085183 -0.09344972 -0.81265436
1461161331.52489 -3.43584476 -1.29940862 4.75300694 -0.05788072 -0.58175111 -0.09544710 -0.80567072
1461161331.66491 -3.24201523 -1.38325444 4.84065161 -0.08975343 -0.59557435 -0.08298462 -0.79394525
1461161331.84476 -2.98840382 -1.46920878 4.95875273 -0.11727675 -0.61054133 -0.08389237 -0.77874740
1461161332.02500 -2.73460746 -1.54656844 5.11051831 -0.13124526 -0.60637370 -0.06944674 -0.78119317
1461161332.16479 -2.54831334 -1.63486960 5.23372559 -0.13504601 -0.59264019 -0.04205658 -0.79295109
1461161332.34481 -2.31975798 -1.74900260 5.38480603 -0.14283746 -0.57744040 -0.02444320 -0.80346909
1461161332.54479 -2.09488300 -1.86306087 5.58168937 -0.15470287 -0.55796289 0.00261868 -0.81531441
1461161332.70485 -1.94658133 -1.95061634 5.77281442 -0.15986251 -0.53060680 0.03963296 -0.83146234
1461161332.86471 -1.82669962 -2.00060087 5.94971334 -0.17062490 -0.50812111 0.05111173 -0.84266700
1461161333.06487 -1.70266248 -2.00814096 6.16483656 -0.15862379 -0.48529341 0.04829309 -0.85848505
1461161333.32648 -1.60332227 -1.97079672 6.43183841 -0.14890655 -0.46430969 0.02835306 -0.87260498
1461161333.52471 -1.54857543 -1.92108015 6.64166759 -0.13940292 -0.43335396 0.01541077 -0.89024360
1461161333.66474 -1.51276140 -1.86414280 6.80277897 -0.11522341 -0.40538961 -0.01128497 -0.90678304
1461161333.80471 -1.50553602 -1.81209393 6.96805069 -0.08348063 -0.37552549 -0.01349315 -0.92294611
1461161333.94470 -1.50622373 -1.76630114 7.14404954 -0.05292499 -0.35408332 -0.01016671 -0.93365978
1461161334.10473 -1.48679098 -1.69946389 7.35910796 -0.02778236 -0.34833598 -0.02508385 -0.93662211
1461161334.26466 -1.46757547 -1.65451206 7.59737876 -0.01166113 -0.34675618 -0.02795666 -0.93746605
1461161334.38476 -1.46089767 -1.64551633 7.78945630 -0.00195632 -0.32685777 -0.02001556 -0.94485954
1461161334.50467 -1.43198968 -1.63952379 7.98057516 0.01245779 -0.32373595 -0.03153310 -0.94553979
1461161334.60472 -1.40121132 -1.65318098 8.14795522 0.01400586 -0.32691652 -0.04692015 -0.94378383
1461161334.70462 -1.35958549 -1.66629122 8.31494244 0.01531692 -0.33276996 -0.06694961 -0.94050375
1461161334.80470 -1.30752305 -1.67947091 8.48391126 0.01630176 -0.34092798 -0.07261727 -0.93713878
1461161334.90467 -1.24914940 -1.69347414 8.65041444 0.01926707 -0.35229315 -0.08485253 -0.93183602
1461161335.00484 -1.20985439 -1.71082936 8.82840370 0.03141660 -0.34157623 -0.08588322 -0.93539444
1461161335.10469 -1.14371457 -1.73354310 8.98465193 0.04108741 -0.35946410 -0.09293026 -0.92761056
1461161335.22642 -1.07332105 -1.76399532 9.17360767 0.04770286 -0.36867700 -0.10142568 -0.92277545
1461161335.36462 -0.97439428 -1.79081876 9.38378121 0.04800994 -0.39195962 -0.09332762 -0.91397629
1461161335.50461 -0.86729238 -1.81371458 9.60494419 0.03497394 -0.41178869 -0.08613326 -0.90652521
1461161335.62640 -0.77222726 -1.84118395 9.80166037 0.02470135 -0.42578766 -0.08564843 -0.90042160
1461161335.76476 -0.65039695 -1.87895141 10.01303374 0.03092271 -0.44314642 -0.07549845 -0.89272897
1461161335.90472 -0.51131269 -1.93359768 10.21914411 0.01536447 -0.45656336 -0.06934205 -0.88685146
1461161336.04461 -0.35640695 -1.97549570 10.42229816 0.00677904 -0.47080291 -0.06657327 -0.87969692
1461161336.14456 -0.23324952 -2.01997673 10.57576467 -0.03008495 -0.49024658 -0.08042057 -0.86734406
1461161336.24460 -0.10771170 -2.04884469 10.75525076 -0.05150638 -0.49500574 -0.13008996 -0.85755059
1461161336.38463 0.05590257 -2.11416282 10.99127834 -0.05134299 -0.50506548 -0.13045626 -0.85161841
1461161336.52457 0.21824340 -2.17698590 11.19029733 -0.04870198 -0.51993810 -0.15475443 -0.83865580
1461161336.68504 0.41060694 -2.24137872 11.43478112 -0.05612035 -0.53493385 -0.17769631 -0.82408756
1461161336.84467 0.61474263 -2.27472668 11.65017220 -0.04385751 -0.54796574 -0.14466686 -0.82272813
1461161336.98461 0.78443478 -2.28908380 11.83627490 -0.02747959 -0.53997141 -0.11034714 -0.83396598
1461161337.16500 0.97219078 -2.29139614 11.99619234 -0.00070290 -0.53554847 -0.07970976 -0.84073402
1461161337.32671 1.15537141 -2.28792577 12.06268530 -0.00811563 -0.56349388 -0.09485316 -0.82061663
1461161337.50453 1.38416560 -2.29785727 12.15861906 -0.01228315 -0.57347168 -0.08409097 -0.81480554
1461161337.68446 1.60824597 -2.34351959 12.22898951 -0.02079531 -0.56744300 -0.08277716 -0.81897737
1461161337.86450 1.79503897 -2.42009031 12.34809750 -0.03644962 -0.55404509 -0.08992370 -0.82681267
1461161338.00448 1.89810867 -2.49248733 12.49089639 -0.05129959 -0.53264452 -0.09390458 -0.83954755
1461161338.14445 1.99062274 -2.54861509 12.66627216 -0.05251703 -0.51731770 -0.08320209 -0.85011868
1461161338.30461 2.08416993 -2.58351869 12.83271872 -0.05963724 -0.53057081 -0.07274154 -0.84240530
1461161338.46490 2.15181362 -2.59337399 12.99286399 -0.06390323 -0.54401968 -0.06697768 -0.83395021
1461161338.60442 2.18680540 -2.57534784 13.15422764 -0.04377231 -0.54480814 -0.08540343 -0.83305122
1461161338.72445 2.21839569 -2.58580893 13.32167840 -0.03819248 -0.52730333 -0.09296212 -0.84371238
1461161338.84443 2.26700984 -2.61454643 13.47580861 -0.04320229 -0.51588179 -0.09612786 -0.85015232
1461161338.98442 2.35352642 -2.62650100 13.64098979 -0.04572609 -0.51675403 -0.11062682 -0.84772407
1461161339.10446 2.42780160 -2.63800535 13.78865890 -0.05755369 -0.50706548 -0.12555347 -0.85076935
1461161339.26446 2.52481310 -2.64111578 13.97926896 -0.04453623 -0.50100675 -0.14049338 -0.85280149
1461161339.38447 2.59387788 -2.65586957 14.13129772 -0.03724468 -0.49090920 -0.13537646 -0.85982219
1461161339.52431 2.69167860 -2.66410500 14.27720890 -0.04107061 -0.50993935 -0.12734104 -0.84974074
1461161339.64487 2.78274531 -2.66290501 14.39584564 -0.04352829 -0.53733759 -0.12927929 -0.83226226
1461161339.80451 2.88510961 -2.66558066 14.54888091 -0.02791429 -0.56375892 -0.11938085 -0.81678938
1461161339.96510 2.94585650 -2.66686966 14.72018912 -0.00465201 -0.55367446 -0.10092594 -0.82658146
1461161340.14433 2.98730118 -2.62391427 14.88239766 0.01955121 -0.54089910 -0.10693657 -0.83403266
1461161340.26433 3.00365167 -2.58301528 15.00587478 0.04175126 -0.50991104 -0.10846191 -0.85234006
1461161340.38424 3.02173072 -2.53955467 15.11684725 0.06651034 -0.48215420 -0.11062388 -0.86652528
1461161340.48527 3.03986381 -2.51270901 15.20803852 0.08280824 -0.45102919 -0.11202384 -0.88157026
1461161340.58432 3.05748043 -2.50586116 15.29963671 0.09412254 -0.41500123 -0.10485238 -0.89884421
1461161340.68428 3.06534792 -2.51793509 15.39249379 0.09900083 -0.37239325 -0.10545649 -0.91673390
1461161340.76418 3.07259120 -2.54727635 15.46995831 0.09327489 -0.33820893 -0.09697979 -0.93140186
1461161340.92705 3.12303042 -2.58738204 15.60291523 0.08739263 -0.31769635 -0.08315601 -0.94048745
1461161341.08460 3.18971201 -2.60413218 15.73115702 0.08557761 -0.32112554 -0.07614993 -0.94008300
1461161341.24435 3.26386234 -2.63785241 15.85032137 0.06948459 -0.34414196 -0.08018671 -0.93290315
1461161341.60481 3.25192816 -2.67937175 15.84608675 0.02796902 -0.38029794 -0.07947775 -0.92101819
1461161341.78425 3.14309511 -2.67279353 15.76740268 0.02333358 -0.37570650 -0.07598572 -0.92332353
1461161341.92646 3.03038677 -2.65130164 15.68081829 0.02735034 -0.36925893 -0.09004519 -0.92454944
1461161342.04474 2.92799413 -2.63928222 15.58907450 0.03137174 -0.36933164 -0.09398445 -0.92400047
1461161342.16483 2.82843169 -2.62784687 15.49636420 0.03469480 -0.37332209 -0.08977776 -0.92269542
1461161342.30465 2.70992227 -2.63515753 15.40248305 0.02591792 -0.37363463 -0.07423260 -0.92423750
1461161342.44509 2.59092767 -2.65061289 15.31486772 0.01017906 -0.37521709 -0.06324074 -0.92472111
1461161342.58487 2.49286188 -2.64560558 15.20662898 0.00316490 -0.39883473 -0.06397849 -0.91478281
1461161342.74509 2.40181421 -2.64270455 15.07156289 0.00463294 -0.42853964 -0.06311661 -0.90130384
1461161342.88443 2.34668258 -2.64327950 14.91012323 -0.00439479 -0.45458466 -0.07821218 -0.88725212
1461161343.03052 2.30194427 -2.63563286 14.75624381 -0.00400053 -0.46547027 -0.09028022 -0.88043790
1461161343.14469 2.26087913 -2.65231010 14.60876616 -0.02071786 -0.46744994 -0.10068678 -0.87802249
1461161343.26418 2.21551356 -2.67780257 14.43338110 -0.04570121 -0.47148377 -0.11409758 -0.87326754
1461161343.36439 2.17290446 -2.69191153 14.28272378 -0.05888382 -0.46947724 -0.12150821 -0.87255921
1461161343.46423 2.11798915 -2.69596094 14.14213342 -0.06046916 -0.45947841 -0.11744828 -0.87831029
1461161343.56409 2.05316765 -2.69694700 14.00395047 -0.07147815 -0.45297150 -0.12219991 -0.88021297
1461161343.66458 1.97304471 -2.68398333 13.88067203 -0.06917170 -0.44230071 -0.10097837 -0.88847551
1461161343.76454 1.88760150 -2.66177824 13.77249051 -0.07013720 -0.42393646 -0.08940853 -0.89853479
1461161343.86421 1.79786118 -2.63906983 13.67012679 -0.07255302 -0.40728255 -0.08010347 -0.90688501
1461161343.96409 1.70367390 -2.61295080 13.58382677 -0.07391703 -0.38102334 -0.07652794 -0.91842308
1461161344.06404 1.61722202 -2.58460973 13.50184952 -0.06636053 -0.35731873 -0.07664336 -0.92846400
1461161344.16409 1.54035549 -2.56655279 13.42502028 -0.05962236 -0.32702979 -0.07740547 -0.93994951
1461161344.30415 1.47419287 -2.54661460 13.31738953 -0.05734159 -0.29953260 -0.08916858 -0.94817779
1461161344.46417 1.44168822 -2.53103688 13.23054055 -0.05930564 -0.26382371 -0.09195618 -0.95834438
1461161344.62606 1.40204166 -2.49915610 13.15201138 -0.05087260 -0.21130820 -0.08241248 -0.97260938
1461161344.86450 1.40964912 -2.49210354 13.11874637 -0.04296007 -0.15254446 -0.08145671 -0.98399666
1461161345.06411 1.40873498 -2.48012981 13.18439038 -0.02906172 -0.09985557 -0.07320097 -0.99187998
1461161345.30416 1.41856995 -2.45368369 13.37267769 -0.02016302 -0.07205185 -0.05725870 -0.99555182
1461161345.48410 1.40038567 -2.44635605 13.53682081 0.00192278 -0.03134763 -0.03824450 -0.99877474
1461161345.74410 1.37801670 -2.47922863 13.77606561 0.00590933 -0.00360604 -0.02183599 -0.99973760
1461161345.96413 1.38647642 -2.50141276 14.00376191 0.00836152 0.02361015 -0.02134174 -0.99945844
1461161346.12607 1.40445871 -2.50992231 14.20269446 0.01258123 0.05502608 -0.02122278 -0.99818006
1461161346.22608 1.38916284 -2.52772301 14.32843170 0.01451676 0.10259270 -0.01558214 -0.99449545
1461161346.32600 1.35447528 -2.54065845 14.41640878 0.01839035 0.14880688 -0.00170830 -0.98869378
1461161346.44482 1.31112833 -2.56458772 14.51939210 0.02200000 0.18755260 0.01734884 -0.98185490
1461161346.58407 1.24713569 -2.59544448 14.63368868 0.01493493 0.22376466 0.02427410 -0.97422641
1461161346.74397 1.14800127 -2.60576855 14.75891222 0.00855066 0.25304666 0.03750659 -0.96668895
1461161346.94405 0.98702523 -2.62448728 14.92840634 -0.00314857 0.28391085 0.04052910 -0.95798857
1461161347.18402 0.77581543 -2.61691857 15.08416136 0.01321131 0.30852743 0.05227686 -0.94968596
1461161347.46394 0.54298351 -2.63355503 15.24824565 0.02328572 0.29667839 0.01330546 -0.95460079
1461161347.60399 0.43933215 -2.65639170 15.39524176 0.02313355 0.25157721 -0.01027158 -0.96750620
1461161347.74404 0.33863384 -2.64967607 15.53715743 0.04968359 0.20298880 -0.02724853 -0.97754008
1461161348.00398 0.10136881 -2.68023328 15.76643509 0.07324167 0.18818282 -0.03657840 -0.97871595
1461161348.20392 -0.03616457 -2.72976131 15.98106058 0.06258728 0.14750427 -0.04348450 -0.98612090
1461161348.32457 -0.08976428 -2.77292662 16.15682390 0.04070173 0.10730343 -0.05844585 -0.99167204
1461161348.40416 -0.12178848 -2.79934438 16.27929078 0.02847747 0.06991165 -0.05641995 -0.99554919
1461161348.50390 -0.14984865 -2.82760406 16.43603781 0.02030858 0.02202425 -0.06292266 -0.99756866
1461161348.58422 -0.15662876 -2.84378919 16.55953543 0.02177225 -0.02216813 -0.07470994 -0.99672111
1461161348.68399 -0.14767507 -2.86235405 16.71373028 0.02567874 -0.07606774 -0.09470142 -0.99226304
1461161348.78389 -0.12519049 -2.87949031 16.86854042 0.02605748 -0.12474599 -0.10986045 -0.98574344
1461161348.90458 -0.08779494 -2.89884853 17.06567071 0.02001389 -0.16770326 -0.12287412 -0.97794530
1461161349.04393 -0.02166710 -2.93481548 17.29924610 0.00730478 -0.21135196 -0.13955014 -0.96736898
1461161349.24441 0.06432053 -3.00856167 17.62764985 0.00557716 -0.23922583 -0.13469244 -0.96156011
1461161349.40387 0.18150901 -3.06535914 17.91911933 0.00325160 -0.26192170 -0.13232275 -0.95596921
1461161349.54383 0.30514029 -3.11358356 18.17623217 -0.01487231 -0.28816287 -0.12410647 -0.94938852
1461161349.68378 0.44681375 -3.16815264 18.44226108 -0.03254030 -0.31511622 -0.11197115 -0.94186271
1461161349.84420 0.59803426 -3.25389219 18.73896099 -0.05066598 -0.32916380 -0.10508758 -0.93703829
1461161350.00378 0.75774793 -3.32671952 19.05820186 -0.04326865 -0.34447697 -0.09777438 -0.93268624
1461161350.14383 0.90715381 -3.34875203 19.34099495 -0.03357725 -0.35016293 -0.09917566 -0.93081829
1461161350.28379 1.06204676 -3.38453885 19.62433655 -0.04041602 -0.34851098 -0.09749128 -0.93134424
1461161350.42640 1.20949423 -3.45218525 19.90583327 -0.05414879 -0.33293114 -0.09550613 -0.93653796
1461161350.56414 1.32221427 -3.52855880 20.18912623 -0.04903532 -0.30265353 -0.08869802 -0.94769670
1461161350.70378 1.44520386 -3.59388441 20.48304299 -0.06712848 -0.27840037 -0.08097966 -0.95468806
1461161350.86371 1.61260856 -3.64559571 20.83533521 -0.08094005 -0.28136580 -0.06519934 -0.95395547
1461161351.04384 1.81948957 -3.73645362 21.21748205 -0.07997493 -0.29474196 -0.05076859 -0.95086999
1461161351.24389 2.08908122 -3.83726386 21.60891273 -0.08813287 -0.31161864 -0.06544724 -0.94384484
1461161351.42558 2.36610254 -3.89381106 21.97355595 -0.10441597 -0.32073209 -0.07008398 -0.93878457
1461161351.62561 2.63678625 -3.96238913 22.33078008 -0.09084329 -0.31036166 -0.05698972 -0.94455032
1461161351.82553 2.88279781 -4.03588968 22.68141997 -0.08548055 -0.29405846 -0.04638210 -0.95082669
1461161351.98379 3.11169654 -4.07500614 22.96812798 -0.10183271 -0.30116841 -0.04107480 -0.94722782
1461161352.14379 3.33743554 -4.10017222 23.27598970 -0.09301555 -0.30413459 -0.03158906 -0.94755073
1461161352.26362 3.49146485 -4.13441203 23.50758929 -0.07693823 -0.28260345 -0.03127370 -0.95563474
1461161352.38366 3.66127059 -4.17697373 23.71691459 -0.07990149 -0.28298329 -0.03940823 -0.95497812
1461161352.48378 3.79525611 -4.20569466 23.90637357 -0.08555594 -0.26673811 -0.04335894 -0.95898434
1461161352.58373 3.93272228 -4.22479310 24.08698748 -0.09261809 -0.25375641 -0.04896150 -0.96157805
1461161352.66368 4.02559994 -4.25128604 24.23394868 -0.09911165 -0.22456707 -0.04742817 -0.96824433
1461161352.76380 4.12738021 -4.28710517 24.39823280 -0.09873727 -0.19121339 -0.05109314 -0.97523222
1461161352.84376 4.18400388 -4.31885748 24.52552590 -0.08990625 -0.15768453 -0.04966378 -0.98213337
1461161352.94379 4.25325771 -4.35995051 24.66483488 -0.08923558 -0.11777716 -0.04527447 -0.98798572
1461161353.04369 4.33752351 -4.38128034 24.80067606 -0.09516575 -0.09525620 -0.03888184 -0.99013026
1461161353.12556 4.39473994 -4.37997392 24.92321582 -0.09136901 -0.07163634 -0.02591012 -0.99289909
1461161353.20370 4.44690922 -4.38095711 25.04698075 -0.09230162 -0.04544570 -0.01458006 -0.99458661
1461161353.30367 4.50680992 -4.38974773 25.19991741 -0.09489638 -0.01077468 0.00559281 -0.99541313
1461161353.38369 4.54346024 -4.39404550 25.32594203 -0.07691337 0.01301304 0.02245142 -0.99670002
1461161353.48366 4.58981703 -4.42676962 25.46168417 -0.07925719 0.04124743 0.01943058 -0.99581093
1461161353.58373 4.62222435 -4.44859081 25.59687236 -0.07786239 0.07196072 0.01495136 -0.99425126
1461161353.66365 4.64615991 -4.46460586 25.70328341 -0.07244548 0.09814065 0.01621605 -0.99239967
1461161353.74364 4.67504060 -4.48019905 25.80798481 -0.08045361 0.12294122 0.01001526 -0.98909674
1461161353.82556 4.70780529 -4.48962348 25.90688783 -0.08194655 0.14553730 0.00944226 -0.98590796
1461161353.90370 4.73375880 -4.51199560 25.99967403 -0.08569661 0.17250701 0.00540645 -0.98125847
1461161354.00369 4.75078855 -4.54025823 26.10336174 -0.08266746 0.20925380 0.00246446 -0.97435767
1461161354.10376 4.75717036 -4.56273036 26.19520652 -0.07344216 0.23923484 -0.00079567 -0.96817990
1461161354.22558 4.75947323 -4.60029410 26.29975034 -0.07292566 0.26676008 -0.00135219 -0.96099900
1461161354.32548 4.74051309 -4.61857231 26.38528560 -0.07704114 0.29551132 0.00216012 -0.95222532
1461161354.42543 4.70825910 -4.61334445 26.47215161 -0.07368844 0.32330437 0.01341404 -0.94332622
1461161354.54426 4.65215840 -4.60433457 26.57130601 -0.07096423 0.35602223 0.02742364 -0.93137543
1461161354.66350 4.58527593 -4.61186158 26.65599930 -0.07152293 0.38430430 0.03625383 -0.91971753
1461161354.80406 4.50795349 -4.62598332 26.74520071 -0.06649111 0.41000251 0.03841970 -0.90884586
1461161354.98401 4.41484485 -4.65674327 26.85372440 -0.05519140 0.43616532 0.02999822 -0.89767134
1461161355.14397 4.31607170 -4.67519274 26.93945951 -0.04906215 0.45911016 0.01986688 -0.88680104
1461161355.36353 4.15507990 -4.72870565 27.08980762 -0.05462596 0.47518512 -0.00341036 -0.87818192
1461161355.54443 3.99674532 -4.76680499 27.19801633 -0.04357635 0.49278735 -0.01587548 -0.86891294
1461161355.70382 3.83103878 -4.77034993 27.27997954 -0.03114846 0.48782293 -0.01528980 -0.87225271
1461161355.84473 3.66428329 -4.78671811 27.35269433 -0.03711970 0.48095126 -0.01259695 -0.87587061
1461161355.94352 3.53156115 -4.81064379 27.40535435 -0.05291067 0.47259961 -0.01579874 -0.87954560
1461161356.04421 3.39152128 -4.82596849 27.46063719 -0.06559177 0.45780878 -0.01232472 -0.88654213
1461161356.12548 3.28747291 -4.84796573 27.51237230 -0.07592874 0.43321287 -0.01782344 -0.89791078
1461161356.22552 3.14865409 -4.87494836 27.54257424 -0.09014574 0.43685835 -0.00105194 -0.89500135
1461161356.30358 3.04648130 -4.89942804 27.61051339 -0.09261346 0.40733680 -0.01117610 -0.90850128
1461161356.40354 2.90322694 -4.92323235 27.68080913 -0.09125438 0.39451097 -0.01507017 -0.91422460
1461161356.50401 2.75494844 -4.94623840 27.75612078 -0.08778574 0.38421719 -0.02413735 -0.91874273
1461161356.62538 2.55465973 -4.98612730 27.85220284 -0.09384995 0.38543397 -0.03639157 -0.91722870
1461161356.78390 2.28562228 -5.04732895 27.97221613 -0.10158615 0.38703864 -0.06401103 -0.91421219
1461161356.94349 2.01418582 -5.11587034 28.10154612 -0.09405920 0.39817103 -0.06536523 -0.91013191
1461161357.08358 1.79533774 -5.18253751 28.22075900 -0.09314232 0.40291432 -0.05885413 -0.90858173
1461161357.22525 1.56746453 -5.22817548 28.33607916 -0.08882127 0.41713757 -0.04561387 -0.90334180
1461161357.36352 1.36089579 -5.27990743 28.45775844 -0.09390619 0.42450759 -0.03303427 -0.89993537
1461161357.54406 1.11833536 -5.38935749 28.60226735 -0.12664378 0.41532506 -0.01603275 -0.90067164
1461161357.74346 0.86320781 -5.53586820 28.75070364 -0.13570923 0.40748072 -0.02174691 -0.90281202
1461161357.94350 0.62928477 -5.64418732 28.87160542 -0.12996632 0.41709948 -0.01561828 -0.89938470
1461161358.14343 0.42447515 -5.73747096 28.98594042 -0.12164454 0.44211217 -0.02734728 -0.88825197
1461161358.34342 0.24456648 -5.80856180 29.11260270 -0.09736269 0.45767006 -0.03305623 -0.88315679
1461161358.58344 0.06502728 -5.84639227 29.22275715 -0.07531483 0.48547956 -0.02380930 -0.87067238
1461161359.02448 0.02559681 -5.86021279 29.33633507 -0.09138061 0.45209135 -0.04968128 -0.88588643
1461161359.38344 0.15218079 -5.74481043 29.17970448 -0.09768202 0.44879786 -0.02730048 -0.88785888
1461161359.58328 0.31040956 -5.66500960 29.00849906 -0.11566504 0.44053635 -0.02163473 -0.88998947
1461161359.80330 0.47657587 -5.57334080 28.84426312 -0.11624831 0.43152168 -0.01709835 -0.89441770
1461161359.98332 0.58489288 -5.51108648 28.70496072 -0.11204772 0.44004881 -0.01146395 -0.89088211
1461161360.14335 0.67521507 -5.45554459 28.57553566 -0.11516422 0.45919966 0.00458058 -0.88082456
1461161360.30340 0.80336350 -5.39506925 28.44254510 -0.11703105 0.48018294 0.00052668 -0.86932606
1461161360.42518 0.91724478 -5.33020344 28.35073478 -0.10600270 0.49385270 -0.01074470 -0.86299333
1461161360.52524 1.00880194 -5.24749693 28.28340825 -0.08186753 0.50260684 -0.00820752 -0.86059091
1461161360.62495 1.08649649 -5.16156242 28.21778505 -0.06035840 0.51066473 0.00783933 -0.85762284
1461161360.72519 1.15829019 -5.08600948 28.15436061 -0.04692042 0.52147320 0.01439375 -0.85185503
1461161360.82508 1.21950853 -4.99863280 28.10599044 -0.02553485 0.52436947 0.02489692 -0.85074366
1461161360.92522 1.26385140 -4.91786496 28.06940931 -0.01290383 0.52606075 0.03364129 -0.84968338
1461161361.02589 1.29477099 -4.84263045 28.04523727 -0.00444893 0.52274170 0.05208803 -0.85088669
1461161361.14327 1.32011018 -4.75620009 28.01105832 0.00362935 0.52750872 0.07063760 -0.84660009
1461161361.28336 1.32372391 -4.66230122 27.99371577 0.00619950 0.52650772 0.08969437 -0.84540293
1461161361.44323 1.30719992 -4.56043447 27.98733698 0.01517657 0.53221965 0.10629692 -0.83976954
1461161361.58330 1.26192874 -4.47109889 28.00921288 0.02733959 0.54413363 0.12098458 -0.82977941
1461161361.72526 1.20375940 -4.39032770 28.07369248 0.04345259 0.53839580 0.10595432 -0.83487455
1461161361.84329 1.14858395 -4.30675089 28.13572823 0.06434410 0.53649672 0.09958487 -0.83553214
1461161361.94321 1.09962686 -4.23705551 28.18774300 0.07502088 0.54057335 0.09903088 -0.83207284
1461161362.04326 1.05636605 -4.16837402 28.24970785 0.08620564 0.53173217 0.08913043 -0.83778592
1461161362.14325 1.01474851 -4.10315715 28.31431206 0.09491621 0.52799616 0.08202271 -0.83993050
1461161362.24323 0.98184398 -4.03569680 28.38247527 0.10889705 0.51454644 0.08138424 -0.84661680
1461161362.34321 0.94731398 -3.99647570 28.43135816 0.09793672 0.51524210 0.09828218 -0.84573908
1461161362.44319 0.90404329 -4.00310216 28.48310395 0.05058359 0.50932531 0.08044388 -0.85531153
1461161362.52498 0.86524525 -3.95926291 28.52389074 0.05543926 0.50702541 0.06731283 -0.85750843
1461161362.58327 0.82270694 -3.90467404 28.53895000 0.06644324 0.51047936 0.06562142 -0.85480404
1461161362.64321 0.76243160 -3.85029438 28.52932441 0.06833442 0.53172375 0.07585294 -0.84074169
1461161362.74322 0.66822593 -3.78297119 28.51832921 0.06500879 0.54723665 0.08922505 -0.82966547
1461161362.84321 0.58606863 -3.73498850 28.50509078 0.06012648 0.55870943 0.08442355 -0.82286162
1461161362.94325 0.51191746 -3.69067167 28.49307675 0.05152831 0.56203343 0.08358236 -0.82126564
1461161363.04347 0.44956117 -3.64834678 28.47972662 0.04576100 0.55553245 0.08159921 -0.82621498
1461161363.14314 0.40497698 -3.58692885 28.45328374 0.05199200 0.55349152 0.09584828 -0.82568582
1461161363.24321 0.37150452 -3.52763144 28.41350516 0.05364785 0.55548886 0.10616248 -0.82297240
1461161363.32495 0.34646499 -3.48743842 28.37228018 0.05384976 0.55954740 0.10594104 -0.82023375
1461161363.40349 0.32300067 -3.44671232 28.32172315 0.05652502 0.56631549 0.11231852 -0.81454051
1461161363.48319 0.29761023 -3.41715282 28.26752357 0.05542491 0.57106063 0.11432233 -0.81101680
1461161363.56319 0.27306383 -3.39340251 28.21065185 0.04979589 0.57914291 0.11767269 -0.80515029
1461161363.64318 0.25338421 -3.36252995 28.15217991 0.05545222 0.58563264 0.11948900 -0.79980113
1461161363.70328 0.24065962 -3.33883093 28.10595078 0.05936658 0.59180590 0.12452692 -0.79418791
1461161363.76320 0.22853646 -3.31689945 28.05474461 0.06059752 0.60105040 0.12930423 -0.78635029
1461161363.82527 0.21972979 -3.29937543 28.00487797 0.06228651 0.61093796 0.12938600 -0.77854638
1461161363.88315 0.21339220 -3.28317404 27.95572869 0.05559701 0.62022853 0.13743988 -0.77028295
1461161363.96351 0.21180755 -3.25378063 27.89705656 0.06133792 0.62831579 0.14225890 -0.76237742
1461161364.04320 0.21520218 -3.22109396 27.84027945 0.06425871 0.63631463 0.15312489 -0.75334406
1461161364.12316 0.22095566 -3.18733354 27.77707003 0.06309080 0.64989268 0.16361550 -0.73951945
1461161364.18318 0.22805417 -3.16224256 27.73369493 0.06819497 0.65934713 0.16694359 -0.72989084
1461161364.26315 0.23738669 -3.12985599 27.67854783 0.07276988 0.66829045 0.17290333 -0.71985892
1461161364.34310 0.24641655 -3.10123995 27.62167426 0.07438558 0.67932557 0.18024221 -0.70745763
1461161364.42499 0.25454798 -3.07104237 27.56254969 0.08020540 0.68989188 0.18731019 -0.69464464
1461161364.50355 0.26160382 -3.05164203 27.50490230 0.08340608 0.70071436 0.18893444 -0.68289573
1461161364.58321 0.26968692 -3.02919534 27.44824490 0.08817920 0.70659924 0.19567038 -0.67428113
1461161364.68325 0.27571680 -3.01661941 27.38102385 0.08995315 0.71015632 0.19449817 -0.67063917
1461161364.78310 0.27711885 -3.02446302 27.31023509 0.09073778 0.71784065 0.18657994 -0.66457459
1461161364.88314 0.27050310 -3.04918161 27.24489838 0.09225570 0.72342831 0.17560054 -0.66129026
1461161364.98308 0.25543266 -3.09091471 27.18294565 0.08922923 0.72865485 0.16259640 -0.65928952
1461161365.06308 0.23995859 -3.13165515 27.14069187 0.08820771 0.73375548 0.15126315 -0.65646154
1461161365.16313 0.22883417 -3.17907685 27.09996975 0.09133911 0.73240608 0.14818536 -0.65823977
1461161365.28308 0.22416477 -3.24366453 27.05319373 0.08438877 0.73767436 0.15052484 -0.65273068
1461161365.40315 0.22692616 -3.32314025 27.03528638 0.08249425 0.73124643 0.14469375 -0.66146585
1461161365.50337 0.22873017 -3.40060386 27.00956485 0.07804310 0.73240287 0.14572343 -0.66049981
1461161365.60319 0.23056700 -3.49377932 26.98422444 0.08033082 0.72729445 0.14172238 -0.66671172
1461161365.68309 0.23677572 -3.58305135 26.95182205 0.07499519 0.72926341 0.13888813 -0.66577826
1461161365.76305 0.23513555 -3.68456948 26.93285079 0.07312789 0.72705490 0.12527808 -0.67108039
1461161365.84311 0.23812555 -3.78419771 26.89707833 0.06668013 0.73528457 0.12173468 -0.66339357
1461161365.92482 0.24296199 -3.89195028 26.87366576 0.05982553 0.73760586 0.10944488 -0.66361157
1461161366.00301 0.24952647 -3.99150019 26.86394042 0.06864017 0.73236877 0.09508159 -0.67073393
1461161366.06309 0.26031961 -4.07066297 26.85148821 0.05966944 0.73430643 0.09238999 -0.66984902
1461161366.12484 0.27352380 -4.15443878 26.84012895 0.05202410 0.73940929 0.08523590 -0.66580946
1461161366.18302 0.28801470 -4.22386536 26.83491070 0.05124959 0.74056608 0.08395647 -0.66474557
1461161366.24306 0.30370155 -4.30602555 26.83519911 0.04401713 0.74257648 0.07788652 -0.66375926
1461161366.30305 0.32882109 -4.38042186 26.83793557 0.04474285 0.74348231 0.07380443 -0.66316291
1461161366.36302 0.34999336 -4.46305367 26.85543389 0.03953082 0.74033513 0.06808955 -0.66761143
1461161366.42480 0.37940303 -4.54062773 26.86162370 0.03203436 0.74363870 0.05203375 -0.66578358
1461161366.50301 0.42199802 -4.62361463 26.88951796 0.02784642 0.74089269 0.04840627 -0.66929771
1461161366.60300 0.47560055 -4.70435306 26.94274285 0.03955808 0.73134368 0.04445363 -0.67940817
1461161366.72501 0.55098816 -4.78089671 27.00347604 0.04340521 0.72209645 0.03944518 -0.68930167
1461161366.84344 0.62916493 -4.85312328 27.07272447 0.02625225 0.70987762 0.02214669 -0.70348710
1461161366.94297 0.69846109 -4.88392835 27.13999117 0.01125563 0.69828176 0.02390898 -0.71533506
1461161367.02944 0.76004898 -4.90578644 27.20049834 -0.00240835 0.68928361 0.02506611 -0.72405386
1461161367.10301 0.82866399 -4.92601872 27.26750488 -0.01109771 0.68194550 0.03024916 -0.73069293
1461161367.18305 0.90235813 -4.96042752 27.34044487 -0.02458327 0.67269168 0.02380274 -0.73913124
1461161367.26297 0.97774677 -4.99773852 27.42062737 -0.04010372 0.65906170 0.02222219 -0.75069005
1461161367.36295 1.06941783 -5.03691606 27.51927568 -0.04541546 0.63847349 0.01895224 -0.76806891
1461161367.48299 1.16745415 -5.06149627 27.64226640 -0.03787254 0.61447230 0.01700856 -0.78784527
1461161367.60361 1.24443189 -5.06090642 27.76892461 -0.03195759 0.59369974 0.02788094 -0.80356828
1461161367.74294 1.32552188 -5.06467112 27.90233159 -0.03180959 0.57784301 0.03247680 -0.81488089
1461161367.98297 1.39480416 -5.06535052 28.07734356 -0.03401269 0.58742182 0.04273286 -0.80743585
1461161368.24326 1.37917469 -5.06837501 28.27553822 -0.03670554 0.58543355 0.05683282 -0.80789250
1461161368.46293 1.29955834 -5.09099504 28.47191186 -0.04748300 0.56760395 0.07293517 -0.81868894
1461161368.60296 1.22685796 -5.12187859 28.62275208 -0.05496116 0.54133083 0.08342485 -0.83485358
1461161368.74296 1.12971443 -5.15787525 28.78147968 -0.05364448 0.51709073 0.08424895 -0.85008327
1461161368.90288 1.00285719 -5.19207384 28.94382632 -0.04773933 0.49978464 0.08307919 -0.86083339
1461161369.06314 0.87529035 -5.24792069 29.09092806 -0.05328886 0.50022740 0.07770411 -0.86075253
1461161369.18279 0.79249518 -5.30909250 29.20752147 -0.07204852 0.49548326 0.06014486 -0.86353225
1461161369.34288 0.68995092 -5.35067406 29.34518231 -0.07564551 0.49861057 0.05558623 -0.86172816
1461161369.46284 0.59531947 -5.38357291 29.41168785 -0.07141574 0.52482267 0.05713445 -0.84628400
1461161369.60286 0.47389596 -5.42537810 29.47211042 -0.07093830 0.55979343 0.05992678 -0.82341232
1461161369.78287 0.33958774 -5.46552536 29.60199802 -0.05960063 0.56706080 0.05461817 -0.81969913
1461161369.96289 0.20789933 -5.47500710 29.74936668 -0.06006595 0.57992984 0.08881684 -0.80757974
1461161370.12467 0.09798182 -5.51159279 29.90780376 -0.07496793 0.58227222 0.09655793 -0.80375085
1461161370.30282 -0.03964555 -5.52768791 30.05263753 -0.07099532 0.59895539 0.10279717 -0.79097715
1461161370.50284 -0.17610739 -5.52454796 30.17797962 -0.06335330 0.61320850 0.11614237 -0.77876354
1461161370.68282 -0.29834487 -5.54298924 30.26563247 -0.07039015 0.64119394 0.11055023 -0.75610462
1461161370.86279 -0.43998367 -5.54501325 30.35284584 -0.06840130 0.66839875 0.11821852 -0.73115577
1461161371.02311 -0.56755080 -5.57059762 30.44652291 -0.07278285 0.68852136 0.11115464 -0.71294155
1461161371.16288 -0.69180381 -5.56340505 30.52398581 -0.06254272 0.70018454 0.13533965 -0.69822145
1461161371.34279 -0.82008242 -5.62614981 30.58952007 -0.07550177 0.71077308 0.12653284 -0.68781579
1461161371.52469 -0.96351545 -5.68827305 30.65577057 -0.05718707 0.71709331 0.10433312 -0.68674699
1461161371.70274 -1.13633257 -5.70378779 30.69016143 -0.02366267 0.72857280 0.10723398 -0.67610845
1461161371.88276 -1.33406036 -5.71931268 30.72037526 -0.01897038 0.72725944 0.10402688 -0.67816830
1461161372.04293 -1.52150250 -5.69034585 30.74394948 -0.00102359 0.73303753 0.12166991 -0.66921698
1461161372.18269 -1.68214574 -5.67097527 30.77459291 0.01774201 0.73385097 0.11547383 -0.66918889
1461161372.32474 -1.81024521 -5.63844767 30.82194960 0.03526908 0.73030546 0.11460035 -0.67251527
1461161372.48264 -1.91359783 -5.58668542 30.89531782 0.04338475 0.72059398 0.12129389 -0.68128546
1461161372.60282 -1.95767929 -5.53540327 30.98434668 0.05370044 0.69981977 0.13130465 -0.70009117
1461161372.70267 -1.96700800 -5.49486792 31.06295403 0.06137517 0.67624264 0.13817855 -0.72099630
1461161372.84275 -1.94024275 -5.46192950 31.14986388 0.05594285 0.65239569 0.14048463 -0.74264011
1461161372.98267 -1.88772905 -5.43746457 31.22620781 0.05528724 0.63150530 0.13943770 -0.76072433
1461161373.14267 -1.82570405 -5.43850762 31.31192505 0.04326718 0.60786099 0.14500797 -0.77949064
1461161373.26260 -1.78580357 -5.50666629 31.36308518 0.02354370 0.58568503 0.12431331 -0.80060286
1461161373.42462 -1.74992592 -5.63069431 31.35680421 -0.01117711 0.58202454 0.09324023 -0.80773063
1461161373.56255 -1.73095700 -5.71193783 31.26786111 -0.03346263 0.60314298 0.08057684 -0.79284688
1461161373.66250 -1.72113774 -5.74630505 31.15444865 -0.04528359 0.62749314 0.07494342 -0.77368291
1461161373.74254 -1.70866261 -5.75865406 31.04631190 -0.05111202 0.65187647 0.07411896 -0.75296150
1461161373.84280 -1.68260323 -5.74599627 30.91469280 -0.05699395 0.67450560 0.07889015 -0.73182664
1461161373.94302 -1.64495415 -5.69458916 30.79470434 -0.04837035 0.69575408 0.08468874 -0.71162799
1461161374.04272 -1.59630190 -5.61538215 30.71530464 -0.02982689 0.70437151 0.09713424 -0.70252122
1461161374.12526 -1.55053474 -5.53689517 30.66735844 -0.01448995 0.70869210 0.11566369 -0.69582143
1461161374.18252 -1.51022244 -5.47484454 30.63886377 -0.00635916 0.71050268 0.13375785 -0.69083597
1461161374.24284 -1.46488093 -5.41096585 30.61971430 0.00475924 0.70739293 0.15280023 -0.69009035
1461161374.30277 -1.41681374 -5.35474870 30.59689134 0.00600239 0.70994708 0.16937623 -0.68355747
1461161374.36253 -1.36535910 -5.29702928 30.57856242 0.01578689 0.70837100 0.18182257 -0.68183712
1461161374.42458 -1.31359961 -5.24181882 30.57383274 0.02093131 0.70786836 0.20045080 -0.67698135
1461161374.48296 -1.26101694 -5.19169321 30.56384392 0.03244285 0.71067815 0.21121794 -0.67027681
1461161374.56279 -1.19342961 -5.14515546 30.55460035 0.03467261 0.71284419 0.22235301 -0.66423649
1461161374.66255 -1.11449362 -5.10804620 30.53870576 0.03651720 0.72239680 0.22959103 -0.65122754
1461161374.74286 -1.05150434 -5.08802351 30.50996140 0.04875166 0.73966086 0.23891952 -0.62724999
1461161374.86247 -0.96905638 -5.10815732 30.47710677 0.04999091 0.75448072 0.23660184 -0.61014697
1461161374.98253 -0.90458201 -5.16139861 30.43843326 0.04371845 0.76908534 0.21929591 -0.59875350
1461161375.08245 -0.85234804 -5.20817834 30.39544654 0.03852856 0.78500862 0.20866475 -0.58201034
1461161375.24248 -0.77794031 -5.26353067 30.35202908 0.03633214 0.79496118 0.21293107 -0.56690127
1461161375.36236 -0.71469623 -5.29519624 30.31998904 0.03788781 0.80839308 0.21323854 -0.54735224
1461161375.46248 -0.65737767 -5.31587942 30.28148980 0.03614216 0.82314776 0.21363009 -0.52486541
1461161375.58245 -0.58841451 -5.34007404 30.25076815 0.02839875 0.84077412 0.21774590 -0.49485262
1461161375.82427 -0.46273939 -5.37741061 30.29331700 0.02008649 0.84456819 0.21835498 -0.48848972
1461161375.98249 -0.34805286 -5.37915568 30.31513737 0.00596708 0.85495214 0.22570242 -0.46698998
1461161376.10278 -0.25151856 -5.39052047 30.31265708 -0.01176073 0.86998316 0.22647613 -0.43783507
1461161376.24250 -0.13986154 -5.42920695 30.30049027 -0.02066088 0.88725099 0.21266724 -0.40881715
1461161376.48250 0.00922072 -5.49623917 30.32433130 -0.02900047 0.89737055 0.19736149 -0.39361594
1461161376.74248 0.12730618 -5.49098898 30.25350309 -0.02761390 0.90421861 0.19866800 -0.37703739
1461161376.86249 0.19662450 -5.46338966 30.16108329 -0.03460584 0.91472909 0.20580649 -0.34600118
1461161376.98256 0.26152373 -5.43883464 30.06354076 -0.04317713 0.92369877 0.20814684 -0.31873376
1461161377.12440 0.33132425 -5.41507725 29.95081872 -0.04828659 0.93217677 0.20540321 -0.29415029
1461161377.24250 0.39811859 -5.38600685 29.85913779 -0.03843641 0.93896485 0.20456610 -0.27389846
1461161377.38243 0.47644097 -5.36108078 29.77511307 -0.04211857 0.94557279 0.20493652 -0.24923712
1461161377.58236 0.53062665 -5.32703099 29.70837874 -0.02736635 0.95067108 0.21269737 -0.22413256
1461161377.82418 0.46774022 -5.34278695 29.75033793 -0.01639996 0.95795892 0.20848617 -0.19641605
1461161377.96246 0.38422135 -5.35024241 29.81404780 -0.02546973 0.96345856 0.20218978 -0.17383378
1461161378.08247 0.28288742 -5.35117083 29.89154673 -0.03253207 0.96636855 0.19942818 -0.15906570
1461161378.20240 0.18707036 -5.36003557 29.98353742 -0.03316582 0.97025901 0.19683954 -0.13693674
1461161378.32236 0.08350195 -5.34476085 30.07390459 -0.04671536 0.96848712 0.20931555 -0.12663877
1461161378.56239 -0.04813319 -5.34319514 30.12706763 -0.05909116 0.96883100 0.21642336 -0.10505075
1461161378.80235 -0.10800899 -5.40770305 30.06198352 -0.07530204 0.97573907 0.18795795 -0.08327468
1461161378.96235 -0.14396505 -5.52036009 29.99880744 -0.07306869 0.98278421 0.15029870 -0.07878105
1461161379.10235 -0.17963300 -5.64201330 29.93221575 -0.05947535 0.98825688 0.11520161 -0.08086788
1461161379.26242 -0.21258854 -5.80239647 29.87535037 -0.04156275 0.99220985 0.08091148 -0.08512040
1461161379.36220 -0.20269933 -5.93288165 29.86169315 -0.01589648 0.99691828 0.04314163 -0.06356128
1461161379.48229 -0.18831209 -6.07863687 29.86508878 0.00197117 0.99914308 0.00407408 -0.04114150
1461161379.64224 -0.15812400 -6.21540592 29.91243968 0.01508172 0.99952763 -0.02629352 -0.00506980
1461161379.80430 -0.10685486 -6.31744129 30.01130754 0.01512533 0.99785985 -0.05778505 0.02660508
1461161379.96223 -0.02240548 -6.35353477 30.13858929 0.02226980 0.99526849 -0.07092796 0.06256120
1461161380.10222 0.07344881 -6.34242920 30.26341138 0.02750320 0.99208079 -0.07090371 0.09995969
1461161380.22406 0.16011169 -6.30253981 30.36270955 0.02172837 0.98857555 -0.06726025 0.13312520
1461161380.34228 0.25140166 -6.27653550 30.47260452 0.00830318 0.98428564 -0.07273248 0.16069480
1461161380.48224 0.32328713 -6.24996233 30.56026733 0.00885913 0.98011199 -0.07871332 0.18195112
1461161380.64222 0.40109150 -6.16820710 30.59204226 0.01462697 0.98006265 -0.04331673 0.19335695
1461161380.78262 0.47049801 -6.08037163 30.58479218 0.01075018 0.98070045 -0.00455498 0.19516738
1461161380.94226 0.57161251 -5.96983421 30.54827576 0.00208297 0.97710002 0.03276670 0.21023214
1461161381.12392 0.71942114 -5.87790851 30.47356117 0.00136310 0.97190535 0.05733172 0.22827878
1461161381.30231 0.87343656 -5.81975772 30.34291886 -0.00054119 0.96862110 0.06715671 0.23929659
1461161381.46214 0.96806183 -5.78901931 30.16726692 0.00657657 0.96950747 0.07160867 0.23427382
1461161381.64211 1.08308447 -5.76327576 29.96776365 0.01579044 0.97183379 0.07821968 0.22174631
1461161381.82426 1.17229368 -5.69289536 29.75537628 0.01525640 0.97370985 0.09569988 0.20615018
1461161381.98210 1.28422254 -5.61142157 29.57894985 0.00023953 0.97451253 0.10581974 0.19780658
1461161382.14217 1.43121792 -5.52153524 29.42149272 -0.01210889 0.97161898 0.11483588 0.20645256
1461161382.26219 1.54459738 -5.44573416 29.31362515 -0.01528711 0.96624606 0.12708377 0.22357231
1461161382.38217 1.68126867 -5.36845343 29.22404699 -0.02846291 0.96143375 0.13287064 0.23912423
1461161382.50214 1.81582552 -5.31382802 29.14013470 -0.03725913 0.95445362 0.13612312 0.26286983
1461161382.60256 1.93186329 -5.30606574 29.07212833 -0.02201563 0.94834666 0.12698995 0.28987493
1461161382.72410 2.07395538 -5.27296749 28.97001146 -0.02939868 0.94334139 0.11296940 0.31061335
1461161382.84217 2.21421013 -5.23610244 28.86522868 -0.03438237 0.93359849 0.10305155 0.34145584
1461161382.96220 2.36101149 -5.18804491 28.74854167 -0.03335854 0.92664864 0.10678962 0.35889481
1461161383.08214 2.50324387 -5.15974842 28.64549778 -0.03067011 0.92118412 0.11934908 0.36910019
1461161383.18216 2.63260987 -5.14933919 28.58015450 -0.02898912 0.91328491 0.12163726 0.38765278
1461161383.30274 2.78293828 -5.12601245 28.49222397 -0.03511318 0.91150399 0.12318061 0.39083767
1461161383.40211 2.91152784 -5.10751782 28.42891819 -0.03372068 0.91080132 0.11887468 0.39391963
1461161383.54234 3.09180783 -5.05976054 28.34180179 -0.04661683 0.91533736 0.11319332 0.38362959
1461161383.74203 3.34824719 -5.04639380 28.20120083 -0.03744216 0.92420411 0.10747225 0.36454707
1461161383.90285 3.55493667 -5.02643259 28.06744180 -0.03342098 0.93147249 0.10425302 0.34694862
1461161384.04267 3.72160449 -4.98948198 27.94155964 -0.02483970 0.94301627 0.10938029 0.31327187
1461161384.22403 3.94186660 -4.94845626 27.76672781 -0.00034464 0.95116552 0.10612346 0.28986522
1461161384.36260 4.08945674 -4.90724794 27.62929747 0.00244346 0.95829633 0.11959861 0.25953486
1461161384.54205 4.26212376 -4.83075718 27.46203197 -0.00849935 0.96292971 0.14707363 0.22597228
1461161384.68198 4.35755273 -4.79122279 27.31592547 -0.00557907 0.97017465 0.15703380 0.18458171
1461161384.82204 4.43850683 -4.73307836 27.14553487 -0.02307320 0.97645364 0.16209009 0.14047317
1461161384.92206 4.47906795 -4.69722914 27.00646730 -0.01975886 0.98343689 0.15734191 0.08777809
1461161385.02207 4.51607506 -4.65872041 26.84961875 -0.03072562 0.98705369 0.15132216 0.04338842
1461161385.10222 4.50375986 -4.61244885 26.74165433 -0.02962022 0.98516886 0.16891397 -0.00574707
1461161385.20209 4.51624039 -4.56374358 26.58186057 -0.01878852 0.98321631 0.17800040 -0.03533475
1461161385.30257 4.51957174 -4.51785003 26.40360633 -0.01593923 0.98166834 0.17715714 -0.06847300
1461161385.40217 4.51466852 -4.47966638 26.21054069 -0.00724524 0.98065234 0.16836981 -0.09959969
1461161385.52445 4.51636931 -4.44530810 25.97266531 -0.00137298 0.98033120 0.16245678 -0.11205647
1461161385.64194 4.49718643 -4.41664962 25.72599290 0.01568695 0.97733570 0.16271605 -0.13450774
1461161385.76189 4.46990742 -4.37793372 25.47679532 0.01917623 0.97403802 0.17573060 -0.14142479
1461161385.86200 4.42242753 -4.33427657 25.25814063 0.01300000 0.97199080 0.17370939 -0.15776541
1461161385.94324 4.37947278 -4.28967819 25.07620102 0.00422649 0.97065544 0.17367937 -0.16626975
1461161386.02806 4.31861244 -4.24852882 24.88480988 0.01053343 0.96758154 0.16889294 -0.18748383
1461161386.10201 4.24431333 -4.23180064 24.69424545 0.01318116 0.96415824 0.15633198 -0.21397534
1461161386.16193 4.18279977 -4.22051805 24.55325417 0.02245603 0.95901496 0.15968081 -0.23299801
1461161386.24194 4.09217829 -4.22026361 24.35141261 0.05494651 0.95439108 0.14549089 -0.25485477
1461161386.32378 3.99571304 -4.21726767 24.15234509 0.08637700 0.95049181 0.13335893 -0.26705753
1461161386.38195 3.90560260 -4.21335712 24.01370844 0.11292948 0.94352234 0.11872863 -0.28795143
1461161386.46194 3.75650389 -4.21908128 23.82428498 0.13932405 0.93601632 0.08241446 -0.31252217
1461161386.56189 3.60422214 -4.21031663 23.62975095 0.22510483 0.91374127 0.03059568 -0.33685103
1461161386.72460 3.37875526 -4.20642867 23.26786358 0.33258656 0.88542369 -0.01552386 -0.32429938
1461161386.88194 3.17467808 -4.19039051 22.91815123 0.40213919 0.85979952 -0.03349580 -0.31290075
1461161387.04263 2.90444920 -4.16246571 22.59599914 0.51349170 0.79151348 -0.10385689 -0.31471642
1461161387.16195 2.71625965 -4.11383365 22.35952300 0.59211266 0.72241353 -0.15654753 -0.32095818
1461161387.28190 2.50128390 -4.08822076 22.12097692 0.64019692 0.66391913 -0.20053618 -0.33037029
1461161387.42382 2.26846177 -4.08963408 21.84590137 0.70216230 0.58917007 -0.24431866 -0.31647295
1461161387.54187 2.06168785 -4.06177303 21.60350088 0.75591726 0.50823424 -0.28622429 -0.29725865
1461161387.66184 1.86891000 -4.00841345 21.35794604 0.79280898 0.44250038 -0.30713373 -0.28515997
1461161387.78211 1.68802287 -3.97303448 21.10853468 0.82489117 0.37733821 -0.32744222 -0.26448444
1461161387.90190 1.51832516 -3.92090396 20.87468065 0.84832288 0.29849870 -0.34203989 -0.27249868
1461161387.96222 1.43504330 -3.90007860 20.76225142 0.85960287 0.25060758 -0.36009813 -0.26193144
1461161388.08220 1.26891664 -3.85492058 20.53816591 0.87415850 0.17086898 -0.38452039 -0.24247634
1461161388.20184 1.09907666 -3.78495253 20.26866957 0.87686009 0.11261863 -0.40754081 -0.22878792
1461161388.30187 0.96498858 -3.74206702 20.04203304 0.87839656 0.07890208 -0.41472472 -0.22404767
1461161388.36185 0.88231119 -3.71716034 19.90998962 0.87541841 0.05039470 -0.42846001 -0.21800230
1461161388.48191 0.74614309 -3.67590616 19.67725892 0.86740804 -0.02587834 -0.45160082 -0.20734105
1461161388.60208 0.57302636 -3.64417571 19.42585811 0.85691708 -0.08091107 -0.47495917 -0.18319471
1461161388.70192 0.43975452 -3.60085087 19.21557530 0.84794172 -0.14201900 -0.48549827 -0.15848305
1461161388.80192 0.30356131 -3.56232146 19.00224126 0.83705771 -0.19784170 -0.49260244 -0.13242310
1461161388.90191 0.15230565 -3.53649992 18.80543295 0.81475146 -0.23776066 -0.51530032 -0.11880869
1461161388.98183 0.02847593 -3.53387852 18.64682645 0.79098269 -0.29565838 -0.52916520 -0.08316663
1461161389.08189 -0.11209139 -3.52120737 18.47175466 0.76186014 -0.33967620 -0.54819019 -0.06063597
1461161389.18185 -0.24809172 -3.48345379 18.29354163 0.72800447 -0.38111491 -0.56848040 -0.03988679
1461161389.28225 -0.38143843 -3.43290621 18.10230908 0.69152574 -0.42988907 -0.58042745 -0.00956636
1461161389.40204 -0.55744332 -3.39366753 17.87172004 0.66496457 -0.45300789 -0.59342392 0.02130780
1461161389.54183 -0.75364748 -3.37482092 17.57161039 0.66723038 -0.45547425 -0.58768306 0.04444608
1461161389.68188 -0.95940026 -3.36972492 17.29254113 0.69448257 -0.41698777 -0.58477854 0.04300265
1461161389.80228 -1.14204101 -3.33617197 17.05341802 0.68656797 -0.42653093 -0.58432237 0.07254763
1461161389.94185 -1.35407670 -3.27847766 16.78118676 0.66462233 -0.45471998 -0.58622503 0.08858395
1461161390.06269 -1.54254543 -3.26785820 16.54322935 0.63498388 -0.48989608 -0.58799570 0.10515871
1461161390.22373 -1.76983085 -3.28843424 16.21577020 0.60754098 -0.53533891 -0.57120686 0.13427186
1461161390.34225 -1.93502185 -3.28744170 15.95093858 0.58953116 -0.57570216 -0.54345066 0.16025424
1461161390.42204 -2.04366284 -3.29236165 15.76060678 0.59300314 -0.59739310 -0.50978573 0.17772808
1461161390.50213 -2.14929445 -3.31118938 15.56885020 0.59359919 -0.61856015 -0.46926897 0.21168368
1461161390.64179 -2.29920726 -3.28799379 15.23301878 0.57635230 -0.66098860 -0.43411467 0.20604986
1461161390.78194 -2.45894189 -3.23455446 14.93335459 0.53509588 -0.70549337 -0.42009913 0.19866613
1461161390.92401 -2.63288393 -3.15486967 14.64259091 0.48671998 -0.74575690 -0.40361858 0.20986270
1461161391.04164 -2.78566017 -3.05951218 14.38891987 0.46166903 -0.77224568 -0.38178806 0.21150935
1461161391.14156 -2.92028295 -2.94799696 14.19773002 0.42611709 -0.78759612 -0.39845469 0.19836946
1461161391.28170 -3.08290768 -2.84578530 13.90628795 0.39921993 -0.80865586 -0.38521277 0.19573007
1461161391.40177 -3.22268730 -2.75936786 13.64475333 0.35608257 -0.83486598 -0.36946201 0.19925315
1461161391.52193 -3.38451662 -2.67838548 13.36713561 0.33359111 -0.84801102 -0.35747123 0.20447150
1461161391.62194 -3.51893260 -2.62940634 13.16670780 0.30859471 -0.86187923 -0.33921310 0.21649012
1461161391.70227 -3.63142744 -2.59580627 13.00894061 0.26161626 -0.87585249 -0.33202182 0.23281078
1461161391.80160 -3.76916430 -2.57626404 12.81734810 0.22887203 -0.88924782 -0.31521796 0.23977812
1461161391.90191 -3.92705449 -2.57033988 12.63033493 0.19629456 -0.89547579 -0.29287377 0.27169195
1461161392.02167 -4.11410810 -2.56882897 12.38492126 0.19516583 -0.89497652 -0.27375402 0.29323380
1461161392.14194 -4.27764648 -2.57615228 12.11041886 0.16719127 -0.90731133 -0.24023406 0.30186226
1461161392.28213 -4.45601964 -2.57774951 11.79829371 0.13166613 -0.91532010 -0.22297254 0.30844189
1461161392.42346 -4.60755230 -2.56900235 11.48503354 0.12277133 -0.92315303 -0.20920288 0.29824460
1461161392.56167 -4.76792051 -2.52965614 11.16124903 0.11527453 -0.92803762 -0.20715398 0.28730680
1461161392.70163 -4.94978436 -2.50302974 10.83510481 0.13186411 -0.92784822 -0.19401848 0.28994200
1461161392.84165 -5.13170955 -2.48140801 10.51492143 0.14588190 -0.92702267 -0.19530558 0.28496171
1461161393.00167 -5.33623414 -2.44040788 10.18776188 0.13270959 -0.92951537 -0.20141827 0.27896239
1461161393.16164 -5.57730429 -2.45093031 9.86273476 0.17275661 -0.92376972 -0.18805604 0.28537620
1461161393.34165 -5.83441713 -2.41640088 9.51846009 0.17769588 -0.91709886 -0.21316069 0.28621037
1461161393.52160 -6.04355826 -2.39512234 9.17378044 0.20138381 -0.91491041 -0.22223548 0.27017568
1461161393.70160 -6.27681257 -2.37418633 8.84025863 0.21423253 -0.91327699 -0.21626430 0.27066459
1461161393.86160 -6.49388946 -2.32428073 8.55501733 0.23443117 -0.90649372 -0.22805079 0.26702810
1461161394.02435 -6.69143643 -2.25783384 8.28233784 0.24115409 -0.90288984 -0.24253791 0.26040353
1461161394.20159 -6.90825002 -2.17408341 7.98671032 0.26011707 -0.89935038 -0.25514655 0.24167796
1461161394.40148 -7.16401416 -2.08071220 7.64803162 0.26897865 -0.90371441 -0.25465700 0.21471042
1461161394.60164 -7.41034616 -2.02311403 7.33778896 0.28336954 -0.89650015 -0.28146859 0.19174104
1461161394.78148 -7.59960190 -2.01130817 7.01881663 0.30825697 -0.89894410 -0.26319314 0.16615211
1461161394.94234 -7.77980950 -1.96743881 6.73120692 0.32119407 -0.89932335 -0.25381444 0.15372091
1461161395.08150 -7.92927716 -1.92158736 6.48091322 0.33120332 -0.89528672 -0.26396651 0.13815836
1461161395.20224 -8.01459221 -1.89561659 6.26127278 0.34325975 -0.89778955 -0.25315498 0.10981450
1461161395.34149 -8.09355178 -1.85621763 5.99758033 0.35214898 -0.89964752 -0.24591702 0.07842356
1461161395.46151 -8.15907442 -1.81284381 5.78748734 0.35942563 -0.90136378 -0.23614355 0.05091933
1461161395.58152 -8.20517419 -1.78531778 5.56330736 0.36725363 -0.90447945 -0.21610049 0.01850055
1461161395.70145 -8.23937494 -1.75739307 5.35868393 0.36840628 -0.90478131 -0.21320290 -0.01386038
1461161395.84140 -8.25191833 -1.73154531 5.12358575 0.37482049 -0.90278166 -0.20364785 -0.05497658
1461161395.98263 -8.25920510 -1.69504378 4.88060938 0.37812020 -0.90239392 -0.18578122 -0.09052991
1461161396.12143 -8.27913327 -1.65184186 4.64132162 0.39002195 -0.89887912 -0.16774719 -0.10844396
1461161396.24156 -8.28756234 -1.60370429 4.44062205 0.39897587 -0.89125101 -0.17075488 -0.13165359
1461161396.36142 -8.26968531 -1.56889328 4.25579547 0.40636641 -0.88523231 -0.16154607 -0.15853382
1461161396.50151 -8.23544637 -1.54364775 4.04216791 0.41147393 -0.88106299 -0.14185914 -0.18518423
1461161396.64140 -8.20301057 -1.48968385 3.84285392 0.41940136 -0.87200522 -0.13376370 -0.21404827
1461161396.78146 -8.16105106 -1.45385233 3.65247934 0.42048482 -0.86816220 -0.11567275 -0.23686858
1461161396.92335 -8.10056187 -1.42142882 3.48811789 0.42559867 -0.85859591 -0.11359692 -0.26224906
1461161397.06147 -8.01442861 -1.39456740 3.34619878 0.44655622 -0.84029413 -0.11215368 -0.28620774
1461161397.20154 -7.90222145 -1.36109857 3.20168568 0.45606517 -0.83005600 -0.11111908 -0.30110487
1461161397.34134 -7.79009065 -1.31901726 3.05419052 0.45700863 -0.82862248 -0.11524914 -0.30206878
1461161397.47080 -7.70648753 -1.27203949 2.93310157 0.45326170 -0.83149303 -0.13437481 -0.29174747
1461161397.56267 -7.64260748 -1.22745923 2.84658385 0.44643066 -0.83150365 -0.16000496 -0.28930912
1461161397.70196 -7.55291243 -1.18352283 2.73275409 0.44642464 -0.82950325 -0.16867473 -0.29013484
1461161397.86142 -7.47472919 -1.12417797 2.63238384 0.44899060 -0.82514190 -0.17798344 -0.29303614
1461161398.06142 -7.37910347 -1.05281465 2.55040343 0.45364671 -0.81524898 -0.18834772 -0.30675545
1461161398.34194 -7.27523028 -0.98104159 2.48486546 0.47688250 -0.79159762 -0.20019347 -0.32539034
1461161398.60161 -7.20547143 -0.88218149 2.42929981 0.48973660 -0.77089190 -0.22812185 -0.33740801
1461161398.88140 -7.15460292 -0.78184989 2.35416120 0.48916293 -0.76176954 -0.26484483 -0.33209036
1461161399.16145 -7.10886450 -0.71228752 2.29349615 0.47849056 -0.75190144 -0.30870698 -0.33225142
1461161399.38167 -7.07133234 -0.67616539 2.23679279 0.49074922 -0.71816968 -0.34693370 -0.35076278
1461161399.62127 -7.01210138 -0.62479943 2.14419127 0.50350739 -0.70028302 -0.35344156 -0.36216441
1461161399.80133 -6.99405829 -0.55559561 2.06987335 0.50754075 -0.67969062 -0.37940484 -0.36942524
1461161399.98122 -6.97856202 -0.50581328 1.96955293 0.52360390 -0.65839274 -0.39279779 -0.37157484
1461161400.20126 -6.93581071 -0.46808038 1.85840325 0.53442727 -0.63760800 -0.40364171 -0.38067952
1461161400.44114 -6.87372411 -0.42702548 1.75807669 0.53625056 -0.62292053 -0.41889751 -0.38591479
1461161400.64191 -6.81349107 -0.39069574 1.63875825 0.53941174 -0.61621813 -0.42499781 -0.38559960
1461161400.82355 -6.78041307 -0.36171317 1.51364710 0.54882581 -0.60437192 -0.43182697 -0.38347135
1461161400.96116 -6.77710415 -0.34690087 1.42531499 0.58371506 -0.57086931 -0.43293750 -0.38203414
1461161401.10121 -6.77853341 -0.34193580 1.33839426 0.61195699 -0.54248944 -0.43348048 -0.37856112
1461161401.24120 -6.79428801 -0.32952193 1.26343224 0.64451566 -0.49951870 -0.43180260 -0.38552191
1461161401.38118 -6.83084102 -0.30580336 1.19019136 0.67038362 -0.45318521 -0.44179906 -0.38732746
1461161401.50116 -6.87871848 -0.28086267 1.10762676 0.69160374 -0.41070071 -0.44904422 -0.38906101
1461161401.60114 -6.93326615 -0.26814607 1.02468632 0.70597950 -0.38375301 -0.46168373 -0.37573223
1461161401.70132 -6.98214458 -0.26352475 0.96002213 0.71300707 -0.35089029 -0.48312667 -0.36753985
1461161401.80118 -7.04151446 -0.27890528 0.88116489 0.73198382 -0.30841845 -0.49487845 -0.35238198
1461161401.90145 -7.10337953 -0.29265577 0.81320754 0.74629602 -0.25521502 -0.50624163 -0.34875057
1461161402.00169 -7.16781716 -0.30358536 0.74884147 0.75540377 -0.21715127 -0.51498703 -0.34205092
1461161402.12327 -7.24676018 -0.31734144 0.69020048 0.75961477 -0.16975308 -0.52743501 -0.34056072
1461161402.26233 -7.31316989 -0.32460201 0.63974803 0.74736577 -0.14434966 -0.54787268 -0.34704915
1461161402.40166 -7.35741066 -0.32058478 0.56892855 0.73288937 -0.13438091 -0.56886916 -0.34814196
1461161402.50190 -7.38876719 -0.31496622 0.50622742 0.72486165 -0.11020214 -0.58171892 -0.35218485
1461161402.60187 -7.41661943 -0.30277416 0.43491778 0.71208478 -0.09011668 -0.60107281 -0.35146228
1461161402.68164 -7.43027921 -0.28727174 0.38385651 0.69194403 -0.06814104 -0.61890725 -0.36540946
1461161402.76171 -7.44074741 -0.28134048 0.32465308 0.67311364 -0.05649341 -0.64059964 -0.36518301
1461161402.84170 -7.44505731 -0.29148073 0.26501264 0.65421924 -0.02047451 -0.65435143 -0.37868480
1461161402.92174 -7.44340223 -0.31167001 0.21173512 0.63284151 0.01121433 -0.66684801 -0.39331868
1461161403.02118 -7.41940679 -0.32491616 0.15839966 0.59901055 0.00988725 -0.69029791 -0.40568141
1461161403.14106 -7.39254464 -0.32634577 0.08082699 0.57698245 0.01475817 -0.69284187 -0.43225407
1461161403.24254 -7.38829802 -0.33611594 0.00622250 0.56710887 0.05457827 -0.68137081 -0.45950251
1461161403.34131 -7.38701364 -0.32210655 -0.06637237 0.55271111 0.08302530 -0.66809428 -0.49118965
1461161403.44106 -7.40393409 -0.30593345 -0.15348167 0.54349175 0.11015680 -0.66091991 -0.50563531
1461161403.52112 -7.42751757 -0.29994525 -0.22785483 0.52930915 0.14892261 -0.65279859 -0.52106417
1461161403.60159 -7.45043769 -0.28997547 -0.30675691 0.50930099 0.18395785 -0.64067027 -0.54434696
1461161403.68116 -7.47670469 -0.27943554 -0.40086452 0.49255864 0.20301230 -0.63734932 -0.55673857
1461161403.74106 -7.49944475 -0.27350889 -0.48798522 0.48567283 0.21953382 -0.62770062 -0.56737883
1461161403.80108 -7.52122770 -0.27563546 -0.57683747 0.47349937 0.23045986 -0.62825571 -0.57269658
1461161403.86098 -7.54138383 -0.28417135 -0.66842041 0.45729853 0.25602816 -0.61522457 -0.58891965
1461161403.92306 -7.56013033 -0.29355134 -0.76690378 0.44931707 0.28441993 -0.59971017 -0.59796922
1461161404.00149 -7.57248022 -0.29790803 -0.89041873 0.44327521 0.30829243 -0.58740910 -0.60283780
1461161404.08102 -7.57953272 -0.30105239 -1.00577977 0.43292078 0.33420353 -0.56655213 -0.61636539
1461161404.16116 -7.58450016 -0.30341884 -1.11925961 0.42102269 0.35787432 -0.55227745 -0.62422390
1461161404.22260 -7.59024832 -0.30792162 -1.21307676 0.40309816 0.38988264 -0.53672537 -0.63041992
1461161404.30131 -7.59126517 -0.29786702 -1.34639668 0.38676761 0.42497582 -0.51992208 -0.63205016
1461161404.38101 -7.58549616 -0.27772196 -1.49341829 0.37196392 0.45276537 -0.49915612 -0.63834906
1461161404.44127 -7.57596198 -0.26466706 -1.60853024 0.35812464 0.47471327 -0.48261616 -0.64302075
1461161404.50116 -7.56374964 -0.25972378 -1.72734636 0.33509076 0.50084100 -0.46191317 -0.65077546
1461161404.58127 -7.54843805 -0.25958074 -1.88397323 0.31190877 0.52861504 -0.44216386 -0.65404142
1461161404.66115 -7.53890812 -0.26857571 -2.04407461 0.28643809 0.55611312 -0.42175227 -0.65636609
1461161404.74116 -7.53546877 -0.26927907 -2.19851923 0.27549765 0.57397927 -0.40103873 -0.65864768
1461161404.82296 -7.54310337 -0.27558846 -2.35130129 0.26063440 0.60258644 -0.37717493 -0.65322153
1461161404.90097 -7.56445234 -0.28480012 -2.50245520 0.22671150 0.62943120 -0.34931015 -0.65604930
1461161405.00116 -7.60951529 -0.28970262 -2.67445740 0.19453311 0.65158215 -0.33551983 -0.65193866
1461161405.10099 -7.67058031 -0.29716714 -2.83414455 0.17619687 0.65995942 -0.33774081 -0.64756418
1461161405.20129 -7.74390554 -0.30921219 -2.99565416 0.15702364 0.67299814 -0.33385237 -0.64106137
1461161405.30102 -7.82348564 -0.30816422 -3.14688899 0.14850767 0.68021051 -0.32148407 -0.64179991
1461161405.42090 -7.89975069 -0.33133468 -3.31806114 0.13550049 0.69088919 -0.31407610 -0.63692067
1461161405.50164 -7.93601286 -0.35178246 -3.43819471 0.10737880 0.71025627 -0.28264024 -0.63570458
1461161405.60114 -7.96790055 -0.38774502 -3.58212568 0.08446193 0.72713939 -0.27058605 -0.62523410
1461161405.70104 -7.98888867 -0.42273646 -3.73284081 0.07085482 0.74236246 -0.27066531 -0.60878392
1461161405.80095 -8.00345636 -0.44341496 -3.89188477 0.05274525 0.76665698 -0.25313033 -0.58769044
1461161405.90096 -8.01960562 -0.43753107 -4.03885033 0.04274434 0.78605924 -0.22682770 -0.57343962
1461161406.00130 -8.02174788 -0.42423672 -4.18578098 0.02855166 0.81702514 -0.19755593 -0.54094952
1461161406.06092 -8.00988912 -0.41042109 -4.28216945 0.02238131 0.84244802 -0.17036976 -0.51064131
1461161406.14085 -7.99190334 -0.40215810 -4.39088933 0.01395572 0.86617538 -0.15261449 -0.47566192
1461161406.22092 -7.96724367 -0.39524017 -4.48678395 0.01951542 0.88482530 -0.14648759 -0.44186506
1461161406.32104 -7.93099592 -0.38744062 -4.58811693 0.00595326 0.90322149 -0.13341805 -0.40786654
1461161406.44105 -7.88819678 -0.35534121 -4.67894131 -0.02390874 0.91734240 -0.09560662 -0.38570800
1461161406.58093 -7.82974195 -0.31129150 -4.75342266 -0.01569112 0.93056791 -0.07186277 -0.35865430
1461161406.76131 -7.73295798 -0.27351142 -4.81115867 -0.01754066 0.93987307 -0.06143341 -0.33549495
1461161406.88159 -7.64665814 -0.23736785 -4.86981681 -0.00499363 0.94959922 -0.04743006 -0.30981733
1461161407.00163 -7.54812348 -0.20338628 -4.93422616 0.00979549 0.95781054 -0.03699766 -0.28484064
1461161407.12216 -7.43355603 -0.16442569 -5.01237422 0.02898101 0.96362285 -0.02972160 -0.26402221
1461161407.24119 -7.29105722 -0.12725788 -5.10357370 0.04613219 0.96708422 -0.03501752 -0.24777754
1461161407.32095 -7.16744253 -0.09126304 -5.17554263 0.03448734 0.97348123 -0.02252852 -0.22502750
1461161407.42088 -7.01178759 -0.06898189 -5.26424039 0.01825664 0.97512511 -0.02620522 -0.21934221
1461161407.50085 -6.86341380 -0.05209097 -5.34643018 0.02243528 0.97932071 -0.02384950 -0.19964671
1461161407.58106 -6.69464451 -0.04224360 -5.43090224 0.01308212 0.98410849 -0.01881021 -0.17608382
1461161407.66087 -6.53131780 -0.04787459 -5.50927013 0.01431966 0.98710744 -0.01992559 -0.15816705
1461161407.74096 -6.36593452 -0.06822765 -5.58281589 0.02236994 0.98984311 -0.02555491 -0.13804764
1461161407.82088 -6.20451122 -0.08971099 -5.65288024 0.03044957 0.99224639 -0.02412117 -0.11805967
1461161407.90085 -6.04015973 -0.11579706 -5.72256118 0.04756679 0.99413762 -0.02909563 -0.09263496
1461161407.98087 -5.86581885 -0.14048405 -5.78589018 0.05326884 0.99630500 -0.03624377 -0.05679056
1461161408.06087 -5.69779820 -0.14910454 -5.83327465 0.05771892 0.99725784 -0.03958894 -0.02404249
1461161408.16091 -5.50283327 -0.14491901 -5.87155264 0.06523214 0.99703442 -0.04078357 0.00195712
1461161408.26099 -5.33435023 -0.14716691 -5.89430827 0.08229430 0.99542280 -0.04410057 0.02040200
1461161408.36087 -5.18476758 -0.16226604 -5.89861908 0.08749735 0.99383836 -0.04830610 0.04791710
1461161408.50083 -5.05243144 -0.18537838 -5.85800757 0.10067465 0.99075652 -0.06359977 0.06497081
1461161408.66083 -4.95305959 -0.16410669 -5.74172680 0.10739085 0.98889350 -0.06026496 0.08321644
1461161408.80092 -4.87415613 -0.16012247 -5.59099988 0.11713019 0.98615702 -0.04947730 0.10642770
1461161408.96091 -4.82689483 -0.20669807 -5.35015648 0.12803352 0.98292986 -0.04842261 0.12292908
1461161409.08100 -4.80245780 -0.26445794 -5.14481771 0.12356897 0.98083004 -0.05670347 0.13959889
1461161409.20128 -4.77732307 -0.31385391 -4.93701154 0.12121316 0.97821569 -0.04609552 0.16210068
1461161409.32118 -4.75253364 -0.38443583 -4.71054601 0.12145711 0.97402440 -0.04603429 0.18548717
1461161409.44074 -4.72202902 -0.47593082 -4.46552997 0.14227500 0.96641903 -0.04789835 0.20856132
1461161409.54081 -4.69798637 -0.58227583 -4.24854143 0.14281489 0.96205477 -0.06998373 0.22171333
1461161409.62074 -4.66155923 -0.65648567 -4.06202865 0.14947065 0.95131379 -0.06409068 0.26182624
1461161409.70079 -4.63915733 -0.73739334 -3.88051637 0.15610700 0.94229991 -0.06028940 0.28994252
1461161409.80086 -4.62745079 -0.83840681 -3.66469952 0.17925470 0.93300671 -0.04708534 0.30846266
1461161409.88080 -4.61176025 -0.91626050 -3.49402460 0.19199985 0.92505043 -0.03697059 0.32565463
1461161409.96078 -4.58922657 -0.99771600 -3.32471088 0.20040667 0.91629430 -0.03228231 0.34525321
1461161410.06086 -4.56052838 -1.08315228 -3.11716005 0.21705492 0.90526510 -0.02731694 0.36419232
1461161410.14208 -4.54472075 -1.15182536 -2.94626902 0.23413047 0.89306932 -0.03213694 0.38285418
1461161410.22253 -4.53210159 -1.20662868 -2.77158533 0.23538523 0.88487382 -0.04523525 0.39943197
1461161410.30228 -4.51577093 -1.23115077 -2.60236387 0.23572810 0.87980672 -0.03988398 0.41083045
1461161410.38070 -4.49686797 -1.25536357 -2.42695591 0.24251776 0.87133589 -0.03891739 0.42478740
1461161410.46067 -4.46806668 -1.27096956 -2.24185337 0.24084145 0.86438744 -0.03782069 0.43977193
1461161410.54495 -4.43396071 -1.27648403 -2.05404156 0.23592698 0.86228496 -0.03102696 0.44703517
1461161410.62254 -4.39694189 -1.27537122 -1.86165691 0.24794835 0.85362759 -0.01391806 0.45787318
1461161410.70072 -4.36809450 -1.25040084 -1.68015571 0.23214294 0.85795009 0.00355517 0.45827793
1461161410.80077 -4.34453668 -1.25232450 -1.44469957 0.23837058 0.84343646 0.00962437 0.48135411
1461161410.90078 -4.33663944 -1.25432594 -1.21912516 0.24154876 0.83150169 0.01225930 0.50010884
1461161411.00077 -4.33823216 -1.26866875 -1.00900526 0.24718050 0.81976385 0.00620680 0.51657575
1461161411.12247 -4.34946172 -1.28093928 -0.77770595 0.24915909 0.81237932 -0.00024191 0.52721867
1461161411.26076 -4.37391629 -1.29838781 -0.51631139 0.24674280 0.80537531 -0.00585168 0.53893818
1461161411.38072 -4.38322493 -1.30731487 -0.29738222 0.24178540 0.79445631 0.01052260 0.55701729
1461161411.48071 -4.38560379 -1.31740489 -0.11496614 0.23716916 0.78034969 0.01025904 0.57853254
1461161411.60078 -4.37314223 -1.28376589 0.08157277 0.22362896 0.77258754 0.02387872 0.59374101
1461161411.74067 -4.33675980 -1.21354165 0.30007843 0.21563212 0.76644823 0.03936228 0.60374706
1461161411.86062 -4.28907730 -1.13922052 0.49875758 0.20947958 0.75871220 0.04601867 0.61510680
1461161411.98057 -4.23833920 -1.05016756 0.68343025 0.18994918 0.75735833 0.06520511 0.62135011
1461161412.14090 -4.18257044 -0.96932941 0.85950769 0.15918738 0.76457153 0.06442717 0.62123980
1461161412.30059 -4.11974229 -0.86236600 0.97624571 0.11668021 0.76952297 0.07995590 0.62275772
1461161412.50057 -4.10038206 -0.71756329 0.99364256 0.07721319 0.77983145 0.09939198 0.61320655
1461161412.64084 -4.11943129 -0.59884249 0.91070209 0.05001680 0.79732430 0.11746553 0.58989332
1461161412.78059 -4.15208370 -0.49395782 0.77046253 0.03304111 0.80652787 0.13675709 0.57421127
1461161412.90113 -4.19432067 -0.41881892 0.60783591 0.02135605 0.81250711 0.14988464 0.56294823
1461161413.00120 -4.24669426 -0.36144978 0.42964525 0.01603907 0.82580593 0.15865380 0.54094018
1461161413.10115 -4.31470088 -0.30830477 0.22740875 0.00894689 0.83712304 0.16009632 0.52298579
1461161413.20064 -4.39613442 -0.26184272 0.02157288 0.00247754 0.84505685 0.16500504 0.50857263
1461161413.31990 -4.48533449 -0.24485035 -0.18134584 -0.00142466 0.84939320 0.16302936 0.50194679
1461161413.40090 -4.57501281 -0.22230089 -0.39771519 -0.01494298 0.86259406 0.15375952 0.48173250
1461161413.50046 -4.65729285 -0.21027364 -0.61255571 -0.04159870 0.87319105 0.15004374 0.46183744
1461161413.60057 -4.73054840 -0.21078326 -0.84273687 -0.06156700 0.88301540 0.14446918 0.44229172
1461161413.68057 -4.78746748 -0.20515572 -1.04068718 -0.04669946 0.89691012 0.13824323 0.41744485
1461161413.76049 -4.85105805 -0.19164719 -1.23747405 -0.06137848 0.90799990 0.13914557 0.39039386
1461161413.88066 -4.91666423 -0.14907015 -1.51459612 -0.09701876 0.91291576 0.12543182 0.37608381
1461161414.00055 -4.97018360 -0.08699347 -1.79294921 -0.09525470 0.92232484 0.12411979 0.35332380
1461161414.10059 -5.00718286 -0.05942647 -2.01697933 -0.09608815 0.93020421 0.11253645 0.33589096
1461161414.24094 -5.02445879 -0.05124990 -2.27779589 -0.10373663 0.92750620 0.10438747 0.34361930
1461161414.38057 -5.02753692 -0.06107703 -2.48356215 -0.08538553 0.92479009 0.11406484 0.35279146
1461161414.52053 -4.99926535 -0.06776230 -2.63253592 -0.05632235 0.91529815 0.11073759 0.38313742
1461161414.66054 -4.97843587 -0.06003339 -2.73632880 -0.05312996 0.90009996 0.10172544 0.42029657
1461161414.82220 -4.96877100 -0.08649689 -2.79519976 -0.04747579 0.88187043 0.09064977 0.46025343
1461161415.00052 -4.94058335 -0.11001516 -2.79309325 -0.04104798 0.85806272 0.09576187 0.50286488
1461161415.16050 -4.86181067 -0.09816487 -2.74497273 -0.03853031 0.83338410 0.09262301 0.54351388
1461161415.28044 -4.76194243 -0.07043366 -2.67052434 -0.05693330 0.80624083 0.09689021 0.58081547
1461161415.40035 -4.62144621 -0.04949007 -2.58344162 -0.06970873 0.77852432 0.09322858 0.61672442
1461161415.58036 -4.40081318 -0.06898640 -2.47822976 -0.06338640 0.76034857 0.09321160 0.63965914
1461161415.72227 -4.20870350 -0.12062327 -2.35657679 -0.05447297 0.74164508 0.07475781 0.66438433
1461161415.84036 -4.04571569 -0.15808230 -2.23290541 -0.03740708 0.71745618 0.06385658 0.69266130
1461161415.92236 -3.94454150 -0.17983062 -2.14001123 -0.03434209 0.68849565 0.06073522 0.72187644
1461161416.04037 -3.78859739 -0.19835954 -2.01678914 -0.01792822 0.65780886 0.05905799 0.75065187
1461161416.16041 -3.62249779 -0.19826822 -1.88374251 -0.01974624 0.62230414 0.05299804 0.78072969
1461161416.28030 -3.43921753 -0.20075133 -1.76146491 -0.01399028 0.59032254 0.05298949 0.80530472
1461161416.40036 -3.25617961 -0.22001508 -1.66190717 0.00051976 0.56430581 0.05305293 0.82385925
1461161416.50039 -3.12102846 -0.23751672 -1.57184081 -0.00331316 0.52909709 0.05259494 0.84692330
1461161416.60034 -3.00353187 -0.27344914 -1.48152813 -0.00462243 0.48867608 0.05479713 0.87073050
1461161416.70040 -2.88917671 -0.29748355 -1.39324225 -0.00566078 0.44830208 0.06856743 0.89123044
1461161416.82219 -2.73664524 -0.30837898 -1.30479551 0.00320814 0.41762289 0.06920421 0.90597550
1461161416.94035 -2.56486105 -0.28141953 -1.20974449 0.00033800 0.38723204 0.04934876 0.92066060
1461161417.06036 -2.37641450 -0.26268577 -1.12218636 0.00730120 0.36998946 0.03327073 0.92841130
1461161417.14035 -2.27301930 -0.24878210 -1.04838921 -0.00933852 0.33606503 0.02504180 0.94145950
1461161417.24039 -2.14234227 -0.26787823 -0.96544466 -0.00254778 0.29771742 0.03443272 0.95402947
1461161417.34028 -1.99139746 -0.28401342 -0.89831400 -0.01583229 0.28389764 0.03385225 0.95812603
1461161417.44084 -1.83364772 -0.29716513 -0.82719244 -0.01485732 0.26830800 0.03011750 0.96274764
1461161417.54038 -1.67944115 -0.29188835 -0.74993676 -0.00967194 0.24747184 0.03014114 0.96837785
1461161417.64033 -1.53689403 -0.28219225 -0.67043205 -0.00810384 0.22031297 0.01178956 0.97532432
1461161417.74055 -1.41383426 -0.29256797 -0.60581704 0.00196247 0.19485547 0.01884249 0.98064900
1461161417.82050 -1.34893510 -0.31068126 -0.55565338 0.00451784 0.15548266 0.01833916 0.98765804
1461161417.90049 -1.29263661 -0.33283460 -0.51204625 0.01200073 0.11391665 0.04046248 0.99259346
1461161418.00030 -1.20675914 -0.34465526 -0.46295958 0.00440772 0.08158124 0.03526040 0.99603302
1461161418.12053 -1.08314395 -0.34862640 -0.40175629 0.00634356 0.05700101 0.04115966 0.99750515
1461161418.22053 -0.97112737 -0.32473251 -0.34386438 -0.00100028 0.03464630 0.04198022 0.99851705
1461161418.34021 -0.82095978 -0.28856721 -0.26921525 -0.00332143 0.02561357 0.03371116 0.99909783
1461161418.44022 -0.70678653 -0.26756702 -0.20770876 0.01076902 0.01908574 0.02426595 0.99946532
1461161418.56020 -0.59110219 -0.21781475 -0.14606261 0.00452095 0.00815750 0.03116051 0.99947088
1461161418.68049 -0.49793306 -0.17653083 -0.09608913 -0.01187164 -0.00238865 0.03272521 0.99939102
1461161418.82069 -0.39180345 -0.15992530 -0.05817064 -0.01905935 -0.01012931 0.03341742 0.99920839
1461161418.94026 -0.29911308 -0.16511167 -0.03517724 -0.00723330 -0.01671773 0.03798503 0.99911227
1461161419.06038 -0.21117068 -0.16045783 -0.02314005 0.00260383 -0.01710624 0.04222352 0.99895834
1461161419.20063 -0.13434304 -0.13899661 -0.01820783 -0.00662425 -0.01366367 0.06365555 0.99785640
1461161419.74047 -0.05959095 -0.10824177 0.02082584 -0.01430621 -0.01816820 0.05870429 0.99800754
1461161420.04026 -0.03803074 -0.05131287 0.00380336 -0.02482995 -0.02295184 0.04502674 0.99841338
1461161420.56028 0.02015048 -0.05147776 0.02537786 -0.01575894 -0.00574734 0.04705722 0.99875134
1461161420.78026 0.06995446 -0.04084773 0.04356941 -0.01171374 0.01915750 0.04993778 0.99849987
1461161421.18020 0.10410608 -0.01591140 0.04516089 -0.01106770 0.04069071 0.03004291 0.99865870
1461161421.64014 0.04100191 -0.00271525 0.02358623 -0.00560735 0.02221285 0.01477151 0.99962841
1461161421.96012 -0.00988708 0.00442077 0.00656543 -0.00566839 -0.00242122 0.00517336 0.99996762
1461161422.68005 0.00002962 0.00004725 0.00002888 -0.00001857 -0.00002377 0.00002399 1.00000000
