1461245018.98363 -0.00002997 0.00000874 0.00000198 0.00001488 0.00000817 -0.00001574 1.00000000
1461245019.33975 -0.06417442 -0.04593612 -0.02884082 0.00953288 -0.02810567 0.00552121 0.99954425
1461245019.53952 -0.10995700 -0.07236108 -0.06745922 0.00639992 -0.05011632 -0.00299614 0.99871839
1461245019.69957 -0.15274740 -0.09509456 -0.10538838 0.01166719 -0.07900076 0.01664949 0.99666722
1461245019.90229 -0.20320770 -0.12214578 -0.14710618 -0.00525995 -0.06401341 0.03058463 0.99746639
1461245020.09939 -0.25997461 -0.15408644 -0.18280538 0.00518492 -0.08906432 0.03284093 0.99547081
1461245020.29927 -0.32326067 -0.17993169 -0.21749074 0.01504302 -0.11199205 0.01743289 0.99344229
1461245020.45916 -0.38716221 -0.19846652 -0.24465359 0.00892662 -0.13021217 0.01711826 0.99129817
1461245020.61908 -0.45779038 -0.22255564 -0.27287561 0.00728067 -0.14633209 0.01402978 0.98910923
1461245020.78097 -0.53102747 -0.25248683 -0.30069676 0.00799579 -0.17309439 0.00813108 0.98483922
1461245020.93901 -0.60295210 -0.28185581 -0.32671346 0.01337185 -0.20499929 0.01326736 0.97858084
1461245021.10031 -0.66847256 -0.30537914 -0.34930024 0.01071942 -0.23268410 -0.00548109 0.97247785
1461245021.29883 -0.74425062 -0.33250939 -0.37020952 0.01544414 -0.25170174 -0.00664292 0.96765882
1461245021.45938 -0.81040289 -0.35234280 -0.38244576 0.01882334 -0.27292342 0.00713034 0.96182516
1461245021.61866 -0.88669493 -0.38021971 -0.39355875 0.01007204 -0.28934196 0.01220163 0.95709504
1461245021.78075 -0.95868034 -0.41097475 -0.41126000 0.00781682 -0.30819129 0.01748385 0.95113161
1461245021.93858 -1.02884242 -0.44063683 -0.44045255 0.01525549 -0.32829804 0.01613876 0.94431309
1461245022.09847 -1.10422565 -0.46186990 -0.47921636 0.00691873 -0.34924203 0.01182305 0.93693241
1461245022.25839 -1.18368839 -0.48205916 -0.53216995 0.00546383 -0.37717516 0.00865073 0.92608542
1461245022.37826 -1.24547639 -0.49975857 -0.58050025 0.01301061 -0.39122219 0.01001779 0.92014975
1461245022.49824 -1.30662585 -0.52816491 -0.63353885 0.04285810 -0.39551003 0.01495135 0.91733934
1461245022.61820 -1.36512467 -0.54839405 -0.68779258 0.05036913 -0.40956514 -0.00703067 0.91086218
1461245022.74052 -1.42227096 -0.56832400 -0.74214695 0.05513343 -0.43345931 -0.00727748 0.89945559
1461245022.85808 -1.48077040 -0.58268545 -0.79452414 0.05412516 -0.45109637 -0.02870896 0.89036977
1461245023.01812 -1.55759735 -0.59735890 -0.85930006 0.05461084 -0.46168508 -0.02920580 0.88487940
1461245023.13802 -1.61666697 -0.61566135 -0.91162603 0.05791723 -0.46848766 -0.02154771 0.88130619
1461245023.25794 -1.67601519 -0.63675717 -0.96841131 0.06007534 -0.48000692 -0.01449195 0.87508530
1461245023.38255 -1.72833192 -0.66001290 -1.03119032 0.05881689 -0.50403181 -0.00812088 0.86164178
1461245023.49779 -1.77776131 -0.68238429 -1.09537287 0.07085241 -0.51905052 -0.03643930 0.85102213
1461245023.61765 -1.82642215 -0.70453759 -1.16288417 0.07200605 -0.53977100 -0.03098058 0.83815428
1461245023.73762 -1.87614760 -0.72480187 -1.23561516 0.07514347 -0.55097793 -0.04755447 0.82976825
1461245023.85831 -1.92191245 -0.75502097 -1.31441688 0.07969513 -0.55643575 -0.04744207 0.82569800
1461245023.97926 -1.96290643 -0.78947266 -1.40097191 0.08518196 -0.58370391 -0.03920103 0.80653398
1461245024.09778 -1.99281332 -0.82404420 -1.48106373 0.08672424 -0.60752058 -0.03919802 0.78858175
1461245024.21764 -2.01056381 -0.85871690 -1.54519348 0.09252632 -0.62427374 -0.02935527 0.77515124
1461245024.29778 -2.01427642 -0.88329964 -1.57808648 0.10064356 -0.63543281 -0.01942059 0.76532272
1461245024.53727 -1.99907662 -0.93892066 -1.61861021 0.11724952 -0.63034844 0.01812844 0.76719278
1461245024.74013 -1.96531713 -0.97354422 -1.60593381 0.12104345 -0.61161589 0.05979842 0.77955028
1461245024.89717 -1.93577931 -0.97254189 -1.57563402 0.11796785 -0.57547701 0.05963679 0.80706459
1461245025.09706 -1.90738254 -0.93822794 -1.53004603 0.10037134 -0.54461939 0.05536167 0.83081310
1461245025.25696 -1.89107482 -0.89030955 -1.47920780 0.06770178 -0.51937939 0.06864655 0.84908726
1461245025.37895 -1.87454434 -0.84526653 -1.43377243 0.04847225 -0.48840731 0.06377996 0.86893087
1461245025.49685 -1.86147470 -0.79798153 -1.38877616 0.02649224 -0.46125141 0.04378482 0.88579241
1461245025.61683 -1.85444587 -0.75410624 -1.34150251 0.01011102 -0.43760527 0.03768507 0.89832023
1461245025.77886 -1.85168028 -0.70457114 -1.27526660 -0.00315846 -0.41140557 0.03403230 0.91081133
1461245025.89672 -1.85372689 -0.67658544 -1.21982180 -0.01766019 -0.38951830 0.04711695 0.91964319
1461245026.01760 -1.85970100 -0.66159644 -1.15838266 -0.02878766 -0.35914080 0.05627929 0.93114005
1461245026.13664 -1.86362625 -0.65707396 -1.09432187 -0.03140247 -0.32521016 0.06286562 0.94302712
1461245026.25663 -1.86591013 -0.65381532 -1.02855631 -0.05183060 -0.28569401 0.06426667 0.95475773
1461245026.37770 -1.86570183 -0.64922367 -0.96536532 -0.08068600 -0.25549932 0.06516171 0.96123037
1461245026.53634 -1.86798740 -0.64530881 -0.87889538 -0.08923120 -0.23433354 0.08750523 0.96408942
1461245026.65625 -1.86172226 -0.63678319 -0.80542628 -0.08827150 -0.20784022 0.10594632 0.96839350
1461245026.77966 -1.85521008 -0.63049316 -0.72728297 -0.09356344 -0.18963957 0.10496301 0.97173324
1461245026.93621 -1.84775847 -0.63793876 -0.63760994 -0.09399525 -0.17419272 0.08763201 0.97629013
1461245027.13616 -1.86145779 -0.65682747 -0.54221584 -0.09286206 -0.18951345 0.07613980 0.97450707
1461245027.33900 -1.88484182 -0.65676239 -0.43598236 -0.09720328 -0.19018433 0.08015926 0.97363029
1461245027.49604 -1.90734283 -0.65725152 -0.33416069 -0.08747840 -0.18216036 0.08929155 0.97529080
1461245027.61588 -1.92253114 -0.67049862 -0.24859464 -0.07434303 -0.15879009 0.08061173 0.98120363
1461245027.73585 -1.93902664 -0.69239455 -0.16558240 -0.06377672 -0.15311305 0.06549855 0.98397097
1461245027.85686 -1.95322609 -0.71368815 -0.08138663 -0.06115812 -0.14482842 0.07191799 0.98494275
1461245027.98106 -1.96824975 -0.72726178 0.00345508 -0.05088653 -0.13540246 0.07667651 0.98650770
1461245028.09681 -1.98593436 -0.72910588 0.09170983 -0.05385085 -0.12009377 0.08578575 0.98758209
1461245028.21559 -2.00758404 -0.73416143 0.18219776 -0.04830540 -0.12331359 0.10161267 0.98596917
1461245028.33556 -2.03165516 -0.74890160 0.27152655 -0.03477802 -0.12620594 0.10496987 0.98582142
1461245028.45553 -2.05739206 -0.77168644 0.35071908 -0.02202897 -0.14033413 0.09933915 0.98486181
1461245028.53554 -2.07390549 -0.78736582 0.40108569 -0.01981153 -0.14631307 0.09168156 0.98478144
1461245028.61536 -2.09019921 -0.79919448 0.45396123 -0.01996409 -0.14387770 0.09485751 0.98483638
1461245028.69536 -2.11202136 -0.80756552 0.50891273 -0.02467056 -0.15389702 0.09346679 0.98334685
1461245028.77747 -2.13285180 -0.81340729 0.56562106 -0.02315837 -0.15120736 0.08788976 0.98431469
1461245028.85534 -2.15417066 -0.81797912 0.62227960 -0.01779037 -0.14607175 0.08980771 0.98502849
1461245028.93525 -2.17777612 -0.82576430 0.67669054 -0.00829219 -0.14442056 0.08353225 0.98594944
1461245029.01516 -2.19717915 -0.83876626 0.72992873 0.00908591 -0.13550636 0.08922745 0.98670864
1461245029.09517 -2.22064273 -0.85190982 0.77606821 0.01005056 -0.14430265 0.08732805 0.98562140
1461245029.17710 -2.23974528 -0.86629515 0.82323562 0.01068994 -0.14078120 0.09006505 0.98587761
1461245029.25508 -2.26018974 -0.87828270 0.86683203 0.00702717 -0.14471624 0.08577088 0.98572369
1461245029.37696 -2.29422243 -0.89289142 0.92894492 0.00135595 -0.15050869 0.08615217 0.98484674
1461245029.49809 -2.33169946 -0.89960711 0.98912701 -0.00567796 -0.15500772 0.07769794 0.98483674
1461245029.57720 -2.35433569 -0.90023188 1.03306194 -0.00399652 -0.16396631 0.07796718 0.98337185
1461245029.65785 -2.37641629 -0.90589587 1.07489170 0.00410043 -0.16930818 0.08298200 0.98205494
1461245029.73491 -2.39937220 -0.91119370 1.11687884 0.01236963 -0.16872554 0.07728546 0.98255058
1461245029.81504 -2.42106022 -0.91834822 1.15775813 0.02144104 -0.17152445 0.07746889 0.98189522
1461245029.93475 -2.45642780 -0.93428143 1.20841465 0.02013314 -0.18176973 0.06913989 0.98070082
1461245030.13466 -2.51034587 -0.95137054 1.30375818 0.01627386 -0.19298984 0.07223720 0.97840271
1461245030.25467 -2.54080410 -0.95851741 1.37164771 0.00242901 -0.16067687 0.06740175 0.98469998
1461245030.37660 -2.56473143 -0.96433290 1.44040404 -0.00524697 -0.11836572 0.06744086 0.99066329
1461245030.45456 -2.58040827 -0.97206868 1.48874617 -0.01370301 -0.09540749 0.07050191 0.99284395
1461245030.53714 -2.59165916 -0.97221470 1.53609169 -0.01916795 -0.07063420 0.07192759 0.99472098
1461245030.61451 -2.59938201 -0.97689639 1.58691536 -0.03594701 -0.04757171 0.07765348 0.99519580
1461245030.69440 -2.60934750 -0.97786649 1.63692286 -0.04153830 -0.03610447 0.08601290 0.99477275
1461245030.77887 -2.61607602 -0.97386289 1.68641967 -0.04972081 -0.01397714 0.08969013 0.99462966
1461245030.89457 -2.62081371 -0.96764029 1.76058864 -0.05791350 0.01822212 0.09119975 0.99398017
1461245031.09412 -2.62046204 -0.96587523 1.88583132 -0.06733689 0.04208633 0.10630149 0.99115815
1461245031.25421 -2.60965665 -0.96940546 1.97718064 -0.07139888 0.05963540 0.12056253 0.98833724
1461245031.37673 -2.59965599 -0.96237582 2.05071406 -0.07533423 0.07510481 0.12802197 0.98604990
1461245031.49435 -2.58668282 -0.94769248 2.13122850 -0.09024961 0.09049257 0.10739349 0.98596792
1461245031.61399 -2.56338250 -0.94180164 2.20968343 -0.08558385 0.11662570 0.10510535 0.98388349
1461245031.73394 -2.53271351 -0.94063031 2.28748499 -0.08850186 0.12901595 0.10754883 0.98181238
1461245031.81468 -2.50796077 -0.93556716 2.33652011 -0.10504965 0.14507402 0.10389867 0.97832672
1461245031.89364 -2.48108577 -0.92573196 2.38405908 -0.11698654 0.16135091 0.10703422 0.97407582
1461245031.97537 -2.45367837 -0.91310476 2.43259562 -0.11773798 0.17657581 0.10769943 0.97126700
1461245032.05384 -2.42587361 -0.89911234 2.48218169 -0.11913758 0.18868845 0.10482194 0.96913119
1461245032.21373 -2.36885599 -0.88191496 2.58015248 -0.11387330 0.21350654 0.09356148 0.96576088
1461245032.37877 -2.32123054 -0.87363760 2.67657181 -0.11564569 0.19951239 0.09711384 0.96818892
1461245032.53353 -2.27738454 -0.85783883 2.77141319 -0.12512095 0.18654421 0.09110106 0.97017865
1461245032.65357 -2.24189724 -0.83709295 2.84394743 -0.11921203 0.19102274 0.09289535 0.96988105
1461245032.73353 -2.21707461 -0.82341438 2.89457325 -0.11969662 0.19807330 0.08608973 0.96903470
1461245032.81465 -2.19110635 -0.81595745 2.94358265 -0.11410525 0.21220513 0.07667866 0.96750677
1461245032.93331 -2.15574525 -0.80862435 3.01907000 -0.10967139 0.21891444 0.08786811 0.96557126
1461245033.05565 -2.11962850 -0.79974853 3.08970937 -0.11883262 0.21705537 0.09091228 0.96462466
1461245033.17562 -2.08273928 -0.78106270 3.15694423 -0.12645364 0.21980513 0.09215763 0.96291337
1461245033.29338 -2.04347461 -0.75817353 3.22532731 -0.12989230 0.22197484 0.09086382 0.96208052
1461245033.41313 -2.00010939 -0.74422303 3.29330179 -0.11722854 0.22655923 0.09546234 0.96219298
1461245033.53311 -1.95859054 -0.73832685 3.36399858 -0.12120919 0.20899017 0.09300095 0.96591007
1461245033.69460 -1.90906453 -0.73077154 3.45426129 -0.12040317 0.19116250 0.08686484 0.97026516
1461245033.85295 -1.85859041 -0.70380965 3.54627509 -0.11678898 0.19214869 0.08628930 0.97056343
1461245033.97494 -1.81704882 -0.68265932 3.61882434 -0.11525676 0.19793865 0.06903932 0.97096331
1461245034.09291 -1.77142126 -0.66904459 3.69013641 -0.11530503 0.20534727 0.07099742 0.96927634
1461245034.21258 -1.72800966 -0.66138697 3.75979614 -0.12035696 0.19510290 0.07294518 0.97063282
1461245034.33288 -1.68452208 -0.64801104 3.82522825 -0.12509876 0.19025044 0.06766744 0.97137850
1461245034.45412 -1.64245299 -0.62824748 3.89031121 -0.11628955 0.17925247 0.07591913 0.97395153
1461245034.53265 -1.61413261 -0.61514111 3.93373090 -0.10578639 0.16958764 0.07892060 0.97663750
1461245034.65262 -1.57086693 -0.60008452 3.99733484 -0.09408182 0.14817569 0.08032304 0.98119355
1461245034.73260 -1.54457988 -0.59395959 4.03696418 -0.09400111 0.12606318 0.07694012 0.98455680
1461245034.85248 -1.51233211 -0.58643033 4.09536222 -0.09461115 0.08718369 0.08065536 0.98840399
1461245034.93248 -1.49635320 -0.58076463 4.13558028 -0.08448846 0.05529148 0.08746429 0.99103711
1461245035.01241 -1.48113813 -0.57055252 4.17687616 -0.07386036 0.03017144 0.08092864 0.99352146
1461245035.09239 -1.46709779 -0.55883860 4.21920889 -0.06029234 0.00256704 0.07784717 0.99513721
1461245035.17404 -1.45443178 -0.54708324 4.26308402 -0.05391619 -0.02513704 0.08552957 0.99455813
1461245035.29222 -1.43604583 -0.53873046 4.33013409 -0.05542438 -0.06039422 0.07307131 0.99395234
1461245035.41228 -1.41615073 -0.54005842 4.39426193 -0.05079076 -0.08379077 0.06385280 0.99313757
1461245035.53217 -1.40157540 -0.54001230 4.45275468 -0.04126384 -0.11865051 0.05567622 0.99051477
1461245035.65220 -1.39170949 -0.53116901 4.51684285 -0.03223258 -0.15096723 0.04675309 0.98690633
1461245035.73206 -1.38813637 -0.52438591 4.55888082 -0.02583673 -0.17630257 0.03452325 0.98339108
1461245035.81204 -1.38635761 -0.51978426 4.59975994 -0.02175234 -0.20304804 0.03537806 0.97828765
1461245035.89204 -1.38592027 -0.52124033 4.63785685 -0.01530022 -0.23440190 0.02882191 0.97159197
1461245035.97425 -1.38751719 -0.52662105 4.67321781 -0.00586995 -0.25590785 0.02366789 0.96639358
1461245036.05302 -1.39469764 -0.53046030 4.70814330 -0.00631412 -0.28241566 0.01822328 0.95909824
1461245036.13486 -1.40608472 -0.53515324 4.74148296 0.00192081 -0.31016013 0.01604281 0.95054702
1461245036.21306 -1.42156518 -0.53838132 4.77236052 0.01532764 -0.33589394 0.01866851 0.94159004
1461245036.29184 -1.43953241 -0.54045623 4.80443737 0.02842627 -0.35371498 0.02044505 0.93469763
1461245036.37351 -1.45993974 -0.54494001 4.83374183 0.03705376 -0.36757411 0.01839001 0.92907379
1461245036.45176 -1.48314160 -0.55226980 4.85931743 0.03887271 -0.38659412 0.01891369 0.92123622
1461245036.53170 -1.50672681 -0.56274833 4.87966691 0.04769454 -0.40720479 0.02309378 0.91179831
1461245036.61154 -1.53156451 -0.57099361 4.89778650 0.04151245 -0.42580019 0.02437995 0.90353557
1461245036.73336 -1.57012680 -0.58436420 4.92169976 0.04262852 -0.44577065 0.01132751 0.89405986
1461245036.85152 -1.61010623 -0.59969445 4.94122596 0.05167902 -0.47212680 0.00338104 0.88000803
1461245036.97421 -1.64813609 -0.61507547 4.96327460 0.05550983 -0.48207397 0.00377534 0.87436210
1461245037.09172 -1.68738320 -0.62991898 4.97994627 0.06744416 -0.50071620 0.00672969 0.86295381
1461245037.21144 -1.72739015 -0.64375062 4.99452506 0.06630945 -0.52048567 -0.00590449 0.85127132
1461245037.33118 -1.76467233 -0.65772470 5.00744035 0.06859208 -0.52829074 -0.00327329 0.84628205
1461245037.45143 -1.80361701 -0.66909443 5.01303806 0.06711238 -0.54983599 -0.00672727 0.83254493
1461245037.57313 -1.84395947 -0.67903722 5.02096028 0.05860238 -0.55973022 -0.01027580 0.82653629
1461245037.69119 -1.88980089 -0.68783781 5.03035974 0.05482409 -0.57123703 -0.01281614 0.81885183
1461245037.85113 -1.95560982 -0.70737020 5.04938958 0.06994140 -0.56969990 -0.02882113 0.81836396
1461245037.97408 -2.00346112 -0.72739374 5.06747027 0.06482149 -0.56461648 -0.01542719 0.82265935
1461245038.09094 -2.04550571 -0.75039917 5.08342815 0.06079554 -0.55784530 -0.00742004 0.82768198
1461245038.25089 -2.09710131 -0.77568012 5.10716904 0.05393802 -0.54955542 -0.00275776 0.83370974
1461245038.37290 -2.13679727 -0.79463735 5.12445802 0.06027464 -0.54724419 -0.00422949 0.83478912
1461245038.49077 -2.17932230 -0.81294205 5.14430386 0.06611939 -0.54954511 0.00152827 0.83284216
1461245038.65070 -2.23606815 -0.83686953 5.17404943 0.07540800 -0.55640999 0.01490638 0.82734477
1461245038.77360 -2.27785728 -0.85579052 5.19869014 0.07568077 -0.56648840 0.01449334 0.82045917
1461245038.89082 -2.31485842 -0.87329013 5.22448840 0.07483368 -0.57102429 0.00118956 0.81751438
1461245039.01059 -2.34751034 -0.89021960 5.25482462 0.07154619 -0.57442729 -0.00170818 0.81542106
1461245039.13056 -2.37454966 -0.90875676 5.28580588 0.07895361 -0.57773775 0.00633774 0.81237015
1461245039.25037 -2.40390778 -0.92301085 5.32061060 0.08511342 -0.57959114 0.00469873 0.81043675
1461245039.33040 -2.42557312 -0.92984101 5.34648897 0.08470293 -0.57828202 0.00902302 0.81137778
1461245039.41038 -2.44676000 -0.93886262 5.37505822 0.08757222 -0.57821243 0.01613790 0.81101237
1461245039.49027 -2.46880162 -0.94632710 5.40521067 0.08987471 -0.57385848 0.01783758 0.81381251
1461245039.61025 -2.49968296 -0.95816080 5.44949852 0.09113630 -0.57080303 0.00772243 0.81597699
1461245039.69029 -2.51710983 -0.96580231 5.48089102 0.08591961 -0.56500122 0.00303545 0.82059870
1461245039.81020 -2.53899050 -0.97773459 5.52960746 0.08290787 -0.55586588 0.00355314 0.82711957
1461245039.93012 -2.55547294 -0.99112464 5.57729572 0.08928828 -0.54741802 -0.00174405 0.83208057
1461245040.05014 -2.57324208 -1.00047873 5.62964624 0.09129410 -0.54240903 0.00369741 0.83513123
1461245040.17236 -2.59104569 -1.00575498 5.68010848 0.09677615 -0.54899178 0.01098904 0.83013351
1461245040.29034 -2.60559308 -1.01135238 5.72622726 0.10161009 -0.56199988 0.01589379 0.82071853
1461245040.48994 -2.62942691 -1.02708567 5.79007733 0.11683183 -0.56588947 0.00085898 0.81616095
1461245040.68979 -2.66078472 -1.03709868 5.84854356 0.10299433 -0.57138533 -0.00561023 0.81417412
1461245040.88965 -2.70930956 -1.05661651 5.90116954 0.10710771 -0.57823155 0.00758445 0.80877604
1461245041.08963 -2.77021499 -1.08790585 5.95006581 0.11915636 -0.57967226 0.01879592 0.80587129
1461245041.28954 -2.84166367 -1.12059855 5.99626235 0.12727284 -0.57442690 -0.00377875 0.80859204
1461245041.44939 -2.90113475 -1.14075374 6.02758242 0.13115353 -0.58650730 -0.01202599 0.79916413
1461245041.60944 -2.95823502 -1.16157949 6.06494473 0.12822402 -0.58750337 -0.01146333 0.79891613
1461245041.77124 -3.01196442 -1.19524585 6.10065204 0.13856770 -0.58983722 0.00996576 0.79548207
1461245041.92921 -3.06320469 -1.22558207 6.13310133 0.14054353 -0.59662995 0.01971447 0.78986807
1461245042.08917 -3.11547889 -1.25006640 6.15931719 0.14532467 -0.59959962 0.00651917 0.78696794
1461245042.24912 -3.17349381 -1.27060861 6.18438135 0.15264808 -0.60704416 -0.01266386 0.77976636
1461245042.40979 -3.23776072 -1.28982676 6.21410135 0.15133186 -0.60343366 -0.02441308 0.78254105
1461245042.52898 -3.28615718 -1.31268163 6.23808976 0.15389163 -0.59172377 -0.02577716 0.79089562
1461245042.64895 -3.33281115 -1.34174995 6.25795114 0.15341538 -0.59077706 -0.01609454 0.79195148
1461245042.77107 -3.37955667 -1.36672123 6.27628466 0.14824115 -0.58894413 -0.01859158 0.79424413
1461245042.88866 -3.42483158 -1.38754503 6.29727102 0.14064887 -0.58126043 -0.03704449 0.80061346
1461245043.04865 -3.48058516 -1.41678945 6.32765098 0.13528357 -0.57862746 -0.02892903 0.80377343
1461245043.17066 -3.52353798 -1.43732928 6.35043981 0.14019121 -0.57021627 -0.03585799 0.80864951
1461245043.28859 -3.56371464 -1.46247291 6.37367268 0.14662962 -0.56766874 -0.03223413 0.80945223
1461245043.40878 -3.60249904 -1.49010943 6.39515679 0.15282952 -0.57210760 -0.02696045 0.80536275
1461245043.52847 -3.64433945 -1.51297168 6.41452051 0.15162506 -0.56705010 -0.03699395 0.80876169
1461245043.64842 -3.68228058 -1.53208427 6.42709527 0.15388686 -0.57073989 -0.05146234 0.80493878
1461245043.77113 -3.71834713 -1.54992448 6.43652127 0.15600978 -0.57428547 -0.05537210 0.80174253
1461245043.88831 -3.74863647 -1.56635987 6.44694166 0.15592386 -0.57727441 -0.04828359 0.80006919
1461245044.00835 -3.78994374 -1.58251644 6.45542203 0.15744063 -0.57254377 -0.04395762 0.80341385
1461245044.12825 -3.82525772 -1.59829042 6.46986209 0.15451366 -0.56270656 -0.03679741 0.81125385
1461245044.24820 -3.86002283 -1.61584904 6.48561240 0.15145255 -0.55012742 -0.04356449 0.82007565
1461245044.37030 -3.89101962 -1.63507080 6.49838336 0.14523074 -0.54143098 -0.04313313 0.82698250
1461245044.48796 -3.91579993 -1.65046990 6.51353448 0.13820600 -0.52737949 -0.04202554 0.83725972
1461245044.68799 -3.94967824 -1.67229698 6.52531716 0.13546875 -0.52344191 -0.04205292 0.84017161
1461245045.00818 -4.00557956 -1.69417780 6.53214073 0.12699410 -0.54033138 -0.04544032 0.83057190
1461245045.28766 -4.04624649 -1.71399987 6.51671669 0.14214788 -0.56637036 -0.05418738 0.80998909
1461245045.52755 -4.07974696 -1.73093368 6.49417904 0.15566144 -0.59663700 -0.06562078 0.78453025
1461245045.72747 -4.11145593 -1.74049514 6.46686167 0.16058753 -0.63066294 -0.07245866 0.75579471
1461245045.92735 -4.12293332 -1.74267364 6.43590590 0.16330826 -0.65942536 -0.06814022 0.73064733
1461245046.12720 -4.13209184 -1.74176879 6.39920755 0.17260881 -0.68569693 -0.07959093 0.70263163
1461245046.32722 -4.13881697 -1.73694793 6.36221398 0.16750203 -0.70890453 -0.08418754 0.67993374
1461245046.48715 -4.14016362 -1.73256940 6.33094631 0.16475764 -0.73099152 -0.08961476 0.65610632
1461245046.64707 -4.14519621 -1.72649901 6.29419365 0.17287645 -0.74581105 -0.10638427 0.63447774
1461245046.80699 -4.13979556 -1.71238405 6.26026545 0.16493109 -0.76321251 -0.11141097 0.61472921
1461245046.92696 -4.13902619 -1.70029250 6.23117567 0.16591362 -0.77192029 -0.12699254 0.60040373
1461245047.08686 -4.13040800 -1.68592868 6.19759823 0.16800473 -0.78456947 -0.13690493 0.58093218
1461245047.24675 -4.12028867 -1.66982051 6.16875708 0.16542663 -0.79541282 -0.14436917 0.56489823
1461245047.40673 -4.10877721 -1.65329614 6.14342678 0.16610636 -0.80290305 -0.15616183 0.55078929
1461245047.56863 -4.09046506 -1.63613139 6.12071728 0.17420582 -0.80961320 -0.16736375 0.53494688
1461245047.72764 -4.06886969 -1.61893412 6.10185727 0.18019655 -0.81611261 -0.17805109 0.51941045
1461245047.92646 -4.04094787 -1.59627349 6.08473803 0.17680368 -0.82865392 -0.17908565 0.50000147
1461245048.12636 -4.01406666 -1.56699149 6.07299314 0.17943912 -0.83386290 -0.19557562 0.48396741
1461245048.32624 -3.98203214 -1.53987765 6.06516489 0.18226016 -0.84078620 -0.20178745 0.46812565
1461245048.56609 -3.94174637 -1.51517426 6.06754981 0.19160144 -0.84384125 -0.19480484 0.46181372
1461245048.76604 -3.90846031 -1.49868385 6.08620695 0.18574273 -0.83933792 -0.17565964 0.47974493
1461245048.92595 -3.88087135 -1.49124572 6.11068999 0.18769814 -0.82666895 -0.16294966 0.50481210
1461245049.08583 -3.85373998 -1.48591500 6.13638931 0.18448190 -0.81220954 -0.14936176 0.53289131
1461245049.28574 -3.82216147 -1.47323534 6.16640016 0.17446498 -0.79734938 -0.14661729 0.55883745
1461245049.44578 -3.80324223 -1.46100535 6.19428791 0.17112914 -0.76931666 -0.15336818 0.59610813
1461245049.60561 -3.78731985 -1.45216923 6.22234831 0.16749364 -0.74387929 -0.15003460 0.62934815
1461245049.76785 -3.77201306 -1.44472253 6.24902076 0.15209835 -0.72445993 -0.12493746 0.66061678
1461245049.92520 -3.75472294 -1.43164303 6.27319605 0.13768462 -0.69522031 -0.12714742 0.69393458
1461245050.08538 -3.73618174 -1.41541931 6.29406101 0.12210556 -0.66962938 -0.13698761 0.71966737
1461245050.24542 -3.72104920 -1.39785574 6.31824956 0.09412701 -0.65111307 -0.13459256 0.74099711
1461245050.40527 -3.70698950 -1.38151487 6.34421429 0.06660242 -0.63054046 -0.13186564 0.76196738
1461245050.60520 -3.69242614 -1.36286611 6.37179611 0.04515014 -0.61387004 -0.12728809 0.77776782
1461245050.80511 -3.67817557 -1.33960322 6.39486837 0.03095405 -0.59727346 -0.13882198 0.78932549
1461245051.08503 -3.66233093 -1.30625521 6.41826915 0.01611792 -0.59233354 -0.13336981 0.79441405
1461245051.32492 -3.64867251 -1.26751934 6.42623637 0.00117883 -0.59610700 -0.14174086 0.79029399
1461245051.52711 -3.64867239 -1.23226630 6.42353729 -0.01589658 -0.60920496 -0.14878050 0.77876888
1461245051.76747 -3.65583356 -1.19275762 6.42918936 -0.03552125 -0.61225540 -0.13160510 0.77882069
1461245051.88469 -3.65958767 -1.16633869 6.43526347 -0.05407507 -0.60225914 -0.11856027 0.78759335
1461245052.00461 -3.66122122 -1.14087902 6.44050777 -0.06948711 -0.59188281 -0.09399357 0.79750328
1461245052.12444 -3.66171664 -1.11434915 6.44458146 -0.07855095 -0.58417824 -0.09994588 0.80160861
1461245052.24532 -3.66407733 -1.09037146 6.44513873 -0.08333110 -0.58017917 -0.10618774 0.80322613
1461245052.32445 -3.66717307 -1.07609921 6.44278482 -0.08790320 -0.58384136 -0.10948373 0.79963467
1461245052.44431 -3.67367292 -1.05343346 6.44037858 -0.09503594 -0.58446362 -0.12576903 0.79596017
1461245052.52427 -3.67906125 -1.04014818 6.43881846 -0.10342232 -0.58596018 -0.12502241 0.79392940
1461245052.64716 -3.68642578 -1.02100518 6.43893085 -0.10709454 -0.58834172 -0.13251001 0.79045928
1461245052.68422 -3.68888943 -1.01579254 6.43699881 -0.10828067 -0.58954713 -0.13618490 0.78877319
1461245052.80497 -3.69445380 -0.99837853 6.43465958 -0.11374280 -0.59273221 -0.13769792 0.78534730
1461245052.88409 -3.69778450 -0.98830768 6.43321791 -0.11491126 -0.59293760 -0.13267699 0.78588626
1461245053.00416 -3.70524210 -0.97446172 6.42968401 -0.11224512 -0.59583785 -0.12293712 0.78566198
1461245053.08408 -3.71044520 -0.96530354 6.42680715 -0.10763827 -0.59929199 -0.12756156 0.78293752
1461245053.20443 -3.71857396 -0.95292783 6.42093290 -0.10098574 -0.60873529 -0.13747050 0.77481939
1461245053.28392 -3.72318818 -0.94583480 6.41797621 -0.09483656 -0.61376736 -0.13971030 0.77121766
1461245053.44437 -3.73121454 -0.93206385 6.41163134 -0.08581725 -0.62304292 -0.14438869 0.76394033
1461245053.56677 -3.73504816 -0.92279543 6.40493024 -0.07966235 -0.62998394 -0.14581943 0.75862431
1461245053.68378 -3.73791506 -0.91135357 6.39605587 -0.07378347 -0.63918035 -0.15653632 0.74933361
1461245053.84371 -3.73921689 -0.89513116 6.38434277 -0.07199738 -0.64847897 -0.16970131 0.73857489
1461245053.96575 -3.73887480 -0.88575688 6.37356214 -0.07031924 -0.65552652 -0.17709699 0.73073719
1461245054.08354 -3.73835817 -0.87777632 6.36164482 -0.06536504 -0.66495920 -0.18688763 0.72015949
1461245054.24353 -3.73663423 -0.86821285 6.34378175 -0.05929552 -0.67870169 -0.20280604 0.70336176
1461245054.36563 -3.73614939 -0.86531163 6.33038866 -0.05212653 -0.69214999 -0.20766332 0.68926567
1461245054.52343 -3.73585117 -0.86134955 6.31656579 -0.04037984 -0.70777979 -0.22394242 0.66878025
1461245054.76583 -3.73040594 -0.85334348 6.30508251 -0.04398225 -0.72217932 -0.22586947 0.65230788
1461245054.96970 -3.72141303 -0.84287955 6.29143410 -0.04588501 -0.73392776 -0.22563184 0.63901086
1461245055.08304 -3.71192439 -0.83525500 6.27625416 -0.03922269 -0.74481604 -0.23684109 0.62258891
1461245055.20297 -3.69980800 -0.83167117 6.25869892 -0.02958221 -0.75703460 -0.23261350 0.60984790
1461245055.32305 -3.68719414 -0.82635728 6.23887678 -0.01429081 -0.76744814 -0.24694592 0.59147007
1461245055.44342 -3.67615450 -0.82221439 6.21851841 -0.00138874 -0.78019628 -0.25511482 0.57114645
1461245055.56526 -3.66664020 -0.81946508 6.19999484 0.01074371 -0.79146119 -0.25641951 0.55472767
1461245055.72277 -3.65682892 -0.81654355 6.17949360 0.02197298 -0.80474647 -0.25272452 0.53668485
1461245055.88265 -3.64759753 -0.80846986 6.16245766 0.03045130 -0.81598188 -0.26138488 0.51470791
1461245056.04259 -3.63982764 -0.80239879 6.14598647 0.04136824 -0.82761033 -0.26603914 0.49251699
1461245056.20248 -3.63739417 -0.79981224 6.12668699 0.06082699 -0.83595297 -0.27014336 0.47381987
1461245056.36443 -3.63307823 -0.80056527 6.10498632 0.06993796 -0.84468327 -0.25260583 0.46670027
1461245056.52249 -3.62286839 -0.79206670 6.08068617 0.06642133 -0.85301957 -0.24583465 0.45553391
1461245056.64240 -3.61001613 -0.78325320 6.06017256 0.06281527 -0.86131316 -0.24503611 0.44062592
1461245056.72237 -3.60037922 -0.77761623 6.04455591 0.06756643 -0.86680714 -0.24510782 0.42895490
1461245056.80225 -3.58972395 -0.77000314 6.02751278 0.07340138 -0.87412105 -0.24998668 0.40991619
1461245056.88223 -3.57806584 -0.76109124 6.01021799 0.08354770 -0.87946897 -0.26398571 0.38712485
1461245056.96577 -3.56683087 -0.75407116 5.99463965 0.09412841 -0.88386441 -0.27084828 0.36954670
1461245057.04212 -3.55603135 -0.74898250 5.98055489 0.10128766 -0.88859051 -0.27273577 0.35463067
1461245057.16449 -3.54164267 -0.74327340 5.96324798 0.10398677 -0.89483720 -0.26790194 0.34158701
1461245057.32206 -3.52524178 -0.73480132 5.94981406 0.09759405 -0.89830335 -0.26634319 0.33554106
1461245057.52195 -3.50864991 -0.73003338 5.94405496 0.10254111 -0.90067032 -0.26566832 0.32817471
1461245057.80178 -3.48985044 -0.72513735 5.94284819 0.10961828 -0.90287856 -0.26752805 0.31815543
1461245058.00174 -3.47209847 -0.72135591 5.94747116 0.11790749 -0.90433275 -0.27437847 0.30495336
1461245058.20154 -3.45530148 -0.71263916 5.95444692 0.11534885 -0.90777395 -0.28489281 0.28544210
1461245058.40152 -3.44472439 -0.70307741 5.96085618 0.12904134 -0.90901225 -0.30158728 0.25708009
1461245058.64127 -3.43172668 -0.69362452 5.96656250 0.14103446 -0.91261747 -0.31094514 0.22483717
1461245058.80173 -3.42050979 -0.68139425 5.97178443 0.15417522 -0.90993660 -0.32738654 0.20264116
1461245059.00123 -3.40493881 -0.67373353 5.97817589 0.15285829 -0.91006762 -0.33360749 0.19265855
1461245059.20115 -3.38600844 -0.67380282 5.97685617 0.16022801 -0.91549678 -0.32736914 0.17035866
1461245059.36407 -3.36754964 -0.67537246 5.97450895 0.17551671 -0.91743428 -0.32747256 0.14237257
1461245059.56386 -3.34597523 -0.67532728 5.98033302 0.17795174 -0.92247897 -0.31978708 0.12289002
1461245059.72099 -3.32806914 -0.66852641 5.99010509 0.18367958 -0.92161042 -0.32580186 0.10367831
1461245059.92087 -3.31310769 -0.66619155 6.00736998 0.17349755 -0.92397350 -0.32639596 0.09816952
1461245060.12087 -3.30383672 -0.67126538 6.02850395 0.17597123 -0.92569944 -0.32467455 0.08186031
1461245060.28165 -3.29788625 -0.67301222 6.05200851 0.18452004 -0.92540574 -0.32520336 0.06180091
1461245060.40057 -3.29108088 -0.67237126 6.07171744 0.19229203 -0.92364322 -0.32967225 0.03497405
1461245060.52074 -3.28524995 -0.67465179 6.09296578 0.19915833 -0.92161005 -0.33286398 0.01313217
1461245060.68088 -3.27983560 -0.68041156 6.12035057 0.20540424 -0.91974724 -0.33446735 -0.00238725
1461245060.88047 -3.27350683 -0.68918859 6.14944422 0.19910279 -0.92382513 -0.32694095 -0.00384962
1461245061.16228 -3.25143857 -0.70160001 6.18078462 0.19111049 -0.93012987 -0.31311235 -0.01720081
1461245061.36241 -3.22613084 -0.71174951 6.20579603 0.20465137 -0.92751590 -0.31057844 -0.03705532
1461245061.56196 -3.20773540 -0.71420388 6.22878017 0.19489121 -0.92451552 -0.32721376 -0.01482002
1461245061.83991 -3.17862227 -0.71938035 6.24255118 0.20120540 -0.92327771 -0.32712938 -0.00781162
1461245062.07984 -3.14896088 -0.71666388 6.25087262 0.21057552 -0.91933887 -0.33190292 -0.01773286
1461245062.27981 -3.11765492 -0.71914232 6.25582022 0.20068311 -0.92092203 -0.33362516 -0.01797627
1461245062.47969 -3.08130432 -0.72178393 6.25798930 0.19996106 -0.92047351 -0.33490871 -0.02408819
1461245062.63963 -3.05335765 -0.71776141 6.25667196 0.19525963 -0.92025067 -0.33743973 -0.03386449
1461245062.79955 -3.02938157 -0.71271244 6.24961494 0.19346756 -0.92229402 -0.33302855 -0.03218739
1461245062.96174 -3.00064537 -0.70824776 6.23811106 0.21261615 -0.92012319 -0.32636854 -0.04063569
1461245063.11941 -2.97301871 -0.69898783 6.23122939 0.21855780 -0.91607993 -0.33465231 -0.03221603
1461245063.27992 -2.94690672 -0.68594578 6.22736733 0.21210574 -0.91362371 -0.34651666 -0.01513538
1461245063.43931 -2.91631591 -0.67702474 6.22250141 0.21918635 -0.91342191 -0.34272279 -0.01260355
1461245063.56120 -2.89125057 -0.66865376 6.22038771 0.22361948 -0.91260986 -0.34173875 -0.01876687
1461245063.72203 -2.86289449 -0.65682003 6.21722777 0.21682433 -0.91328439 -0.34464540 -0.01087994
1461245063.87900 -2.83793448 -0.64625527 6.21053010 0.21264451 -0.91398488 -0.34555560 -0.00229853
1461245064.03900 -2.81388809 -0.63027436 6.20122482 0.21601764 -0.90859249 -0.35744256 0.00555779
1461245064.16098 -2.79603791 -0.62166725 6.19061281 0.20192214 -0.91099552 -0.35914834 0.01808514
1461245064.27892 -2.77393785 -0.61331850 6.17916446 0.19705278 -0.91052559 -0.36254712 0.02594087
1461245064.39871 -2.75014011 -0.60219313 6.16638853 0.18466224 -0.90891502 -0.37233194 0.03379757
1461245064.51868 -2.72600047 -0.60251307 6.15111170 0.19037012 -0.91349690 -0.35752959 0.03814725
1461245064.63867 -2.70304900 -0.59945761 6.13791153 0.22036882 -0.91076637 -0.34854411 0.02142897
1461245064.79857 -2.68119583 -0.59109366 6.12488668 0.20969033 -0.91040913 -0.35555444 0.02768054
1461245064.91853 -2.66378887 -0.57871828 6.11536472 0.19610828 -0.90550123 -0.37475717 0.03414864
1461245065.03844 -2.64540081 -0.56853094 6.10520318 0.18218493 -0.90129336 -0.39100431 0.03993185
1461245065.20139 -2.62409778 -0.55845606 6.09084833 0.16873438 -0.89898732 -0.40144987 0.04678158
1461245065.36016 -2.60251955 -0.55366319 6.07411348 0.16407277 -0.89835775 -0.40367936 0.05546586
1461245065.47830 -2.58449327 -0.54579018 6.06201087 0.16375445 -0.89368959 -0.41277410 0.06419452
1461245065.59817 -2.56555870 -0.53494430 6.04639397 0.14914287 -0.89021098 -0.42146999 0.08742919
1461245065.71819 -2.54349754 -0.52432647 6.02629749 0.14281907 -0.88676195 -0.42686406 0.10508587
1461245065.83806 -2.51464512 -0.51524291 6.00280789 0.14583485 -0.88855774 -0.42145072 0.10759477
1461245065.95973 -2.48535503 -0.50402020 5.98383417 0.14743884 -0.89057476 -0.41811715 0.10156979
1461245066.07802 -2.46113931 -0.48857870 5.96780016 0.15038869 -0.88570320 -0.42711028 0.10242017
1461245066.19793 -2.43817794 -0.47815693 5.94846140 0.15261164 -0.88813183 -0.42218044 0.09846426
1461245066.31790 -2.41588794 -0.46874246 5.92370060 0.16999036 -0.89045157 -0.41288082 0.08791306
1461245066.43781 -2.39756580 -0.46288836 5.89559478 0.17500498 -0.89312009 -0.40369332 0.09349583
1461245066.56225 -2.37983968 -0.45581902 5.86969904 0.16059358 -0.89305686 -0.40560456 0.11020023
1461245066.67793 -2.36275624 -0.44725200 5.84524028 0.14735914 -0.89025064 -0.41519382 0.11555597
1461245066.79772 -2.34596635 -0.44273001 5.81343227 0.13442216 -0.89371096 -0.40939150 0.12494000
1461245066.91781 -2.33364059 -0.44672693 5.78039360 0.13881480 -0.89866285 -0.39486402 0.13121714
1461245067.03900 -2.32413364 -0.44772421 5.75098718 0.12799672 -0.90196013 -0.38739996 0.14144271
1461245067.16030 -2.31592702 -0.44785609 5.72158794 0.12678985 -0.90461496 -0.37839326 0.14971519
1461245067.27768 -2.31106320 -0.44647134 5.69025623 0.12297508 -0.90350063 -0.37337735 0.17074276
1461245067.39729 -2.31062800 -0.44299265 5.65999960 0.11696006 -0.89718785 -0.37520889 0.20147604
1461245067.51727 -2.31202051 -0.44458230 5.62950340 0.11115976 -0.89531272 -0.36728588 0.22618515
1461245067.63720 -2.31714357 -0.44668087 5.60074877 0.10186777 -0.89075864 -0.36335414 0.25327014
1461245067.75974 -2.32582712 -0.45025509 5.57006021 0.08315722 -0.88495469 -0.36046641 0.28284986
1461245067.83725 -2.33463311 -0.45323613 5.54586060 0.06876933 -0.88283079 -0.35397778 0.30096562
1461245067.91721 -2.34668671 -0.45657172 5.52080472 0.05924533 -0.87746274 -0.34920661 0.32342522
1461245067.99718 -2.35932048 -0.46030130 5.49469923 0.05060264 -0.87460015 -0.33787082 0.34403090
1461245068.07989 -2.37183296 -0.46166409 5.46797489 0.03576180 -0.87044148 -0.33177981 0.36190453
1461245068.15940 -2.38486742 -0.46031139 5.44467706 0.02471779 -0.85969796 -0.33664577 0.38337720
1461245068.27677 -2.40431817 -0.45806888 5.40998393 0.01536255 -0.85195483 -0.33611071 0.40120638
1461245068.39683 -2.42317975 -0.45365446 5.37964222 0.00670085 -0.83840440 -0.35138789 0.41660498
1461245068.51682 -2.44206617 -0.45457909 5.34635232 0.01156852 -0.83178995 -0.35768178 0.42432934
1461245068.63679 -2.46294990 -0.45682458 5.31241103 -0.00127008 -0.82688979 -0.35678463 0.43469115
1461245068.71707 -2.47989776 -0.46176709 5.29064517 -0.01009160 -0.82393154 -0.34578345 0.44885273
1461245068.79668 -2.49830368 -0.46664014 5.26731272 -0.00976789 -0.82255173 -0.33536495 0.45917708
1461245068.87673 -2.51731914 -0.46925806 5.24480284 -0.01065070 -0.81834275 -0.32858344 0.47141768
1461245068.95839 -2.53571711 -0.46959904 5.22289563 -0.01693383 -0.81204652 -0.32421444 0.48495226
1461245069.03653 -2.55198403 -0.46989505 5.20342073 -0.02249572 -0.80136423 -0.32388278 0.50240349
1461245069.15848 -2.57115484 -0.47456656 5.17648472 -0.04005687 -0.79051219 -0.30888924 0.52732662
1461245069.23647 -2.58219055 -0.47847493 5.15620338 -0.05481251 -0.78717387 -0.29575096 0.53840900
1461245069.35855 -2.60028530 -0.48235964 5.12645484 -0.06879370 -0.77563236 -0.29143089 0.55563468
1461245069.43641 -2.61444434 -0.48487686 5.10590238 -0.08095164 -0.77071963 -0.28181236 0.56570299
1461245069.51643 -2.62988249 -0.48836429 5.08403775 -0.08231101 -0.76781724 -0.27617448 0.57219686
1461245069.59643 -2.64623778 -0.49080272 5.06119292 -0.08457882 -0.76374791 -0.27676399 0.57700714
1461245069.67732 -2.66370623 -0.49379812 5.03823565 -0.09527071 -0.75720254 -0.26882388 0.58762363
1461245069.75630 -2.68089438 -0.49626392 5.01266274 -0.09989079 -0.75681422 -0.26455212 0.58929300
1461245069.83624 -2.69497585 -0.50031128 4.98935677 -0.10144826 -0.75595093 -0.26670055 0.58916658
1461245069.91632 -2.70932265 -0.50535044 4.96798707 -0.11579746 -0.74734894 -0.25872003 0.60093631
1461245069.99620 -2.72377314 -0.51167389 4.94454325 -0.12040671 -0.74911801 -0.24924977 0.60182969
1461245070.07614 -2.73771774 -0.51725344 4.92352904 -0.12388704 -0.74838836 -0.24795524 0.60256540
1461245070.15624 -2.75213260 -0.52333649 4.90362257 -0.12613845 -0.74815212 -0.24255031 0.60458817
1461245070.23613 -2.76875093 -0.52886960 4.88361589 -0.12435105 -0.74839492 -0.24033760 0.60554083
1461245070.31621 -2.78807046 -0.53434606 4.86525915 -0.12533881 -0.74175878 -0.23449700 0.61570712
1461245070.39606 -2.80848739 -0.53959567 4.84608472 -0.12875963 -0.73220614 -0.22989023 0.62804905
1461245070.47594 -2.82781129 -0.54541270 4.82537902 -0.13025437 -0.72336062 -0.22606476 0.63927923
1461245070.55590 -2.84424557 -0.55133098 4.80148059 -0.12527014 -0.72167385 -0.23618862 0.63852109
1461245070.63581 -2.86012664 -0.55889090 4.77935982 -0.12863443 -0.71713184 -0.23171373 0.64458037
1461245070.71561 -2.87718574 -0.56616290 4.75836244 -0.13986486 -0.70970168 -0.22260868 0.65361053
1461245070.79577 -2.89499812 -0.57400704 4.73483687 -0.14515444 -0.71073755 -0.21491968 0.65390508
1461245070.87572 -2.91508650 -0.58320905 4.71359070 -0.14634556 -0.70684411 -0.21271699 0.65856349
1461245070.95820 -2.93751522 -0.59362887 4.69361696 -0.14867410 -0.70397670 -0.20392588 0.66387276
1461245071.03564 -2.96191596 -0.60237575 4.67380831 -0.15640224 -0.69879860 -0.19884819 0.66908763
1461245071.11624 -2.98831210 -0.61198017 4.65588070 -0.15501908 -0.69088154 -0.19691810 0.67814087
1461245071.19561 -3.01558259 -0.61998219 4.63814394 -0.16129248 -0.68758102 -0.19216247 0.68138878
1461245071.27544 -3.04006446 -0.63083417 4.62676540 -0.15616248 -0.68010828 -0.19578366 0.68900999
1461245071.35549 -3.06466738 -0.64064220 4.61602972 -0.16142557 -0.67478609 -0.18407435 0.69621991
1461245071.43551 -3.08938874 -0.64581893 4.60426366 -0.17753061 -0.67076162 -0.18047963 0.69712900
1461245071.51623 -3.11582527 -0.65139632 4.59698510 -0.19364396 -0.65726787 -0.16207773 0.71009279
1461245071.59627 -3.14473112 -0.65470936 4.59268903 -0.20967231 -0.64255895 -0.14486132 0.72261380
1461245071.67728 -3.17335118 -0.65697959 4.59381947 -0.21526789 -0.62276002 -0.14043789 0.73899046
1461245071.76268 -3.19781769 -0.65935536 4.59829363 -0.22291117 -0.59994999 -0.13021297 0.75724184
1461245071.83525 -3.21898106 -0.66054768 4.60257550 -0.23286677 -0.57862213 -0.12223052 0.77202927
1461245071.91523 -3.23587912 -0.66279069 4.60854464 -0.24162256 -0.55616185 -0.10982838 0.78755334
1461245072.03515 -3.26026182 -0.66445453 4.61162350 -0.26279975 -0.53103222 -0.09058643 0.80045935
1461245072.15777 -3.28514947 -0.66778286 4.61258036 -0.27596979 -0.51334310 -0.08030846 0.80862234
1461245072.27648 -3.30896877 -0.67513504 4.61394472 -0.28442491 -0.49761421 -0.08531654 0.81498690
1461245072.39511 -3.33586771 -0.68140290 4.61907063 -0.30436522 -0.47323385 -0.07641979 0.82314735
1461245072.47507 -3.35587512 -0.68849219 4.62412751 -0.31506071 -0.45282481 -0.06729907 0.83135870
1461245072.55704 -3.37934662 -0.69768900 4.62715619 -0.32090242 -0.44376493 -0.05830822 0.83468226
1461245072.63486 -3.39893623 -0.70889062 4.63080298 -0.32237703 -0.43247427 -0.06004251 0.83990116
1461245072.71491 -3.41689643 -0.71921354 4.63595306 -0.33523382 -0.41253025 -0.04068789 0.84603875
1461245072.79486 -3.43487035 -0.73220978 4.64163761 -0.33572550 -0.39914560 -0.02802369 0.85275193
1461245072.91480 -3.46020120 -0.74749464 4.64979461 -0.34708888 -0.38314376 -0.01174510 0.85591601
1461245072.99481 -3.47611414 -0.75727127 4.65759059 -0.35662525 -0.36684124 0.00043236 0.85921228
1461245073.07479 -3.49359364 -0.76891782 4.66638184 -0.35879497 -0.35511744 0.00687476 0.86319784
1461245073.15690 -3.51341048 -0.77956984 4.67698935 -0.36086002 -0.34038016 0.01526891 0.86815221
1461245073.23477 -3.53461997 -0.78691684 4.68870769 -0.36325561 -0.32683414 0.01777646 0.87230087
1461245073.31471 -3.55676551 -0.79396706 4.70190050 -0.36353537 -0.30928182 0.02560433 0.87836849
1461245073.39454 -3.57785788 -0.80021943 4.71381911 -0.36974829 -0.29552232 0.03490921 0.88018981
1461245073.47453 -3.59683808 -0.80660944 4.72609624 -0.37664580 -0.27855733 0.04160245 0.88250382
1461245073.55726 -3.61709366 -0.81479428 4.73972638 -0.37552721 -0.26771478 0.04708764 0.88605353
1461245073.63440 -3.63650895 -0.82268266 4.75329410 -0.37914250 -0.25582380 0.05098466 0.88780950
1461245073.71444 -3.65479887 -0.83018285 4.76901300 -0.37803351 -0.24232046 0.06087098 0.89144051
1461245073.79434 -3.67241500 -0.83612650 4.78457910 -0.38062044 -0.23055843 0.06846956 0.89290694
1461245073.87429 -3.68999509 -0.84219019 4.80051043 -0.38102794 -0.22269848 0.07318579 0.89435281
1461245073.95597 -3.70716462 -0.84846885 4.81711350 -0.38173576 -0.21316856 0.07579492 0.89615406
1461245074.03422 -3.72412897 -0.85508616 4.83371480 -0.38317111 -0.20337895 0.07863813 0.89757058
1461245074.11436 -3.74186110 -0.86126614 4.85022834 -0.38464479 -0.19509419 0.08436360 0.89825911
1461245074.19416 -3.75909223 -0.86612182 4.86375367 -0.39618090 -0.19713275 0.08277150 0.89293239
1461245074.27488 -3.77099908 -0.87409345 4.87906539 -0.39674711 -0.18319767 0.09386253 0.89455026
1461245074.39418 -3.79119029 -0.88344138 4.90055149 -0.40634956 -0.17926342 0.09974357 0.89039086
1461245074.51407 -3.80937509 -0.89011000 4.92216220 -0.41035789 -0.17171764 0.10542906 0.88938415
1461245074.63399 -3.82613264 -0.89627276 4.94530760 -0.41617506 -0.16217726 0.11124977 0.88776142
1461245074.75589 -3.84097555 -0.90481714 4.97066170 -0.41436515 -0.15228133 0.10694698 0.89088398
1461245074.83397 -3.85205136 -0.91184530 4.98811302 -0.40970198 -0.14509462 0.10927957 0.89395180
1461245074.91373 -3.86481379 -0.91842858 5.00450348 -0.40975681 -0.14106026 0.10582965 0.89498684
1461245074.99394 -3.87686658 -0.92676331 5.01887746 -0.40783684 -0.13845344 0.10427650 0.89645199
1461245075.11384 -3.89719609 -0.93715264 5.03907218 -0.40514420 -0.13231728 0.10929090 0.89800101
1461245075.23393 -3.92004554 -0.94424456 5.05629483 -0.41272697 -0.13611715 0.10931443 0.89396808
1461245075.35605 -3.94461408 -0.95034406 5.07442633 -0.41291724 -0.13972444 0.11193464 0.89299892
1461245075.43365 -3.96343984 -0.95506959 5.08582532 -0.40968846 -0.15597832 0.10730111 0.89236349
1461245075.51358 -3.97912564 -0.96015999 5.09706845 -0.40759308 -0.16339573 0.10000828 0.89284269
1461245075.59350 -3.99657519 -0.96465741 5.11141609 -0.40080219 -0.17270907 0.10216531 0.89391914
1461245075.67359 -4.01423770 -0.96930638 5.12592639 -0.39706885 -0.18606103 0.09761504 0.89341420
1461245075.75582 -4.03033920 -0.97639991 5.13882768 -0.39280413 -0.20421368 0.09002366 0.89213084
1461245075.83385 -4.04669895 -0.98231173 5.15248378 -0.38855211 -0.21662358 0.09135109 0.89093011
1461245075.91351 -4.06189141 -0.98710542 5.16466428 -0.39034483 -0.22656012 0.09126504 0.88767794
1461245075.99337 -4.07673518 -0.99416515 5.17675567 -0.38726902 -0.23365006 0.08872340 0.88744494
1461245076.07346 -4.09215361 -1.00255674 5.18650333 -0.38428312 -0.24226950 0.08949326 0.88635373
1461245076.15572 -4.10744798 -1.00849397 5.19589472 -0.38275888 -0.24775763 0.09344345 0.88508763
1461245076.27336 -4.12547375 -1.01677608 5.20375322 -0.38637892 -0.25567947 0.09356152 0.88124093
1461245076.43396 -4.14215428 -1.02617012 5.20746729 -0.39252299 -0.26428630 0.09281597 0.87605003
1461245076.63314 -4.15845367 -1.03994409 5.20692826 -0.39175301 -0.27539116 0.09216616 0.87303762
1461245076.79496 -4.17012293 -1.05533213 5.20265748 -0.38853763 -0.28612041 0.09816738 0.87036589
1461245076.99291 -4.17882963 -1.07505696 5.19584802 -0.38274981 -0.30286815 0.09069710 0.86807114
1461245077.27447 -4.18237912 -1.09582361 5.18689481 -0.37178416 -0.31479910 0.09135435 0.86852314
1461245077.63335 -4.17524105 -1.11745991 5.17392675 -0.35860956 -0.32329650 0.10093426 0.86987978
1461245077.91251 -4.16992551 -1.13767696 5.16166796 -0.35050783 -0.34466404 0.10663029 0.86428059
1461245078.19259 -4.16463536 -1.15367286 5.14689498 -0.35219866 -0.37040957 0.10440819 0.85314230
1461245078.47318 -4.16805845 -1.17150078 5.13613901 -0.35092162 -0.40006667 0.09849546 0.84089198
1461245078.71393 -4.17359847 -1.18924430 5.12474743 -0.35321843 -0.42136309 0.09053602 0.83035722
1461245078.91210 -4.18062021 -1.19690197 5.11071014 -0.35446116 -0.45140090 0.05959189 0.81672720
1461245079.15447 -4.19066909 -1.20439248 5.09861377 -0.36313221 -0.46750696 0.04748114 0.80456062
1461245079.39186 -4.20536916 -1.21122605 5.08864385 -0.37146107 -0.47904424 0.03962183 0.79433205
1461245079.59171 -4.22045086 -1.21901046 5.08202265 -0.37479085 -0.48790568 0.03746933 0.78744900
1461245079.79162 -4.23345589 -1.22927965 5.07693238 -0.36965092 -0.49537260 0.03486020 0.78533366
1461245079.95370 -4.24504434 -1.24210295 5.07103026 -0.36405206 -0.50422738 0.03667110 0.78222508
1461245080.07151 -4.25413214 -1.25369925 5.06612900 -0.35449513 -0.51613419 0.02974271 0.77913675
1461245080.23141 -4.26326287 -1.26664360 5.05933266 -0.35024629 -0.52595483 0.03075688 0.77443726
1461245080.43138 -4.27025890 -1.27956363 5.05488583 -0.34654408 -0.52938758 0.03287906 0.77367626
1461245080.63122 -4.27709315 -1.28954315 5.05121478 -0.34153470 -0.53622068 0.02856173 0.77136610
1461245080.87117 -4.28611496 -1.29823707 5.04723736 -0.34361306 -0.53533864 0.03104014 0.77095987
1461245081.07105 -4.29407755 -1.30801260 5.04640352 -0.34663149 -0.52994140 0.04253228 0.77278699
1461245081.23099 -4.30133076 -1.31883902 5.04429999 -0.34877433 -0.53142362 0.04855131 0.77044673
1461245081.35292 -4.30591039 -1.32947789 5.04427363 -0.34936493 -0.52986647 0.05927653 0.77050111
1461245081.51084 -4.30949733 -1.34163729 5.04749810 -0.34978233 -0.52728379 0.06576992 0.77155586
1461245081.67097 -4.31020134 -1.35219349 5.05602963 -0.34082925 -0.52454858 0.06958693 0.77707263
1461245081.79061 -4.30886635 -1.36214698 5.06356540 -0.33313776 -0.52267129 0.07125375 0.78150935
1461245081.91055 -4.30808099 -1.37297315 5.07065932 -0.33029201 -0.52042035 0.07381516 0.78397779
1461245082.03054 -4.31112816 -1.38551400 5.07581003 -0.32865720 -0.52280153 0.08339802 0.78211750
1461245082.15243 -4.31560405 -1.39706044 5.07820027 -0.32514806 -0.52850120 0.07531566 0.78057208
1461245082.27041 -4.32044209 -1.40697699 5.07836660 -0.32718630 -0.53054582 0.08079330 0.77778063
1461245082.43042 -4.32793625 -1.41732646 5.07627193 -0.33071224 -0.53027810 0.08616482 0.77589315
1461245082.59064 -4.33537835 -1.42675202 5.07370574 -0.33052223 -0.53272946 0.08323799 0.77461334
1461245082.71021 -4.34239388 -1.43553149 5.07458266 -0.33189287 -0.53190960 0.08338229 0.77457517
1461245082.83027 -4.35061416 -1.44636212 5.07678831 -0.32704157 -0.53750826 0.07988031 0.77314152
1461245082.91012 -4.35553397 -1.45266815 5.07962182 -0.32874786 -0.53624712 0.08200006 0.77307171
1461245082.99008 -4.36122052 -1.45909111 5.08344671 -0.32843356 -0.53710964 0.08375210 0.77241842
1461245083.07002 -4.36614837 -1.46577658 5.08876881 -0.32598531 -0.53620222 0.08394210 0.77406361
1461245083.19006 -4.37182028 -1.47539794 5.09741662 -0.31954839 -0.53750452 0.08586634 0.77563180
1461245083.31005 -4.37548785 -1.48060609 5.10424804 -0.32425917 -0.53579808 0.09017398 0.77436752
1461245083.42990 -4.37810951 -1.48558626 5.11248883 -0.32768519 -0.53240828 0.09389885 0.77482052
1461245083.55186 -4.38111210 -1.49330162 5.12073111 -0.32427559 -0.53450397 0.09605634 0.77454763
1461245083.66980 -4.38296147 -1.50123648 5.12977733 -0.32110400 -0.53315250 0.10002274 0.77629639
1461245083.79090 -4.38485165 -1.50869442 5.13767478 -0.31916495 -0.53188407 0.10802868 0.77689309
1461245083.90965 -4.38770620 -1.51585910 5.14546875 -0.31845721 -0.53072578 0.11321660 0.77723687
1461245084.02965 -4.38928772 -1.52376489 5.15419259 -0.31159186 -0.53161018 0.11268826 0.77948860
1461245084.15202 -4.38987517 -1.52966882 5.16380105 -0.31060194 -0.52555880 0.12103636 0.78272894
1461245084.26937 -4.39378619 -1.53846230 5.17106986 -0.29995058 -0.53095434 0.11867574 0.78360271
1461245084.42950 -4.40254869 -1.54827735 5.18148311 -0.30000783 -0.52731007 0.12638858 0.78483459
1461245084.50951 -4.40855374 -1.55329405 5.18755291 -0.29696102 -0.52651077 0.12643092 0.78652132
1461245084.62952 -4.42013001 -1.55988342 5.19934594 -0.30403549 -0.52135935 0.13298596 0.78616893
1461245084.70941 -4.42865345 -1.56521684 5.20906563 -0.30717073 -0.51627346 0.13868179 0.78732155
1461245084.82925 -4.44043498 -1.57619092 5.22421924 -0.30188897 -0.51395074 0.13536794 0.79145007
1461245084.90931 -4.44667268 -1.58344493 5.23526197 -0.29979696 -0.50913923 0.13926662 0.79467215
1461245085.02956 -4.45361762 -1.59463790 5.25062366 -0.29937873 -0.50178372 0.14386641 0.79867887
1461245085.10932 -4.45666068 -1.60162882 5.26142305 -0.30039402 -0.49430559 0.14857474 0.80209162
1461245085.23062 -4.45897089 -1.61018542 5.27737985 -0.29986808 -0.48457387 0.15975797 0.80606742
1461245085.35086 -4.46396907 -1.61815413 5.29073686 -0.29389406 -0.48802729 0.15167480 0.80774402
1461245085.50896 -4.46967974 -1.62686105 5.30737662 -0.29277097 -0.48849561 0.14899352 0.80836757
1461245085.66894 -4.47825600 -1.63263787 5.32534349 -0.29810588 -0.48461438 0.14687133 0.80914189
1461245085.82882 -4.49442473 -1.64013768 5.34179935 -0.29753657 -0.48647948 0.12812837 0.81141409
1461245085.95163 -4.50612988 -1.64752106 5.36078114 -0.29887617 -0.47816755 0.12836207 0.81581371
1461245086.06870 -4.51602049 -1.65722948 5.38279149 -0.30243981 -0.46690731 0.13388920 0.82012280
1461245086.18858 -4.52384959 -1.66757610 5.40747431 -0.31029552 -0.45364363 0.13836630 0.82388040
1461245086.26847 -4.52967268 -1.67721227 5.42342199 -0.30965147 -0.44829161 0.14736651 0.82548998
1461245086.35140 -4.53282877 -1.68431050 5.44031701 -0.31202102 -0.43826035 0.15631554 0.82833338
1461245086.42854 -4.53484917 -1.68968995 5.45738056 -0.31515241 -0.42840039 0.16141588 0.83132243
1461245086.50898 -4.53648017 -1.69468583 5.47395364 -0.31700244 -0.41827519 0.16887307 0.83428844
1461245086.58839 -4.53679797 -1.69762516 5.49106624 -0.32018841 -0.40890527 0.17757547 0.83590838
1461245086.66835 -4.53631126 -1.69845664 5.50788493 -0.32287355 -0.40171068 0.18213709 0.83738120
1461245086.78946 -4.53226361 -1.69421294 5.53204667 -0.33144814 -0.38390666 0.18919031 0.84081201
1461245086.90844 -4.52852635 -1.68895340 5.55425659 -0.33587104 -0.37286903 0.19801136 0.84199218
1461245087.02835 -4.52268490 -1.68253281 5.57529029 -0.34140413 -0.35883106 0.20708190 0.84368275
1461245087.10831 -4.51713047 -1.67724601 5.58948760 -0.34598398 -0.34568626 0.21350298 0.84570241
1461245087.18819 -4.50999246 -1.67224204 5.60375067 -0.34859767 -0.33303475 0.21538322 0.84922175
1461245087.26819 -4.50239199 -1.66724109 5.61808086 -0.35188576 -0.32141259 0.21885051 0.85145453
1461245087.38815 -4.48837170 -1.66092967 5.63878804 -0.35148212 -0.30502622 0.23278502 0.85394992
1461245087.46810 -4.47737041 -1.65602115 5.65087559 -0.35585038 -0.28981152 0.23754148 0.85612723
1461245087.58811 -4.45771119 -1.64925552 5.66853441 -0.35502512 -0.27376798 0.24964486 0.85830397
1461245087.66798 -4.44442451 -1.64390670 5.67814610 -0.35697567 -0.26136834 0.25547571 0.85964360
1461245087.78842 -4.42570409 -1.63573942 5.68934874 -0.35856491 -0.24851298 0.26552102 0.85975060
1461245087.90798 -4.40575710 -1.62566977 5.69725966 -0.36285513 -0.23312612 0.27026502 0.86078173
1461245088.02784 -4.38463387 -1.61613625 5.70370237 -0.36452797 -0.21917688 0.27961485 0.86075338
1461245088.15031 -4.35998379 -1.60651681 5.70883058 -0.36620967 -0.20140748 0.28679346 0.86201799
1461245088.26771 -4.33324513 -1.59723057 5.71278867 -0.36692268 -0.18383032 0.29683857 0.86224186
1461245088.38763 -4.30334673 -1.58553026 5.71623065 -0.36921311 -0.16486100 0.30437438 0.86247247
1461245088.46764 -4.28378014 -1.57686328 5.71772217 -0.37107745 -0.15296405 0.30827951 0.86247740
1461245088.58754 -4.25546809 -1.56309792 5.71915524 -0.37538681 -0.13613517 0.31417297 0.86130558
1461245088.66758 -4.23422473 -1.55310692 5.71956923 -0.37704655 -0.12430033 0.32377709 0.85880948
1461245088.74990 -4.21187317 -1.54374074 5.71968167 -0.37731152 -0.10954084 0.32689823 0.85951985
1461245088.82865 -4.18963748 -1.53459733 5.71926592 -0.37704412 -0.09708842 0.33237000 0.85903536
1461245088.90731 -4.16678130 -1.52470499 5.71771461 -0.37952792 -0.08470709 0.33593803 0.85786299
1461245088.98713 -4.14398139 -1.51471951 5.71686252 -0.37856503 -0.06898956 0.34355379 0.85667949
1461245089.06737 -4.12123575 -1.50488242 5.71469601 -0.37861903 -0.05493100 0.34538366 0.85693660
1461245089.14939 -4.10006702 -1.49510468 5.71187500 -0.38099947 -0.04263785 0.35045114 0.85452058
1461245089.22802 -4.07927829 -1.48628746 5.70927911 -0.38197236 -0.03144670 0.35702541 0.85184569
1461245089.30734 -4.05991595 -1.47946956 5.70719951 -0.37983859 -0.01984045 0.36097832 0.85148321
1461245089.38697 -4.04156310 -1.47358640 5.70370743 -0.37939575 -0.01034343 0.36163642 0.85156971
1461245089.46714 -4.02510784 -1.46779349 5.70001983 -0.37985636 0.00028168 0.36686495 0.84918736
1461245089.58709 -4.00353602 -1.46158553 5.69450546 -0.37693204 0.01135887 0.37330539 0.84760622
1461245089.70764 -3.98581711 -1.45549339 5.68885692 -0.37341314 0.02176761 0.37816088 0.84680762
1461245089.82697 -3.96966332 -1.44911968 5.68144140 -0.37107338 0.03195089 0.38495158 0.84445010
1461245089.95025 -3.95393935 -1.44211047 5.67208668 -0.36995481 0.04297037 0.39065253 0.84182990
1461245090.06758 -3.93791867 -1.43529282 5.66200242 -0.36820551 0.05652737 0.39241599 0.84097506
1461245090.18681 -3.92335451 -1.42935683 5.65167578 -0.36673782 0.06789887 0.39749253 0.83838703
1461245090.30668 -3.90978882 -1.42360567 5.64070403 -0.36347321 0.07959501 0.40178305 0.83673308
1461245090.42692 -3.89644224 -1.41752804 5.62976143 -0.36288251 0.08895696 0.40472997 0.83462362
1461245090.54962 -3.88131967 -1.41103048 5.61846851 -0.36262710 0.10094706 0.40746743 0.83203460
1461245090.66676 -3.86660033 -1.40375303 5.60720848 -0.36184527 0.11288017 0.41177874 0.82871246
1461245090.78658 -3.84879201 -1.39549197 5.59503642 -0.36201449 0.12806432 0.41463588 0.82499826
1461245090.90725 -3.82833919 -1.38648168 5.58174969 -0.36136975 0.14633243 0.41881237 0.82011885
1461245090.98648 -3.81571716 -1.38057057 5.57250800 -0.36127838 0.15843082 0.41998227 0.81730808
1461245091.06645 -3.80258286 -1.37404779 5.56271212 -0.35939464 0.17098678 0.42379812 0.81363024
1461245091.18909 -3.78495591 -1.36321421 5.54782546 -0.36019758 0.18771030 0.43001392 0.80629435
1461245091.30654 -3.76897981 -1.35371772 5.53523882 -0.36015750 0.19876389 0.42913651 0.80412770
1461245091.42627 -3.75731859 -1.34441360 5.52213995 -0.36162330 0.21305171 0.43347928 0.79745425
1461245091.54896 -3.74783188 -1.33550805 5.51095762 -0.36188220 0.22234623 0.43693871 0.79289847
1461245091.66615 -3.74085121 -1.32479412 5.49957005 -0.36509844 0.23074107 0.43890940 0.78792146
1461245091.78608 -3.73486876 -1.31171446 5.48506159 -0.36897345 0.24454904 0.44280006 0.77973231
1461245091.90606 -3.73000225 -1.29863590 5.46981856 -0.37256621 0.25630109 0.44536934 0.77275502
1461245092.02600 -3.72603888 -1.28658684 5.45481705 -0.37898644 0.26871429 0.45177597 0.76161695
1461245092.14819 -3.71994239 -1.27816807 5.44038043 -0.37767289 0.28365231 0.45612369 0.75422526
1461245092.26572 -3.71096611 -1.27203188 5.42359138 -0.37530134 0.30684082 0.45476054 0.74712145
1461245092.38582 -3.70219609 -1.26683366 5.40780827 -0.37237810 0.32368350 0.45553885 0.74097766
1461245092.50577 -3.69289688 -1.26134473 5.39188337 -0.36993802 0.33942506 0.45479061 0.73559635
1461245092.62588 -3.68682388 -1.25670507 5.37516384 -0.37263338 0.35011330 0.44686778 0.73408053
1461245092.70568 -3.68143582 -1.25282915 5.36122813 -0.36963744 0.36489433 0.44357801 0.73038266
1461245092.78567 -3.67727767 -1.24839584 5.34595882 -0.37239019 0.37513962 0.43953414 0.72622693
1461245092.86560 -3.67189998 -1.24382749 5.33017148 -0.36881796 0.38980344 0.44062700 0.71963493
1461245092.98554 -3.66181662 -1.23868456 5.30812037 -0.35592907 0.40002865 0.44369325 0.71862916
1461245093.06547 -3.65301899 -1.23491172 5.29137740 -0.35260392 0.41064272 0.43865168 0.71737559
1461245093.14754 -3.64389922 -1.23084819 5.27462459 -0.35873962 0.41241129 0.42868231 0.71934296
1461245093.22520 -3.63336699 -1.22838339 5.25757725 -0.36004496 0.42268182 0.41639170 0.71994837
1461245093.30536 -3.62362439 -1.22722526 5.24228472 -0.34994301 0.42661037 0.41411736 0.72391318
1461245093.38538 -3.61493377 -1.22524720 5.22709709 -0.34273500 0.42819160 0.41149138 0.72791450
1461245093.46536 -3.60910322 -1.22189800 5.21050972 -0.35541924 0.42748800 0.40431973 0.72626216
1461245093.54821 -3.60151376 -1.21756455 5.19412087 -0.35942918 0.43447600 0.40114016 0.72189184
1461245093.62797 -3.59305787 -1.21375082 5.18206230 -0.34966546 0.43321666 0.40375086 0.72597703
1461245093.70518 -3.58416381 -1.20927368 5.17066211 -0.34577030 0.42933901 0.40345304 0.73029895
1461245093.78504 -3.57401255 -1.20359344 5.15814050 -0.34766277 0.42952109 0.40227289 0.72994435
1461245093.86552 -3.56130788 -1.19910008 5.14590342 -0.34495019 0.42845401 0.39857951 0.73387390
1461245093.94677 -3.54643599 -1.19490882 5.13547628 -0.34131038 0.42289917 0.39003528 0.74332765
1461245094.02498 -3.53120011 -1.18930847 5.12315385 -0.34973269 0.41919183 0.37743367 0.74800340
1461245094.10562 -3.51496090 -1.18502199 5.11165875 -0.34507424 0.41919100 0.37175922 0.75299253
1461245094.18763 -3.49871592 -1.18113172 5.10061065 -0.33560852 0.42402824 0.36781928 0.75648923
1461245094.26507 -3.48660312 -1.17617622 5.09125376 -0.33990610 0.41933871 0.36350231 0.75926607
1461245094.34720 -3.47579921 -1.17018868 5.08470422 -0.34300841 0.41404113 0.35897422 0.76292378
1461245094.46474 -3.46554318 -1.16138015 5.08039742 -0.34924493 0.38857578 0.35574054 0.77491000
1461245094.58472 -3.45407930 -1.15395068 5.07508235 -0.35413752 0.36706601 0.34966209 0.78586614
1461245094.70468 -3.44324475 -1.14928816 5.07031911 -0.35223202 0.34677199 0.34371291 0.79846304
1461245094.78460 -3.43529756 -1.14726717 5.06655426 -0.35295331 0.33446463 0.33799922 0.80580016
1461245094.86512 -3.42673020 -1.14743409 5.06412619 -0.34302557 0.32036969 0.33262530 0.81795913
1461245094.94841 -3.42061996 -1.14790221 5.06095324 -0.33684706 0.30224758 0.32650693 0.82980340
1461245095.06527 -3.41277542 -1.14735719 5.05182359 -0.33056681 0.27252291 0.31909543 0.84536084
1461245095.15013 -3.40783690 -1.14748713 5.04335491 -0.32768015 0.24908815 0.31201649 0.85628647
1461245095.22680 -3.40004078 -1.14749672 5.03216562 -0.32006748 0.23990633 0.31352618 0.86122186
1461245095.30440 -3.39447456 -1.14647271 5.02156665 -0.32724366 0.21949676 0.30818189 0.86588491
1461245095.38412 -3.38707789 -1.14453133 5.01028128 -0.33254880 0.20857538 0.30316746 0.86833006
1461245095.50428 -3.37489700 -1.14069153 4.99539506 -0.33999233 0.19105388 0.29254683 0.87310938
1461245095.62429 -3.36210660 -1.13977971 4.98245929 -0.33604990 0.17890035 0.28204632 0.88063330
1461245095.74733 -3.35000028 -1.13725400 4.97059429 -0.33470337 0.16696403 0.27365014 0.88612204
1461245095.86433 -3.33914153 -1.13232250 4.95873753 -0.33308121 0.15942147 0.27009945 0.88920638
1461245096.02413 -3.32614764 -1.12333701 4.94702642 -0.32643563 0.13656209 0.26494756 0.89699129
1461245096.14660 -3.31288614 -1.11233660 4.93618526 -0.33136752 0.12398047 0.26178159 0.89793920
1461245096.26376 -3.29793432 -1.10516994 4.92536132 -0.33173118 0.10567162 0.25633641 0.90170925
1461245096.38402 -3.28033241 -1.09959010 4.91300923 -0.32857452 0.09858803 0.25582558 0.90380997
1461245096.50399 -3.26585142 -1.09418358 4.90236769 -0.33248076 0.08698401 0.25077737 0.90498676
1461245096.66440 -3.24874430 -1.08890871 4.89255032 -0.33367923 0.07372145 0.24237877 0.90800653
1461245096.86648 -3.23221670 -1.08615101 4.88394720 -0.33005607 0.05313486 0.23603852 0.91242835
1461245097.02482 -3.21851205 -1.08271549 4.87614949 -0.33430124 0.03142436 0.22751758 0.91405194
1461245097.14577 -3.20599217 -1.08140608 4.86939049 -0.32441811 0.01183459 0.22107976 0.91963937
1461245097.26352 -3.19366404 -1.07735359 4.85873141 -0.32428506 -0.00869112 0.20663777 0.92307340
1461245097.38346 -3.18251520 -1.07393006 4.84631512 -0.32258680 -0.03242906 0.19482284 0.92570523
1461245097.50364 -3.16814092 -1.06984125 4.83397097 -0.32936101 -0.04542651 0.18237144 0.92530990
1461245097.62398 -3.15249944 -1.06869717 4.82501198 -0.31748056 -0.05906835 0.17542308 0.93002353
1461245097.74536 -3.13256841 -1.05913336 4.81643574 -0.32497777 -0.05676916 0.17508696 0.92763747
1461245097.86328 -3.11058326 -1.05254336 4.81174431 -0.31722732 -0.05607987 0.17658215 0.93007560
1461245097.98324 -3.08581681 -1.04040041 4.81021625 -0.31620593 -0.05141309 0.17893124 0.93024411
1461245098.06321 -3.06719824 -1.02983182 4.81014587 -0.32096768 -0.04356516 0.18043176 0.92872289
1461245098.14638 -3.04618280 -1.01856187 4.81200416 -0.32465542 -0.03664701 0.18253005 0.92732876
1461245098.22317 -3.02352533 -1.00683301 4.81559956 -0.32419554 -0.02569676 0.19056317 0.92624112
1461245098.30286 -3.00115666 -0.99420837 4.82027748 -0.32446989 -0.01961445 0.20077205 0.92413481
1461245098.38485 -2.98015785 -0.98355223 4.82456582 -0.33028892 -0.01195746 0.20880142 0.92041741
1461245098.46291 -2.95918557 -0.97539968 4.82980540 -0.33592903 -0.00504835 0.21210785 0.91767993
1461245098.54503 -2.93651965 -0.96810807 4.83587085 -0.33671602 0.01460463 0.21920090 0.91562000
1461245098.62296 -2.91581652 -0.95909668 4.84287129 -0.34292495 0.03284229 0.22380689 0.91172054
1461245098.70412 -2.89731311 -0.95043785 4.85191491 -0.34528805 0.04662063 0.23180034 0.90822424
1461245098.78286 -2.87952158 -0.94259094 4.86300114 -0.34431303 0.05751267 0.23934478 0.90601043
1461245098.86287 -2.86390124 -0.93444106 4.87232163 -0.34721000 0.06336704 0.24691930 0.90247476
1461245098.94882 -2.84693254 -0.92400298 4.88291072 -0.35336334 0.07308902 0.25480825 0.89714274
1461245099.02275 -2.82870578 -0.91280127 4.89502514 -0.35509115 0.08301348 0.26593845 0.89235406
1461245099.10271 -2.80820324 -0.89910787 4.90743483 -0.36327406 0.09561288 0.27312966 0.88560167
1461245099.18259 -2.78469119 -0.88441332 4.92044667 -0.37248100 0.11377177 0.28212424 0.87676667
1461245099.26256 -2.75681910 -0.87234443 4.93518934 -0.37357627 0.13390551 0.29274484 0.86994859
1461245099.34446 -2.72579205 -0.86237113 4.95217886 -0.37030401 0.15500433 0.30457338 0.86376134
1461245099.42257 -2.69439237 -0.85332745 4.96575832 -0.37113489 0.17399649 0.31406542 0.85635683
1461245099.50254 -2.66550492 -0.84584977 4.98170388 -0.37540650 0.19165823 0.31346091 0.85092852
1461245099.58524 -2.63679994 -0.83973134 4.99804758 -0.37398949 0.20536680 0.31353218 0.84832418
1461245099.66237 -2.60931129 -0.83060776 5.01326799 -0.37372751 0.22279303 0.31923859 0.84188938
1461245099.74420 -2.58056498 -0.82084020 5.03031040 -0.37728708 0.24468326 0.32063109 0.83365476
1461245099.86221 -2.53696439 -0.80080806 5.05266213 -0.37746359 0.28200848 0.33164483 0.81731521
1461245099.94433 -2.50700485 -0.78605546 5.06840017 -0.38010028 0.31246574 0.33591087 0.80315180
1461245100.02276 -2.47654557 -0.77246550 5.08422913 -0.37836679 0.34388556 0.34294670 0.78801577
1461245100.10222 -2.44958261 -0.75982280 5.09818680 -0.38071482 0.37275947 0.35152554 0.76976386
1461245100.22215 -2.41080966 -0.74449124 5.11856284 -0.38628949 0.40515979 0.36188585 0.74542914
1461245100.30213 -2.38350802 -0.73379905 5.13166616 -0.38500608 0.43173497 0.37044201 0.72673788
1461245100.42203 -2.34054250 -0.71938320 5.14687988 -0.38349977 0.46513125 0.37150278 0.70609244
1461245100.50200 -2.30832276 -0.70700748 5.15482112 -0.38141373 0.49124969 0.37040246 0.68992704
1461245100.58492 -2.27365944 -0.69410900 5.15940551 -0.37804535 0.52060477 0.36711605 0.67177243
1461245100.66194 -2.23837204 -0.68197480 5.16350509 -0.36566328 0.54407700 0.36762028 0.65964075
1461245100.74429 -2.20241277 -0.66903721 5.16540738 -0.36188588 0.56497852 0.36523980 0.64531990
1461245100.82205 -2.16613101 -0.65902223 5.16877755 -0.36147167 0.58281635 0.36499561 0.62963603
1461245100.90187 -2.13125160 -0.65419530 5.16871910 -0.35310083 0.60554326 0.36267454 0.61408823
1461245100.98175 -2.09570824 -0.64915203 5.17109472 -0.34239681 0.62613101 0.35901963 0.60152247
1461245101.06173 -2.05998236 -0.64184020 5.17499710 -0.33229162 0.64376750 0.35872206 0.58861207
1461245101.14427 -2.02467340 -0.63352021 5.17735914 -0.33149675 0.65521881 0.35464293 0.57881483
1461245101.22174 -1.99124577 -0.62278998 5.17992128 -0.32828894 0.66974374 0.35562038 0.56320852
1461245101.30181 -1.95753687 -0.61121134 5.18246631 -0.32230865 0.68269789 0.35354589 0.55230972
1461245101.38153 -1.92366456 -0.59905207 5.18444309 -0.32275185 0.69664700 0.34798902 0.53797570
1461245101.46164 -1.89052670 -0.58645079 5.18567757 -0.32072426 0.71167766 0.35067132 0.51737847
1461245101.54786 -1.85633035 -0.57742558 5.18485022 -0.32243682 0.72583921 0.34927913 0.49718811
1461245101.62155 -1.82182241 -0.57052988 5.18326031 -0.31613400 0.74270852 0.34416350 0.47957777
1461245101.70155 -1.78728697 -0.56497783 5.18051253 -0.30116155 0.75803234 0.34161034 0.46689513
1461245101.78136 -1.75270489 -0.55952290 5.17422559 -0.29264344 0.77284779 0.32913052 0.45687986
1461245101.86381 -1.72083812 -0.55480437 5.16989096 -0.29009368 0.78619460 0.31610973 0.44476775
1461245101.94503 -1.68655655 -0.54767233 5.16398030 -0.29067904 0.79184417 0.30283116 0.44360094
1461245102.02235 -1.65056535 -0.54070736 5.15417356 -0.28312229 0.80225709 0.28743636 0.44000644
1461245102.10405 -1.61413078 -0.53271961 5.14041798 -0.27472622 0.81167245 0.27468814 0.43618776
1461245102.22231 -1.56128334 -0.52145755 5.11622235 -0.26646678 0.82067426 0.25790557 0.43471132
1461245102.42290 -1.48392714 -0.51235661 5.08435439 -0.26620155 0.82138889 0.25014519 0.43804613
1461245102.58101 -1.42196910 -0.49927853 5.07072444 -0.27725824 0.80583347 0.24394398 0.46287322
1461245102.74243 -1.36233616 -0.47793242 5.07034464 -0.27715467 0.79066855 0.24036597 0.49015583
1461245102.90093 -1.30616933 -0.45581808 5.06987105 -0.28682783 0.77336573 0.23195561 0.51558882
1461245103.06075 -1.25611101 -0.43612104 5.07161620 -0.28340973 0.75617335 0.23169367 0.54240099
1461245103.26077 -1.20534307 -0.40953428 5.08565370 -0.29335621 0.72580808 0.23388358 0.57657891
1461245103.42074 -1.16499414 -0.38841438 5.10338486 -0.30160088 0.68920516 0.23201954 0.61660367
1461245103.54260 -1.13233257 -0.37607061 5.11821517 -0.30185080 0.65485119 0.23076181 0.65330315
1461245103.70054 -1.09429784 -0.36306899 5.14895152 -0.30630872 0.61111794 0.23165279 0.69213208
1461245103.86049 -1.05360299 -0.35577034 5.18206316 -0.30307529 0.57025331 0.22567038 0.72940346
1461245104.06039 -0.99731930 -0.34180294 5.22900611 -0.29225581 0.54531804 0.22095178 0.75391981
1461245104.26021 -0.93525339 -0.32098170 5.29471258 -0.29315352 0.53632522 0.21340238 0.76215202
1461245104.42018 -0.88187759 -0.30597837 5.34775096 -0.28495756 0.53501710 0.22055404 0.76414122
1461245104.62083 -0.81112322 -0.28351804 5.40204456 -0.26683884 0.54938339 0.23967484 0.75467271
1461245104.82009 -0.73047640 -0.25744801 5.45077482 -0.25928399 0.57483600 0.23558203 0.73948394
1461245104.98002 -0.66122052 -0.23639404 5.48696527 -0.24373664 0.59832907 0.23863688 0.72501532
1461245105.14177 -0.58886974 -0.21869584 5.51523537 -0.23214165 0.62077241 0.24817188 0.70651439
1461245105.25984 -0.53477778 -0.20085010 5.53532507 -0.24160514 0.63611279 0.24929036 0.68908765
1461245105.37973 -0.47912707 -0.17880884 5.55202584 -0.23979666 0.65831705 0.24812227 0.66899295
1461245105.45974 -0.44279863 -0.15969693 5.56058066 -0.23993813 0.67893145 0.24874237 0.64777235
1461245105.54438 -0.40607989 -0.14101652 5.56897715 -0.23923147 0.69980168 0.24832772 0.62560311
1461245105.61966 -0.36992372 -0.12494819 5.57843474 -0.23461819 0.72081294 0.24932855 0.60267594
1461245105.69961 -0.32728328 -0.11086998 5.58114376 -0.23959695 0.73317071 0.24928268 0.58558702
1461245105.77958 -0.28623051 -0.09842721 5.58115768 -0.23489917 0.75248076 0.25228945 0.56119972
1461245105.85957 -0.24625021 -0.08565018 5.57749442 -0.24053941 0.77039641 0.25147180 0.53422102
1461245105.94218 -0.20663599 -0.06946054 5.57344233 -0.24280238 0.78173271 0.25051682 0.51689679
1461245106.01950 -0.16975798 -0.04972473 5.56928335 -0.23730429 0.79715069 0.24799313 0.49672614
1461245106.09943 -0.13102274 -0.03003778 5.55658290 -0.23983045 0.81241503 0.24242717 0.47296114
1461245106.18034 -0.09308082 -0.01270498 5.54592318 -0.23979671 0.82259351 0.23981654 0.45642687
1461245106.25938 -0.05500430 -0.00246631 5.53143645 -0.23508560 0.83770040 0.23227098 0.43479075
1461245106.34291 -0.01421065 0.00450423 5.51410514 -0.24120860 0.84583065 0.22712970 0.41809212
1461245106.41927 0.02478194 0.01199026 5.49742844 -0.22366239 0.86010690 0.22602209 0.39888003
1461245106.57924 0.09925334 0.02815803 5.45375390 -0.23033446 0.87736846 0.21338331 0.36281977
1461245106.69918 0.15264613 0.04045053 5.41616430 -0.21190997 0.89945309 0.20146958 0.32478964
1461245106.81916 0.20350377 0.05303373 5.37952572 -0.21613786 0.91434467 0.18731756 0.28665377
1461245106.93901 0.24772036 0.06031894 5.33738349 -0.20811401 0.92969048 0.18109872 0.24406440
1461245107.05939 0.28422969 0.06770613 5.29426758 -0.19229884 0.94203325 0.17324470 0.21349657
1461245107.17891 0.30758121 0.07763662 5.24643342 -0.18805770 0.95284316 0.16345336 0.17322590
1461245107.29908 0.32162772 0.08910219 5.19318604 -0.18070601 0.96316744 0.15086290 0.12997774
1461245107.41875 0.33979708 0.09605903 5.12948904 -0.17506233 0.97080873 0.13161992 0.09777417
1461245107.54097 0.35548013 0.09710406 5.06343986 -0.17582746 0.97401088 0.12974177 0.05962041
1461245107.65992 0.36895731 0.09200459 4.99957241 -0.17000670 0.97815554 0.11691563 0.02530231
1461245107.77869 0.37424117 0.09048697 4.93358118 -0.16598792 0.97920805 0.11521217 -0.01804879
1461245107.85878 0.37530476 0.08845185 4.88852053 -0.16106729 0.98023069 0.10576628 -0.04492899
1461245107.94202 0.37359130 0.08622440 4.84411758 -0.15736575 0.98029968 0.09138473 -0.07679443
1461245108.01860 0.36997737 0.08361614 4.80018395 -0.15351192 0.97894838 0.08090646 -0.10746306
1461245108.09867 0.36773385 0.08239818 4.75249654 -0.15296469 0.97618800 0.07459680 -0.13451432
1461245108.17844 0.36469435 0.07905712 4.70757453 -0.15566513 0.97240440 0.07416372 -0.15715530
1461245108.29846 0.35245462 0.07267241 4.63841251 -0.14440772 0.96866358 0.06831844 -0.19018375
1461245108.41836 0.33494200 0.06778061 4.56896225 -0.13188918 0.96541861 0.06038779 -0.21662287
1461245108.49833 0.31758766 0.06642458 4.52258050 -0.12856255 0.96323541 0.04910861 -0.23073266
1461245108.61827 0.28913709 0.06411802 4.45357147 -0.14140564 0.95373299 0.05001293 -0.26056965
1461245108.74119 0.26461404 0.05622135 4.38397968 -0.14404432 0.94992880 0.04884107 -0.27294881
1461245108.85809 0.24397703 0.04002249 4.32128705 -0.14826968 0.94762066 0.04294632 -0.27961904
1461245108.97805 0.22618349 0.02700728 4.25990548 -0.14551902 0.94746942 0.04753744 -0.28083108
1461245109.09796 0.20688117 0.01758903 4.18934030 -0.14390374 0.95480782 0.04242318 -0.25658139
1461245109.21803 0.18525002 0.00805020 4.11367284 -0.14637059 0.95628469 0.02975643 -0.25141558
1461245109.34037 0.16059473 -0.00254160 4.03512060 -0.16844751 0.95181761 0.04074601 -0.25299888
1461245109.45790 0.13506747 -0.01953023 3.95643765 -0.16510695 0.95452738 0.03662241 -0.24551164
1461245109.57775 0.10992181 -0.03350691 3.88329398 -0.15981812 0.95982425 0.04128571 -0.22691642
1461245109.69785 0.07758115 -0.04224194 3.81609145 -0.15811956 0.96325505 0.03967095 -0.21345754
1461245109.81773 0.04556311 -0.04834781 3.75136214 -0.17794068 0.96360107 0.04435652 -0.19453173
1461245109.89764 0.02510962 -0.05514878 3.71090205 -0.19079524 0.96421625 0.04816691 -0.17766302
1461245109.97774 0.00519726 -0.06345504 3.67182928 -0.18936065 0.96778849 0.05436055 -0.15675751
1461245110.05749 -0.01381227 -0.07431400 3.63327743 -0.18777589 0.97079427 0.05943049 -0.13699169
1461245110.13934 -0.03209562 -0.08757676 3.59489834 -0.19131627 0.97142138 0.06198121 -0.12608302
1461245110.21749 -0.04998316 -0.10011246 3.55493144 -0.18828484 0.97385759 0.06038924 -0.11181842
1461245110.29748 -0.07110407 -0.10870228 3.51358515 -0.18181716 0.97708659 0.05522115 -0.09589027
1461245110.37749 -0.09052849 -0.11386312 3.46687669 -0.18741407 0.97678203 0.05224136 -0.08968652
1461245110.49736 -0.12005646 -0.11843986 3.39527371 -0.19974373 0.97565501 0.05210599 -0.07405878
1461245110.65734 -0.15570703 -0.13288954 3.30000991 -0.20413961 0.97515056 0.04836015 -0.07120177
1461245110.81727 -0.18513710 -0.15120083 3.20843138 -0.19084664 0.97841933 0.05371930 -0.05820155
1461245110.97710 -0.20837654 -0.16278912 3.11511914 -0.18884404 0.97959729 0.05019566 -0.04698365
1461245111.09705 -0.22645972 -0.17141672 3.04575454 -0.20196944 0.97780279 0.03543429 -0.04306354
1461245111.25709 -0.25501171 -0.18919129 2.95556637 -0.21396308 0.97551694 0.02508507 -0.04424068
1461245111.41693 -0.28968633 -0.21318752 2.87796029 -0.19520591 0.97802499 0.02124388 -0.07007471
1461245111.57703 -0.32317706 -0.23508681 2.80629475 -0.17406989 0.98069120 0.01347790 -0.08810663
1461245111.73935 -0.35341998 -0.24568046 2.72750618 -0.15930396 0.98120661 0.00980444 -0.10844218
1461245111.85823 -0.37481554 -0.25041338 2.66556567 -0.15971585 0.97815926 0.00683545 -0.13284797
1461245111.97917 -0.39478924 -0.25876585 2.60357523 -0.16300615 0.97366538 -0.00281860 -0.15936365
1461245112.09659 -0.41726539 -0.26924979 2.54425217 -0.14981889 0.96981954 -0.01384342 -0.19186643
1461245112.21664 -0.44197266 -0.28023499 2.48605514 -0.13435500 0.96709221 -0.02029650 -0.21510334
1461245112.33967 -0.47085586 -0.29012369 2.42973569 -0.13155762 0.96169077 -0.02603296 -0.23909358
1461245112.45797 -0.50322698 -0.30157372 2.37556720 -0.13698487 0.95398833 -0.03737903 -0.26409132
1461245112.61642 -0.54366430 -0.31637537 2.30202578 -0.14625394 0.94328798 -0.04177117 -0.29508089
1461245112.74100 -0.57173351 -0.32907629 2.24828415 -0.15066765 0.93762043 -0.04120842 -0.31059468
1461245112.89622 -0.60135924 -0.34563694 2.17583580 -0.14536016 0.93386158 -0.04328331 -0.32388197
1461245113.05614 -0.63598470 -0.36553909 2.10389108 -0.13927641 0.92782189 -0.05651549 -0.34140096
1461245113.17647 -0.66187075 -0.38651589 2.05018458 -0.14637412 0.91728183 -0.07787595 -0.36208286
1461245113.33601 -0.69752230 -0.41139688 1.97977137 -0.14585779 0.90639167 -0.09149165 -0.38575760
1461245113.53672 -0.74041520 -0.43274945 1.90121878 -0.14771180 0.90912728 -0.08553663 -0.37993723
1461245113.73759 -0.79169985 -0.44742517 1.83684547 -0.14571757 0.91708527 -0.07553516 -0.36333928
1461245113.89587 -0.85118500 -0.45558753 1.80146734 -0.14966542 0.92221183 -0.06424632 -0.35071074
1461245114.01576 -0.90727813 -0.46205477 1.78242788 -0.15260088 0.92727145 -0.04554626 -0.33883059
1461245114.17555 -0.98747536 -0.47143358 1.76633295 -0.16263256 0.93247722 -0.01753802 -0.32207034
1461245114.29570 -1.05205891 -0.47524637 1.75058223 -0.15150251 0.93651350 0.01525011 -0.31584313
1461245114.41810 -1.11474557 -0.48090453 1.73347101 -0.13950750 0.93596271 0.03401863 -0.32148746
1461245114.53565 -1.17445623 -0.48389740 1.71274124 -0.13908989 0.93443549 0.05713325 -0.32283139
1461245114.65549 -1.23484566 -0.48380534 1.68866237 -0.14082106 0.93643684 0.06708378 -0.31425348
1461245114.73551 -1.27651163 -0.48569077 1.66978273 -0.15064229 0.93396552 0.07866341 -0.31436821
1461245114.81541 -1.31875900 -0.48660228 1.64810386 -0.14812161 0.93226728 0.09159825 -0.31709220
1461245114.89565 -1.35927861 -0.49182587 1.62405287 -0.15121497 0.92880100 0.09826024 -0.32374011
1461245114.97535 -1.39894116 -0.49572079 1.60050459 -0.15400405 0.92298722 0.11455533 -0.33354822
1461245115.09524 -1.45385784 -0.50405684 1.57071322 -0.15324928 0.91502421 0.12752676 -0.35068830
1461245115.21629 -1.50145964 -0.51219348 1.53946975 -0.15558626 0.91260266 0.13410353 -0.35350466
1461245115.29520 -1.52909931 -0.51692317 1.51618184 -0.15889970 0.91186956 0.14062981 -0.35138021
1461245115.37503 -1.55543566 -0.52052870 1.48974738 -0.15992902 0.91201177 0.15015518 -0.34656986
1461245115.45507 -1.58107619 -0.52493033 1.45919209 -0.15855754 0.91315220 0.15353731 -0.34269353
1461245115.57485 -1.61699336 -0.53748332 1.41057018 -0.16491003 0.91721427 0.15731227 -0.32676523
1461245115.69492 -1.65098428 -0.54486505 1.35884037 -0.17680161 0.91822411 0.17388986 -0.30881709
1461245115.77504 -1.66730946 -0.54699631 1.32364458 -0.18363205 0.92002854 0.18689938 -0.29136812
1461245115.89485 -1.68401734 -0.54952812 1.27442853 -0.18639696 0.92535359 0.19656069 -0.26521839
1461245115.97549 -1.69043262 -0.55042672 1.24185427 -0.18261130 0.92944068 0.19990297 -0.25066301
1461245116.05497 -1.69278924 -0.55003876 1.20514953 -0.18915224 0.93403524 0.20252202 -0.22535402
1461245116.13663 -1.69695787 -0.54788162 1.16614325 -0.19633037 0.93525001 0.20897077 -0.20758860
1461245116.21465 -1.69944260 -0.54355831 1.12105554 -0.20967067 0.93353503 0.21738442 -0.19311803
1461245116.29468 -1.70463334 -0.54334120 1.08010182 -0.22263511 0.93398307 0.21381446 -0.17997949
1461245116.37487 -1.70479876 -0.54302561 1.03722663 -0.22494744 0.93869712 0.20089164 -0.16699978
1461245116.49450 -1.70253204 -0.54288451 0.98084921 -0.21613847 0.94604995 0.18435844 -0.15583845
1461245116.61451 -1.68884661 -0.54243050 0.92785155 -0.20629962 0.95538582 0.17296332 -0.12149939
1461245116.73698 -1.67083396 -0.53747670 0.87643446 -0.21048974 0.95662346 0.17696379 -0.09617408
1461245116.85475 -1.64504049 -0.52763552 0.83094065 -0.21080467 0.95759521 0.18668227 -0.06101261
1461245116.97444 -1.60665505 -0.51818220 0.78462607 -0.22152433 0.95515611 0.19504240 -0.02371136
1461245117.09432 -1.56561286 -0.50835677 0.73918519 -0.22072576 0.95291980 0.20738225 0.01471686
1461245117.21427 -1.52386042 -0.50387721 0.70104228 -0.19411647 0.95575807 0.21430862 0.05401039
1461245117.33704 -1.48150332 -0.50189995 0.66823604 -0.18593414 0.95294204 0.21884478 0.09714383
1461245117.45414 -1.44165490 -0.50107511 0.63788023 -0.19171164 0.94281881 0.23077239 0.14520138
1461245117.57434 -1.40830054 -0.49835051 0.60493320 -0.18534265 0.93278784 0.24423248 0.18948731
1461245117.69417 -1.37820777 -0.50092360 0.56378818 -0.19157968 0.92361113 0.24389590 0.22528759
1461245117.81398 -1.35133379 -0.50136724 0.51354126 -0.20965223 0.91058942 0.24603475 0.25756504
1461245117.93398 -1.32828038 -0.51540219 0.45725157 -0.21473294 0.90811633 0.22293084 0.28198642
1461245118.05388 -1.30824368 -0.54123761 0.40395095 -0.23144473 0.89795263 0.20453232 0.31349792
1461245118.17386 -1.29382781 -0.56900442 0.33746746 -0.22721575 0.89645511 0.18768878 0.33092923
1461245118.29405 -1.28411053 -0.60124438 0.26919980 -0.21044062 0.89580164 0.17625699 0.34955348
1461245118.41368 -1.28497258 -0.63694694 0.19551103 -0.21568849 0.89270422 0.14359498 0.36869788
1461245118.53679 -1.29811434 -0.67084045 0.12142690 -0.21871107 0.88448105 0.12870582 0.39152720
1461245118.65360 -1.31795540 -0.71720019 0.04479076 -0.21193192 0.87637655 0.09736259 0.42139000
1461245118.77346 -1.34883533 -0.75246669 -0.04318484 -0.21319574 0.88155292 0.07506430 0.41446033
1461245118.89343 -1.38543790 -0.78682589 -0.13773120 -0.20282159 0.89059471 0.06355889 0.40207552
1461245119.01437 -1.43025405 -0.80590294 -0.23380722 -0.20135023 0.89283780 0.04670294 0.40014696
1461245119.09337 -1.46423605 -0.82072889 -0.30264335 -0.20502840 0.89561701 0.03021856 0.39359925
1461245119.17338 -1.50092106 -0.83697685 -0.37767126 -0.21568237 0.89917055 0.02304503 0.38005573
1461245119.25332 -1.54139357 -0.85369257 -0.43703535 -0.21937075 0.90413102 0.00131786 0.36663583
1461245119.33531 -1.57985587 -0.87074290 -0.50344828 -0.24339097 0.90173831 0.00141870 0.35724901
1461245119.45505 -1.64056955 -0.89339306 -0.60497531 -0.23644763 0.90956185 0.00556980 0.34169978
1461245119.57622 -1.70271343 -0.91103974 -0.70267226 -0.24821697 0.91030346 0.00307037 0.33124994
1461245119.65320 -1.73616229 -0.92137019 -0.80438386 -0.24558984 0.90942440 -0.01248265 0.33537601
1461245119.77312 -1.81458852 -0.94273338 -0.85483548 -0.24956040 0.90899052 -0.00708783 0.33377478
1461245119.89429 -1.87758829 -0.96728502 -0.93832290 -0.25562500 0.91297310 -0.01144820 0.31781270
1461245120.01359 -1.92656836 -0.98032483 -1.06711445 -0.25609761 0.91327924 -0.00117635 0.31675490
1461245120.13527 -1.98845314 -1.00040465 -1.10922781 -0.25363014 0.91658387 0.00938762 0.30896218
1461245120.25292 -2.04478941 -1.01348553 -1.19421306 -0.24519706 0.92049214 -0.00018176 0.30425743
1461245120.37271 -2.10245157 -1.01483335 -1.31497530 -0.27035088 0.91971804 -0.00881713 0.28451956
1461245120.49280 -2.14904777 -1.02716226 -1.34458384 -0.28197782 0.91611540 -0.00339092 0.28497296
1461245120.61268 -2.18994115 -1.02248471 -1.40953150 -0.25997446 0.91862770 0.03001798 0.29603268
1461245120.73266 -2.23058858 -1.01045107 -1.46716533 -0.25339470 0.91844016 0.06330443 0.29707127
1461245120.89257 -2.27154917 -0.98801472 -1.51741656 -0.26833068 0.90230765 0.07289149 0.32943344
1461245121.05256 -2.29474758 -0.95352792 -1.53696226 -0.29914205 0.87327125 0.09140130 0.37357351
1461245121.17241 -2.30178124 -0.91755679 -1.53020279 -0.31656977 0.83920136 0.13122260 0.42226211
1461245121.25245 -2.30311482 -0.89281068 -1.51503003 -0.31564715 0.81901614 0.16111556 0.45124408
1461245121.33490 -2.30719649 -0.86806356 -1.49878693 -0.31382407 0.79642093 0.19129585 0.48024375
1461245121.41235 -2.30636728 -0.84381922 -1.47470957 -0.32217691 0.76876672 0.20820409 0.51171362
1461245121.49563 -2.30729330 -0.81897540 -1.44129832 -0.34511631 0.73322864 0.22289070 0.54183967
1461245121.57222 -2.30039196 -0.79255112 -1.41273525 -0.36303217 0.70114404 0.23497658 0.56691330
1461245121.65217 -2.30169441 -0.78459124 -1.35266287 -0.36165208 0.67203142 0.24822213 0.59662997
1461245121.73437 -2.28784079 -0.77676036 -1.29873834 -0.35673046 0.64840103 0.25786348 0.62114886
1461245121.85202 -2.25900972 -0.76995585 -1.21923163 -0.35110781 0.62366677 0.26420014 0.64649931
1461245121.93441 -2.23424586 -0.76926051 -1.16405641 -0.33117839 0.61202572 0.26662312 0.66682644
1461245122.01210 -2.20432674 -0.76943029 -1.09094993 -0.31929952 0.59279903 0.26754852 0.68924228
1461245122.09499 -2.17167684 -0.77495549 -1.04477458 -0.31243510 0.57310693 0.24986343 0.71519300
1461245122.17195 -2.14189233 -0.76813476 -0.98801358 -0.30354825 0.55793908 0.23610862 0.73540136
1461245122.25199 -2.11368158 -0.77266669 -0.92412555 -0.28940227 0.53631625 0.23382289 0.75758700
1461245122.37182 -2.06462542 -0.76445801 -0.85716612 -0.27809308 0.50983696 0.21635407 0.78480662
1461245122.49184 -2.01850044 -0.77879803 -0.77308836 -0.23871935 0.47092968 0.21600395 0.82132856
1461245122.65178 -1.95553562 -0.79641996 -0.68713672 -0.22782450 0.42335774 0.18969433 0.85608427
1461245122.77159 -1.90401994 -0.80233301 -0.61984001 -0.19530127 0.39386229 0.20387246 0.87473764
1461245122.93379 -1.83565615 -0.77614583 -0.55266038 -0.18105845 0.35768311 0.18813041 0.89659778
1461245123.09401 -1.74803701 -0.74463853 -0.48604683 -0.15937937 0.36397640 0.16801604 0.90215852
1461245123.25138 -1.65934711 -0.72265612 -0.42458224 -0.13920677 0.34660589 0.15226216 0.91504211
1461245123.45139 -1.54319445 -0.68798666 -0.35002172 -0.14054165 0.34014530 0.15841027 0.91621799
1461245123.61172 -1.44966461 -0.64119889 -0.29308388 -0.14701086 0.33014890 0.15525555 0.91939395
1461245123.77136 -1.35614644 -0.60942876 -0.23553571 -0.14090124 0.32044160 0.15665900 0.92353775
1461245123.93347 -1.26890594 -0.58237749 -0.18038947 -0.15347717 0.29857889 0.13982041 0.93152867
1461245124.05247 -1.20011367 -0.55680908 -0.13822061 -0.16455675 0.29399358 0.14392996 0.93046924
1461245124.17104 -1.12750471 -0.52494411 -0.09670951 -0.15710656 0.28797543 0.15013285 0.93265632
1461245124.29096 -1.04920143 -0.49078351 -0.06102688 -0.14974960 0.30250167 0.15198599 0.92896074
1461245124.53343 -0.90142782 -0.42518104 0.00346848 -0.15916621 0.29043998 0.14897121 0.93172867
1461245124.65076 -0.82885006 -0.39266723 0.02986977 -0.16952053 0.27653752 0.14741891 0.93437543
1461245124.77076 -0.75767743 -0.35662049 0.05320871 -0.18106899 0.26728729 0.14227839 0.93569674
1461245125.01068 -0.61959739 -0.28591266 0.08044421 -0.17361699 0.24463249 0.13368140 0.94453235
1461245125.13298 -0.55598319 -0.25827052 0.08964810 -0.17472480 0.21043987 0.10054636 0.95659643
1461245125.25045 -0.49981725 -0.22254782 0.09157340 -0.19944293 0.17521496 0.08037364 0.96076132
1461245125.45044 -0.42079460 -0.15119252 0.08700231 -0.20457546 0.11165677 0.09955458 0.96735233
1461245125.57037 -0.36831400 -0.10366771 0.08181812 -0.21396615 0.09732513 0.07287907 0.96924452
1461245125.65025 -0.33852344 -0.07574505 0.08137323 -0.22286859 0.06805714 0.04003331 0.97164559
1461245125.73773 -0.31165637 -0.05006852 0.08056780 -0.22511539 0.03563010 0.04215320 0.97276753
1461245125.93381 -0.24744516 0.01455679 0.07213821 -0.23484866 0.01280561 0.09668425 0.96712682
1461245126.01018 -0.22949627 0.04407671 0.06772798 -0.26898604 -0.00110809 0.10470195 0.95743552
1461245126.09303 -0.21514486 0.07368971 0.06107739 -0.31476384 -0.01813693 0.09919340 0.94379841
