1464884831.34815 -0.24752919 -0.14741641 0.32038302 -0.06440056 -0.01956571 0.10628373 -0.99205520
1464884831.85711 -0.28997306 -0.15985589 0.34085783 -0.08744798 -0.01318864 0.09571434 -0.99147248
1464884832.13815 -0.34031711 -0.14348068 0.35287136 -0.08357557 0.01323273 0.09957295 -0.99142587
1464884832.65078 -0.36535037 -0.11341666 0.34359464 -0.05124980 0.01070997 0.10507360 -0.99308524
1464884832.83176 -0.37678564 -0.08332288 0.33881793 -0.01515484 0.03841975 0.10314459 -0.99380856
1464884833.01762 -0.39304737 -0.05238368 0.33486525 0.00492246 0.07618925 0.09849468 -0.99220450
1464884833.20597 -0.40183100 -0.01375803 0.34116463 0.01084526 0.08871038 0.08717511 -0.99217607
1464884833.38919 -0.39860980 0.02124755 0.35285829 0.00613728 0.08469536 0.06594077 -0.99420362
1464884833.62198 -0.37860111 0.04548720 0.36882596 -0.00785529 0.06969400 0.04483296 -0.99652950
1464884833.85364 -0.33768944 0.06854698 0.38269530 -0.00444686 0.05331288 0.02690819 -0.99820535
1464884834.04112 -0.29332310 0.07540286 0.37648634 -0.00401615 0.05335645 0.02247944 -0.99831440
1464884834.22530 -0.23479502 0.06231385 0.35433192 -0.02489192 0.04890437 0.01673624 -0.99835297
1464884834.41104 -0.16920327 0.05507663 0.32920431 -0.03165986 0.05830995 0.00798000 -0.99776446
1464884834.55082 -0.11939501 0.05739948 0.30868092 -0.01796179 0.05979573 0.02507765 -0.99773391
1464884834.78272 -0.06047800 0.04462741 0.27497350 -0.02085331 0.08241549 0.04050087 -0.99555638
1464884835.06386 -0.00627553 0.01007182 0.23888932 -0.02790175 0.07479831 0.02566147 -0.99647789
1464884835.38649 0.01395428 -0.04989077 0.22719197 -0.04446498 0.06391059 0.02257596 -0.99670890
1464884835.66642 -0.00045262 -0.08471840 0.24382047 -0.06022681 0.03575887 0.03658291 -0.99687297
1464884835.90013 -0.04277957 -0.12345551 0.26619159 -0.08952444 0.01438954 0.03301825 -0.99533317
1464884836.08414 -0.08813983 -0.14465529 0.28945585 -0.07496279 -0.01153876 0.01682107 -0.99697768
1464884836.22574 -0.13208209 -0.16307714 0.30958272 -0.07809353 -0.03619094 0.01240196 -0.99621173
1464884836.40898 -0.20358671 -0.18222973 0.33541872 -0.08212890 -0.05461131 -0.00555873 -0.99510881
1464884836.59520 -0.27044981 -0.19740720 0.35499365 -0.09206954 -0.06881308 -0.00680256 -0.99334872
1464884836.78049 -0.32565433 -0.20466589 0.36897911 -0.10133061 -0.08466838 -0.00561660 -0.99122743
1464884837.01230 -0.38019740 -0.18230921 0.38803194 -0.09362935 -0.08085036 0.00607808 -0.99230027
1464884837.24457 -0.41271954 -0.13250654 0.39804502 -0.07985372 -0.07740744 0.01205681 -0.99372335
1464884837.43261 -0.42542710 -0.08782535 0.40047404 -0.05913672 -0.05442523 0.03601866 -0.99611415
1464884837.61899 -0.42137992 -0.04243904 0.39816593 -0.04014295 -0.03098136 0.06461894 -0.99662084
1464884837.75626 -0.40686515 -0.00794038 0.39332085 -0.01625344 -0.01587051 0.08460201 -0.99615584
1464884837.89478 -0.38514014 0.02224961 0.38628484 -0.00024501 0.00241626 0.10552390 -0.99441380
1464884838.03429 -0.35333311 0.04962456 0.37475150 0.00932677 0.02346299 0.12669533 -0.99162029
1464884838.17350 -0.31363054 0.06928331 0.36314570 0.01433760 0.04368013 0.14470818 -0.98840580
1464884838.31584 -0.26621677 0.08321805 0.35163289 0.01162716 0.05806797 0.15575381 -0.98601910
1464884838.45222 -0.21458142 0.09233650 0.34460747 0.01264387 0.06484606 0.16081020 -0.98477165
1464884838.59188 -0.16441753 0.09683440 0.34100213 0.01954440 0.07294628 0.15831039 -0.98449717
1464884838.73260 -0.11870282 0.09520799 0.33653558 0.02486485 0.08330251 0.15164092 -0.98460523
1464884838.91720 -0.07178067 0.08309547 0.33612391 0.04110970 0.08314769 0.12969670 -0.98720576
1464884839.10327 -0.04187896 0.05064253 0.33717778 0.04905703 0.06531500 0.10009947 -0.99161860
1464884839.28828 -0.02935037 0.00333192 0.33883390 0.02973795 0.05323222 0.08701470 -0.99433919
1464884839.47669 -0.02618677 -0.04793033 0.33662695 0.01639456 0.02745757 0.06575914 -0.99732293
1464884839.65986 -0.03394069 -0.10155757 0.32841692 0.00737259 0.00743972 0.05267770 -0.99855664
1464884839.89209 -0.06721270 -0.16379987 0.31744973 0.00009788 -0.00426903 0.05513979 -0.99846951
1464884840.07783 -0.10834635 -0.21084940 0.30641932 -0.01530113 -0.02924190 0.04426075 -0.99847472
1464884840.26378 -0.16775307 -0.24926983 0.29683226 -0.03347019 -0.03743263 0.03045161 -0.99827413
1464884840.44960 -0.23230536 -0.27122326 0.29027259 -0.04235621 -0.06556444 0.02325352 -0.99667775
1464884840.59225 -0.28536047 -0.28015831 0.29280765 -0.05658908 -0.08018999 -0.00047111 -0.99517185
1464884840.77479 -0.35661034 -0.27967125 0.30710878 -0.06282991 -0.08696608 -0.01686356 -0.99408497
1464884840.96082 -0.41864486 -0.26933557 0.32512539 -0.08000170 -0.09240469 -0.04085740 -0.99166112
1464884841.19260 -0.47911603 -0.23861417 0.34918721 -0.09737662 -0.08316246 -0.03598190 -0.99111407
1464884841.33494 -0.50447286 -0.20535311 0.36370508 -0.08765544 -0.06668029 -0.01665015 -0.99377716
1464884841.47165 -0.52333929 -0.16652053 0.37937926 -0.07480409 -0.03943185 0.01892893 -0.99623851
1464884841.61388 -0.53459575 -0.12438654 0.39474082 -0.06290157 -0.02373367 0.04188681 -0.99685786
1464884841.75016 -0.54062048 -0.08233166 0.40624485 -0.05539913 -0.00805244 0.06782155 -0.99612566
1464884841.88936 -0.54286800 -0.04094182 0.41468274 -0.04821975 0.01344707 0.09214759 -0.99448623
1464884842.03199 -0.53696171 -0.00124023 0.42072415 -0.03956609 0.03103400 0.10911958 -0.99275593
1464884842.16820 -0.52033457 0.03904265 0.42638846 -0.02657098 0.04026827 0.12052645 -0.99153710
1464884842.30751 -0.49558482 0.07815170 0.42939715 -0.00965560 0.04848822 0.13171493 -0.99005396
1464884842.40026 -0.47573372 0.10409659 0.42818522 0.00297740 0.05140598 0.14025729 -0.98877523
1464884842.53978 -0.44076665 0.13232187 0.42196620 0.01899449 0.04930372 0.14405911 -0.98815754
1464884842.63271 -0.41495157 0.14534228 0.41514136 0.02703755 0.05148417 0.14234607 -0.98810725
1464884842.77204 -0.37082280 0.15212732 0.40547583 0.03279755 0.05721518 0.14043226 -0.98789145
1464884842.86494 -0.33539425 0.15344638 0.39806530 0.03864012 0.05128739 0.13458881 -0.98881869
1464884843.00416 -0.27809970 0.14415665 0.38927574 0.03969718 0.03967474 0.12707755 -0.99030366
1464884843.09731 -0.23961202 0.13658025 0.38388483 0.03799696 0.03105727 0.12330040 -0.99115523
1464884843.23651 -0.18391690 0.12291799 0.37719688 0.03897615 0.01460905 0.11681716 -0.99228080
1464884843.37588 -0.13377178 0.10675572 0.37198096 0.04085531 0.00279762 0.10863250 -0.99323814
1464884843.56175 -0.08396040 0.07092920 0.36355932 0.03780403 -0.01676751 0.09179875 -0.99491844
1464884843.74740 -0.05640960 0.02609706 0.35760582 0.02239231 -0.03976768 0.06694480 -0.99671235
1464884843.93445 -0.05307890 -0.02589943 0.35098329 -0.01066457 -0.05637677 0.02496353 -0.99804045
1464884844.16542 -0.07416701 -0.08154833 0.34468287 -0.04470819 -0.06589740 0.00430341 -0.99681502
1464884844.39776 -0.11955475 -0.12683487 0.34228789 -0.06356813 -0.05845617 0.01183052 -0.99619376
1464884844.54012 -0.16198458 -0.15936318 0.34149891 -0.08094623 -0.04753665 0.02064263 -0.99537021
1464884844.67647 -0.21123091 -0.19031018 0.34059915 -0.09943408 -0.03128846 0.02213451 -0.99430577
1464884844.81826 -0.26508258 -0.21228872 0.34429971 -0.11141461 -0.01815704 0.02852311 -0.99319864
1464884844.95543 -0.32071078 -0.22079577 0.35087959 -0.11152900 -0.00384922 0.03269127 -0.99321586
1464884845.14154 -0.38560095 -0.21279489 0.36331490 -0.10298978 0.01446768 0.04198881 -0.99369046
1464884845.32866 -0.43353315 -0.18970188 0.37604494 -0.08603612 0.01801088 0.04992691 -0.99487723
1464884845.51464 -0.46521703 -0.15649128 0.38266719 -0.06692103 0.01956888 0.05378388 -0.99611542
1464884845.65498 -0.47393488 -0.11947794 0.38340870 -0.03247996 0.02047019 0.05238418 -0.99788873
1464884845.83771 -0.46578431 -0.06921291 0.36829943 -0.01004990 0.00360946 0.06180641 -0.99803103
1464884846.16402 -0.43374189 0.01517324 0.27178584 -0.01139138 0.00666891 0.08159401 -0.99657824
1464884846.30229 -0.41182042 0.05629461 0.20992922 -0.01218786 0.01071047 0.08638562 -0.99612964
1464884846.53445 -0.37836624 0.12214044 0.08825833 -0.01892376 0.01870304 0.08988762 -0.99559646
1464884846.67383 -0.36522264 0.15639512 0.01482104 -0.01790198 0.03086773 0.08413683 -0.99581509
1464884847.41700 -0.32099076 0.19045751 -0.06504243 -0.00232543 0.03354034 0.05931829 -0.99767278
1464884847.65257 -0.33019039 0.15114386 0.02388176 -0.01160203 0.04144450 0.05436719 -0.99759308
1464884847.83525 -0.34196910 0.10929787 0.12100315 -0.00566203 0.04069796 0.05650661 -0.99755632
1464884847.97484 -0.35165642 0.06954057 0.19988053 -0.00418974 0.03939482 0.05707934 -0.99758330
1464884848.11373 -0.35656832 0.03096658 0.27808921 -0.00104365 0.02999506 0.05701128 -0.99792230
1464884848.25652 -0.35648409 -0.00568236 0.34713388 -0.00649686 0.02124733 0.05535818 -0.99821932
1464884848.39237 -0.35602336 -0.03407898 0.40577841 -0.00577898 0.01468436 0.05991980 -0.99807845
1464884848.72001 -0.34032792 -0.06017842 0.46432262 0.01090453 0.00688559 0.05840959 -0.99820940
1464884848.99716 -0.30028669 -0.05682012 0.46322375 0.02551955 -0.01073593 0.05329249 -0.99819507
1464884849.18210 -0.24816794 -0.04280295 0.45356818 0.04503653 -0.01332937 0.04261664 -0.99798690
1464884849.32147 -0.19195435 -0.02932832 0.44412151 0.05458003 -0.01763287 0.03671461 -0.99767838
1464884849.41443 -0.14737427 -0.01898248 0.43792114 0.05837165 -0.02199320 0.03281690 -0.99751296
1464884849.50727 -0.10132331 -0.00806075 0.43387645 0.07026217 -0.01440246 0.03271920 -0.99688778
1464884849.60016 -0.05194312 -0.00054228 0.42853834 0.07740166 -0.01049870 0.02776269 -0.99655807
1464884849.83233 0.05944141 0.00928806 0.42495616 0.08800541 0.01099886 0.03229615 -0.99553555
1464884849.92745 0.10035116 0.01390789 0.42691188 0.10290106 0.02277610 0.04019388 -0.99361817
1464884850.01810 0.14204800 0.02135103 0.43403044 0.12211861 0.02875287 0.03778372 -0.99137920
1464884850.11097 0.18867894 0.02567392 0.44512679 0.12838880 0.03032882 0.03419444 -0.99067009
1464884850.20395 0.23863254 0.02873129 0.46331613 0.13253697 0.03383281 0.03901845 -0.98983173
1464884850.29726 0.29193398 0.03196647 0.48772484 0.13320653 0.04298400 0.04757010 -0.98901238
1464884850.39233 0.35351472 0.02971557 0.51407191 0.13280645 0.03984477 0.05333203 -0.98890370
1464884850.48523 0.41537729 0.02089182 0.53619969 0.13578583 0.04110423 0.06273721 -0.98789508
1464884850.57537 0.47506453 0.00454213 0.55450686 0.12986913 0.03660021 0.06885411 -0.98846019
1464884850.67055 0.52797863 -0.01206907 0.57115820 0.12699597 0.04395588 0.07402542 -0.98815998
1464884850.76148 0.58002845 -0.02695030 0.58699698 0.12605663 0.04688059 0.07628928 -0.98797362
1464884850.85412 0.63292486 -0.03818749 0.60719245 0.12069812 0.04933649 0.07584456 -0.98855727
1464884850.94718 0.68880942 -0.04475909 0.62930174 0.11556207 0.05513482 0.07383080 -0.98901697
1464884851.04003 0.74764447 -0.04904112 0.65015355 0.11343078 0.06759701 0.08182031 -0.98786109
1464884851.13296 0.81195594 -0.05707535 0.66698166 0.10378655 0.07703324 0.08704445 -0.98778413
1464884851.22586 0.87467964 -0.06868762 0.67403860 0.10581502 0.09470319 0.10245978 -0.98454887
1464884851.32115 0.93326855 -0.08346667 0.68045734 0.10577021 0.10802406 0.11805914 -0.98143034
1464884851.41164 0.98455978 -0.09870122 0.68798841 0.10640775 0.11542472 0.12945948 -0.97907853
1464884851.50451 1.02792210 -0.11150980 0.70144085 0.10566680 0.12753649 0.13900230 -0.97634386
1464884851.59750 1.06882486 -0.12062356 0.72267831 0.10411704 0.13911962 0.14664893 -0.97380669
1464884851.69105 1.10886235 -0.12864436 0.75196239 0.10160613 0.14912451 0.15475079 -0.97133427
1464884851.78547 1.14770899 -0.13594806 0.78974785 0.09916389 0.16342918 0.16909915 -0.96688309
1464884851.87609 1.18850822 -0.14751046 0.82980097 0.09985490 0.16996533 0.18015861 -0.96368234
1464884851.96886 1.22226859 -0.16479706 0.86281378 0.10282067 0.19084735 0.20150546 -0.95519671
1464884852.06185 1.24979815 -0.18852663 0.89287571 0.09311950 0.21135596 0.21529591 -0.94884408
1464884852.15517 1.27184950 -0.20745769 0.91959034 0.09270670 0.22992886 0.23315760 -0.94030618
1464884852.29422 1.30127891 -0.23641912 0.95324484 0.09142821 0.24942769 0.25256754 -0.93039580
1464884852.43353 1.32337096 -0.25611170 0.99495545 0.09111111 0.27504609 0.27193648 -0.91765950
1464884852.52656 1.33925524 -0.27106006 1.03003847 0.08936562 0.28880674 0.28673984 -0.90905705
1464884852.62129 1.35593084 -0.29164128 1.07118139 0.08748357 0.29833836 0.29506579 -0.90348051
1464884852.71225 1.36903832 -0.31955930 1.11727848 0.08032334 0.30913426 0.30283453 -0.89792840
1464884852.80515 1.37458859 -0.35195465 1.15974994 0.07250071 0.33579126 0.32068174 -0.88269536
1464884852.89805 1.38010481 -0.39286843 1.19661263 0.05919470 0.34883757 0.33246369 -0.87422894
1464884852.99169 1.37805106 -0.43039438 1.23053419 0.04766994 0.36617494 0.34478296 -0.86299953
1464884853.08624 1.37131650 -0.46414590 1.26759331 0.03767524 0.37595279 0.34832443 -0.85785207
1464884853.17917 1.35821686 -0.49440137 1.31040410 0.03259498 0.38103629 0.34808402 -0.85591263
1464884853.26982 1.33806092 -0.52706393 1.35730692 0.02020193 0.38404185 0.34770686 -0.85510449
1464884853.36262 1.31125854 -0.55840548 1.40977415 0.00932542 0.38492514 0.34715463 -0.85511948
1464884853.45546 1.27826776 -0.58984323 1.46412982 -0.00023154 0.38274368 0.34546008 -0.85683403
1464884853.54888 1.24165534 -0.61918559 1.50934389 0.00434766 0.38873213 0.35356088 -0.85080146
1464884853.64418 1.20112890 -0.65351101 1.54891221 0.00197359 0.39191816 0.34836612 -0.85149122
1464884853.78179 1.14046320 -0.70809215 1.60301914 -0.00608118 0.39176158 0.33634124 -0.85636467
1464884853.87544 1.09849295 -0.74444075 1.64262693 -0.02121197 0.38187423 0.32810609 -0.86375258
1464884854.01293 1.03273113 -0.79336787 1.70501555 -0.03301361 0.37469975 0.32220734 -0.86873047
1464884854.10990 0.98221818 -0.82271789 1.74762557 -0.03217700 0.37471988 0.32038924 -0.86942532
1464884854.19862 0.92445372 -0.85344234 1.78842674 -0.02518571 0.37640964 0.31531351 -0.87078060
1464884854.29158 0.86238006 -0.88992660 1.82033683 -0.01986978 0.38345448 0.30860116 -0.87024891
1464884854.38435 0.80260931 -0.92651363 1.84869928 -0.01292573 0.39062643 0.30350968 -0.86897974
1464884854.47726 0.74654390 -0.96638223 1.87317630 -0.01501134 0.39808065 0.30538499 -0.86489680
1464884854.57277 0.69098315 -0.99465663 1.89820627 0.00388174 0.40045809 0.31159032 -0.86170164
1464884854.66319 0.62956669 -1.01701219 1.92551950 0.01203303 0.40583643 0.31885576 -0.85643622
1464884854.75634 0.56785797 -1.02955227 1.95642276 0.05014616 0.39519634 0.34285424 -0.85073861
1464884854.85103 0.49828158 -1.04622089 1.98798814 0.05699349 0.39287123 0.33888822 -0.85297052
1464884854.94228 0.43010283 -1.06442188 2.01509753 0.07464582 0.38836502 0.34649659 -0.85061197
1464884855.03897 0.36396050 -1.08835120 2.03786440 0.08296091 0.38515098 0.34579349 -0.85158856
1464884855.12772 0.29929382 -1.11357488 2.05805616 0.09100490 0.38443742 0.33932086 -0.85369042
1464884855.22050 0.24170325 -1.13751838 2.07584590 0.10275637 0.38564971 0.33600171 -0.85312266
1464884855.31331 0.18499045 -1.15880165 2.09638247 0.10999013 0.38366173 0.32769970 -0.85634033
1464884855.40854 0.12763957 -1.17478168 2.11766317 0.12242706 0.38137858 0.32267841 -0.85757835
1464884855.50108 0.06361968 -1.19297338 2.13955568 0.12796941 0.37930445 0.31160187 -0.86177505
1464884855.68556 -0.08012042 -1.24811544 2.18354788 0.13996161 0.37933564 0.28970353 -0.86751777
1464884855.77841 -0.15575075 -1.28552569 2.20325771 0.13435917 0.38391273 0.27854751 -0.87004018
1464884855.87079 -0.22450396 -1.32040954 2.22540894 0.13683493 0.38089742 0.28206925 -0.86984498
1464884855.96373 -0.27774612 -1.34962330 2.24603315 0.14044895 0.37093333 0.27585369 -0.87554971
1464884856.05665 -0.34094331 -1.37377382 2.27044786 0.14902130 0.36845206 0.27147869 -0.87654724
1464884856.14973 -0.41011596 -1.39536547 2.29932224 0.15223815 0.36417139 0.27255191 -0.87744983
1464884856.24403 -0.48751893 -1.42034186 2.33338736 0.15171098 0.35801757 0.26376679 -0.88274248
1464884856.33781 -0.56615132 -1.45369981 2.37225370 0.14833774 0.34459443 0.24885874 -0.89292773
1464884856.43606 -0.64026825 -1.49018095 2.40980621 0.15315856 0.33552946 0.22928558 -0.90077220
1464884856.52110 -0.71288844 -1.53342465 2.44617815 0.14624079 0.32187047 0.21115468 -0.91127753
1464884856.61403 -0.77836362 -1.57383276 2.48152529 0.15282747 0.31670117 0.19814548 -0.91492213
1464884856.70678 -0.83591615 -1.61444107 2.52117375 0.15239355 0.30594283 0.18358662 -0.92166759
1464884856.79974 -0.89606917 -1.65206000 2.56432986 0.13916317 0.30430490 0.17760977 -0.92546578
1464884856.89265 -0.95469783 -1.68292090 2.61222416 0.14531599 0.30143695 0.16909380 -0.92705249
1464884856.98570 -1.01477479 -1.71752278 2.66257232 0.14111099 0.30092969 0.16091536 -0.92931978
1464884857.07880 -1.07191802 -1.75404941 2.71516367 0.13404630 0.29734832 0.16133648 -0.93144302
1464884857.17143 -1.12935596 -1.79388794 2.76822111 0.12484325 0.28096908 0.16561602 -0.93703888
1464884857.26442 -1.17406298 -1.82570230 2.80708376 0.12853938 0.28442526 0.15756564 -0.93688471
1464884857.35794 -1.22125546 -1.85839726 2.84525234 0.14109054 0.28075884 0.15837980 -0.93604688
1464884857.45042 -1.27018354 -1.89375186 2.88571250 0.14273295 0.28175198 0.15684813 -0.93575734
1464884857.54605 -1.31731387 -1.92392780 2.93486656 0.14397832 0.27750929 0.15059084 -0.93785992
1464884857.63727 -1.36310056 -1.95334732 2.99231294 0.13895876 0.26720476 0.14755932 -0.94208191
1464884857.73187 -1.40792398 -1.98681601 3.05499596 0.14035590 0.25136964 0.14036506 -0.94731789
1464884857.82473 -1.45045119 -2.02868327 3.11620529 0.13085051 0.23514984 0.13462804 -0.95365507
1464884857.91454 -1.48296995 -2.07243961 3.17198043 0.12752091 0.21991978 0.11882659 -0.95981975
1464884858.00787 -1.50714090 -2.11229050 3.22574816 0.13281460 0.20781490 0.10335315 -0.96358257
1464884858.10058 -1.52255316 -2.14777485 3.28202642 0.14107463 0.19357139 0.09183396 -0.96653742
1464884858.19379 -1.53389506 -2.17962829 3.34403562 0.14380563 0.17902385 0.07979946 -0.97000126
1464884858.29062 -1.54522973 -2.20633420 3.41193152 0.15174081 0.16785808 0.07102477 -0.97146996
1464884858.37920 -1.55812161 -2.23660940 3.48408326 0.16178272 0.16151038 0.06479408 -0.97136115
1464884858.47456 -1.57059228 -2.27974211 3.56009890 0.16504241 0.15549432 0.05948993 -0.97213346
1464884858.56542 -1.57997281 -2.33206209 3.63278998 0.16161683 0.14758629 0.05790731 -0.97403544
1464884858.65778 -1.59625037 -2.39078801 3.70069217 0.16384304 0.14138768 0.05126227 -0.97495495
1464884858.75664 -1.59364716 -2.44126497 3.75381546 0.15346904 0.13430973 0.04198588 -0.97808248
1464884858.84357 -1.60276959 -2.48326290 3.81204650 0.16217663 0.13542499 0.03943263 -0.97662883
1464884858.93632 -1.61483507 -2.52058921 3.87794245 0.16690836 0.13326996 0.03656792 -0.97623947
1464884859.02935 -1.62980050 -2.55677584 3.95205898 0.16812165 0.12998167 0.03283264 -0.97660734
1464884859.12233 -1.64448481 -2.59912856 4.02997281 0.16170319 0.12217036 0.03071836 -0.97876599
1464884859.21747 -1.65909039 -2.64518614 4.10630644 0.14730748 0.11165875 0.03364253 -0.98219194
1464884859.30834 -1.67660324 -2.68653701 4.17378497 0.15658625 0.10513377 0.03255301 -0.98151309
1464884859.40091 -1.70067577 -2.73131582 4.23435693 0.15804418 0.10860091 0.03511734 -0.98081326
1464884859.49388 -1.71717705 -2.76406136 4.28814267 0.17118808 0.11116998 0.03798013 -0.97820928
1464884859.58692 -1.73860276 -2.79853480 4.34478597 0.16710954 0.11416237 0.04462072 -0.97828950
1464884859.68267 -1.76592510 -2.82082716 4.40259544 0.17346532 0.12279415 0.05539279 -0.97558342
1464884859.77263 -1.80390487 -2.84525247 4.45923955 0.17296823 0.14062498 0.06977591 -0.97233632
1464884859.86535 -1.84739955 -2.87065178 4.51102445 0.17673041 0.15914422 0.08976198 -0.96715163
1464884859.95835 -1.89544151 -2.89499936 4.54802198 0.18212700 0.18534083 0.12057277 -0.95809224
1464884860.05121 -1.94519146 -2.92135374 4.56880830 0.17698356 0.21281750 0.14859275 -0.94937123
1464884860.14415 -1.99636046 -2.94040598 4.57936322 0.18325567 0.23606468 0.18074864 -0.93702762
1464884860.23705 -2.05204719 -2.95652730 4.59128317 0.18096978 0.26337111 0.20875188 -0.92428797
1464884860.32994 -2.10586682 -2.96244319 4.61031770 0.18248492 0.28317248 0.23257420 -0.91237155
1464884860.42306 -2.16819227 -2.96364539 4.63033309 0.17650486 0.31027096 0.25683064 -0.89811803
1464884860.51569 -2.23173211 -2.96973288 4.64954392 0.16394864 0.32370331 0.28056315 -0.88860640
1464884860.60869 -2.29670281 -2.97254292 4.66070682 0.15169143 0.34496957 0.30523486 -0.87453839
1464884860.70161 -2.35767754 -2.97585931 4.66088468 0.15463374 0.36734667 0.32572288 -0.85735024
1464884860.79453 -2.41375056 -2.97969267 4.65461842 0.16070685 0.39150484 0.34268994 -0.83872574
1464884860.88906 -2.47046282 -2.97710160 4.64362701 0.16677169 0.41720341 0.35870770 -0.81820371
1464884860.98023 -2.52488182 -2.97074207 4.64143690 0.16218488 0.43475563 0.37873916 -0.80077479
1464884861.07475 -2.58312080 -2.95680701 4.64112578 0.16424193 0.45297279 0.39732077 -0.78100989
1464884861.16700 -2.64590058 -2.94607364 4.63662901 0.16866094 0.47266162 0.41333117 -0.75980381
1464884861.25922 -2.71089910 -2.94270981 4.62685952 0.16358192 0.49520240 0.43085585 -0.73646369
1464884861.35215 -2.76658255 -2.94399716 4.60821223 0.16101489 0.51368150 0.45107013 -0.71185761
1464884861.44482 -2.81353770 -2.94512848 4.58258883 0.16007975 0.53123420 0.46736016 -0.68828713
1464884861.53787 -2.86012022 -2.94457401 4.55564063 0.16140129 0.54408849 0.48762949 -0.66342657
1464884861.63083 -2.90742578 -2.93259353 4.52644896 0.15688252 0.55930184 0.49547370 -0.64581356
1464884861.72619 -2.96370264 -2.91157339 4.50467850 0.15548802 0.56877142 0.50579200 -0.62968008
1464884861.81986 -3.02761246 -2.88672331 4.48133424 0.15075118 0.57610017 0.51294141 -0.61828293
1464884861.90945 -3.09814439 -2.86434634 4.45105832 0.14212383 0.58240772 0.51878325 -0.60948011
1464884862.00256 -3.16510647 -2.84775222 4.41604160 0.15191330 0.57810855 0.52871406 -0.60263945
1464884862.09511 -3.23320593 -2.83898425 4.37263244 0.14845098 0.59602276 0.51802756 -0.59528701
1464884862.18810 -3.29357373 -2.83154407 4.33832252 0.15301475 0.60003621 0.51832394 -0.58981635
1464884862.28148 -3.35369504 -2.81859867 4.31099503 0.15611788 0.60277477 0.52104596 -0.58378155
1464884862.37379 -3.41753805 -2.80034036 4.28826682 0.15402262 0.60758045 0.52245991 -0.57806459
1464884862.46938 -3.48898272 -2.77781813 4.26655490 0.15638841 0.61298128 0.52289755 -0.57129219
1464884862.55952 -3.56959931 -2.76061000 4.24734785 0.16468424 0.61452368 0.52095101 -0.56907802
1464884862.65548 -3.65842690 -2.75152586 4.22392022 0.16144154 0.62117435 0.51439811 -0.56874742
1464884862.74557 -3.74241985 -2.74939088 4.20634455 0.15846695 0.62162977 0.51184820 -0.57138084
1464884862.84038 -3.81649737 -2.74919148 4.19285927 0.16445476 0.61344999 0.51266223 -0.57776394
1464884862.93730 -3.89015029 -2.74699565 4.17739274 0.16982277 0.60819632 0.51195929 -0.58237029
1464884863.02442 -3.96978444 -2.74203455 4.16599245 0.16934922 0.60358182 0.50588170 -0.59253146
1464884863.11780 -4.05507012 -2.72770305 4.15937439 0.16747067 0.59992123 0.50400382 -0.59835462
1464884863.21102 -4.14399137 -2.71455589 4.15342784 0.16641526 0.59087215 0.49669340 -0.61357292
1464884863.30475 -4.23223393 -2.70972949 4.14918838 0.16331382 0.57765478 0.49432734 -0.62871618
1464884863.39867 -4.31957768 -2.71510682 4.14118298 0.16535150 0.57099446 0.48302534 -0.64289247
1464884863.48854 -4.39952184 -2.72667297 4.13617490 0.16553730 0.56558865 0.47120039 -0.65625991
1464884863.58143 -4.47404908 -2.73730444 4.14149503 0.17308385 0.55399272 0.46364749 -0.66945130
1464884863.67435 -4.54833830 -2.74582647 4.15762464 0.17329448 0.54409527 0.45088338 -0.68602736
1464884863.76729 -4.62217063 -2.75040851 4.18457098 0.18019529 0.52807990 0.43995815 -0.70363208
1464884863.86058 -4.70177651 -2.75747108 4.21389643 0.18804327 0.51939543 0.42541041 -0.71686407
1464884863.95306 -4.78798230 -2.77436619 4.24746575 0.18976849 0.51312912 0.40219049 -0.73411800
1464884864.04894 -4.86768561 -2.80076027 4.29000215 0.20237962 0.48957678 0.38402169 -0.75623039
1464884864.14180 -4.94225995 -2.83739736 4.33152233 0.20430942 0.47522613 0.35908458 -0.77683721
1464884864.23197 -5.00168008 -2.87325918 4.37448642 0.21127211 0.44960427 0.34349381 -0.79701449
1464884864.32456 -5.06117821 -2.90750693 4.42102282 0.21409998 0.43221662 0.32480477 -0.81354278
1464884864.42129 -5.11638100 -2.93700494 4.47582396 0.21671705 0.41018236 0.30660233 -0.83113126
1464884864.51138 -5.17218955 -2.96164486 4.53816362 0.22085546 0.38893376 0.28930959 -0.84631753
1464884864.60336 -5.22694595 -2.99096038 4.60649645 0.22808348 0.36053531 0.26966386 -0.86329231
1464884864.64984 -5.25591401 -3.01094237 4.64052618 0.21530142 0.35174285 0.25835148 -0.87359990
1464884864.74267 -5.30371416 -3.05242516 4.70520986 0.22970323 0.32313297 0.23546880 -0.88734207
1464884864.83730 -5.34848215 -3.10024298 4.76398723 0.21993815 0.30764365 0.20518357 -0.90270831
1464884864.92877 -5.37681733 -3.14317549 4.82317862 0.22450126 0.28524093 0.18757715 -0.91271661
1464884865.02361 -5.39993170 -3.18266164 4.88710865 0.23043495 0.26301153 0.16806399 -0.92167194
1464884865.11475 -5.42392146 -3.22113593 4.95826855 0.22843923 0.24533175 0.15205887 -0.92978812
1464884865.20907 -5.44516370 -3.25885696 5.03174543 0.22669820 0.23057266 0.13709135 -0.93629597
1464884865.30002 -5.46744238 -3.30683708 5.10623379 0.22064434 0.21733309 0.12199544 -0.94297376
1464884865.39296 -5.49172597 -3.36414813 5.17851606 0.21052482 0.21335999 0.10734128 -0.94796343
1464884865.48859 -5.50910118 -3.42580743 5.24265542 0.20126675 0.20596328 0.10116968 -0.95227912
1464884865.57882 -5.51807766 -3.48449201 5.30010571 0.19332874 0.19246247 0.08627560 -0.95819555
1464884865.67163 -5.52536579 -3.53481504 5.35704657 0.19469690 0.18099863 0.07508653 -0.96109033
1464884865.76446 -5.52746764 -3.57911216 5.41740734 0.19141016 0.16398453 0.05814707 -0.96596591
1464884865.85741 -5.53119169 -3.61540570 5.48632354 0.19617370 0.14609627 0.04437336 -0.96860868
1464884865.95521 -5.53700849 -3.65077673 5.56042326 0.19404307 0.12796171 0.03217943 -0.97207899
1464884866.04603 -5.54484367 -3.69058717 5.63580128 0.19104081 0.10976649 0.02121787 -0.97519461
1464884866.13600 -5.55536626 -3.73477631 5.70861551 0.19610286 0.09210677 0.01429959 -0.97614319
1464884866.22907 -5.56215999 -3.78026776 5.77004931 0.18650685 0.07702893 0.00757617 -0.97939999
1464884866.32203 -5.57254853 -3.81901336 5.82703543 0.19355960 0.07124826 0.00016522 -0.97849800
1464884866.41719 -5.58232668 -3.85619652 5.88278917 0.19384328 0.06417763 -0.00677421 -0.97890762
1464884866.50775 -5.59388048 -3.89045831 5.93975103 0.19125536 0.05804686 -0.01264171 -0.97974085
1464884866.60117 -5.60916605 -3.92399272 5.99964584 0.19090781 0.05403594 -0.01479796 -0.98000783
1464884866.69386 -5.63012937 -3.96465994 6.06171025 0.18423740 0.06073270 -0.01977084 -0.98080438
1464884866.78687 -5.64997260 -4.00624862 6.12371866 0.18170915 0.06696416 -0.02342877 -0.98078982
1464884866.88388 -5.66670119 -4.04513887 6.17784770 0.18791850 0.06407571 -0.02154723 -0.97985543
1464884866.97234 -5.68878835 -4.08347670 6.22512534 0.18896291 0.06840556 -0.02128976 -0.97936737
1464884867.06654 -5.71076062 -4.11829602 6.27143415 0.19360702 0.06812653 -0.01275386 -0.97862783
1464884867.15803 -5.73375162 -4.15158759 6.32222464 0.19326063 0.06641246 -0.00864773 -0.97885899
1464884867.25110 -5.75925185 -4.18039645 6.37871339 0.19311472 0.06240851 -0.00421843 -0.97918031
1464884867.34562 -5.78511013 -4.20961492 6.43338217 0.18545384 0.05560129 -0.00433389 -0.98106910
1464884867.43809 -5.81044182 -4.23833146 6.47900901 0.19796316 0.04801140 -0.00872065 -0.97899410
1464884867.52960 -5.84034471 -4.27181287 6.52397948 0.19223193 0.05672036 -0.00947490 -0.97966316
1464884867.62436 -5.86211185 -4.29924350 6.56259574 0.19790754 0.05965567 -0.01601636 -0.97827260
1464884867.71542 -5.88341934 -4.32353791 6.60415482 0.19643142 0.06126575 -0.01296420 -0.97851578
1464884867.80842 -5.90535083 -4.34166382 6.64708574 0.20037587 0.06355477 -0.00114497 -0.97765484
1464884867.90130 -5.92660888 -4.35796681 6.69271907 0.21027264 0.06955573 0.00585408 -0.97514776
1464884867.99441 -5.94524654 -4.38340607 6.73965948 0.20477715 0.07150591 0.01553992 -0.97606953
1464884868.08728 -5.96572051 -4.41004522 6.78369757 0.19964713 0.07941115 0.02339092 -0.97636456
1464884868.18300 -5.98796419 -4.43367491 6.81895096 0.21493874 0.09194883 0.03446761 -0.97167831
1464884868.27467 -6.01605741 -4.46309603 6.84982336 0.20418704 0.10751508 0.03788340 -0.97227209
1464884868.41221 -6.05644737 -4.49286810 6.88185272 0.21091925 0.12361032 0.05397771 -0.96815286
1464884868.55138 -6.10650235 -4.51629134 6.91086124 0.21597250 0.14559131 0.07018107 -0.96292973
1464884868.69129 -6.15896663 -4.54174236 6.94467798 0.21183852 0.16303621 0.08503974 -0.95984992
1464884868.83049 -6.21269567 -4.56819437 6.98724976 0.20166660 0.16800053 0.09795389 -0.95995387
1464884868.92339 -6.25425817 -4.58483751 7.01822559 0.19910790 0.17090839 0.10612204 -0.95910608
1464884869.01623 -6.29537903 -4.60499120 7.04513683 0.19773801 0.17723175 0.11138199 -0.95764432
1464884869.10924 -6.32823558 -4.62718221 7.06609144 0.19697383 0.17961812 0.12652620 -0.95547358
1464884869.20482 -6.35714730 -4.64988560 7.08696497 0.18529305 0.18915779 0.13068364 -0.95540965
1464884869.34256 -6.38849047 -4.67437060 7.12185054 0.18923946 0.19669301 0.13383029 -0.95267504
1464884869.48228 -6.40973694 -4.69920229 7.16877021 0.19846778 0.20324538 0.13232408 -0.94962740
1464884869.57414 -6.41603358 -4.71799876 7.20938499 0.19952063 0.20025165 0.13426222 -0.94977073
1464884869.66851 -6.42100229 -4.73720946 7.25714279 0.20003918 0.20250684 0.13893954 -0.94850994
1464884869.76115 -6.42049549 -4.76047229 7.30726252 0.19837557 0.20074302 0.14617865 -0.94814618
1464884869.85600 -6.41943503 -4.78439040 7.35559628 0.19865739 0.20139303 0.15518776 -0.94651616
1464884869.94707 -6.42150690 -4.81132246 7.39538221 0.20084865 0.20695676 0.16511584 -0.94316779
1464884870.03801 -6.42716597 -4.83980112 7.42994864 0.19719304 0.21048927 0.17365134 -0.94162327
1464884870.13089 -6.44131190 -4.86498452 7.46299395 0.20141274 0.22026966 0.18334829 -0.93664165
1464884870.22377 -6.46137440 -4.89029712 7.50289870 0.19899401 0.22952322 0.18757399 -0.93409661
1464884870.31659 -6.48497280 -4.91009471 7.55378614 0.19697494 0.23437900 0.19455689 -0.93188786
1464884870.40958 -6.50966540 -4.92734080 7.61168788 0.19474338 0.23611306 0.20428311 -0.92983550
1464884870.50284 -6.54199477 -4.94807652 7.67186818 0.19068055 0.23676512 0.22005055 -0.92690936
1464884870.54913 -6.56478422 -4.96223752 7.70165183 0.18007033 0.24731202 0.22884162 -0.92414445
1464884870.64176 -6.59619776 -4.98346031 7.74614679 0.18951842 0.25093081 0.24403987 -0.91736636
1464884870.73592 -6.63679835 -5.01216298 7.78594506 0.18127102 0.26613116 0.24818177 -0.91363058
1464884870.83048 -6.67319376 -5.03535329 7.81916897 0.19833842 0.27661005 0.25706147 -0.90447120
1464884870.92044 -6.71676144 -5.06269484 7.85641154 0.19298169 0.29403360 0.26379545 -0.89817274
1464884871.01394 -6.76008630 -5.08497288 7.90026584 0.18984749 0.30444674 0.27436355 -0.89218538
1464884871.05990 -6.78426488 -5.09384988 7.92436517 0.19282943 0.31266044 0.27859898 -0.88737978
1464884871.10938 -6.80904025 -5.10437976 7.94960564 0.19257267 0.32016922 0.28277951 -0.88342696
1464884871.15299 -6.83189926 -5.11624776 7.97531238 0.19276659 0.32268581 0.28702657 -0.88109628
1464884871.20241 -6.85448275 -5.12852276 8.00033142 0.19570325 0.32466034 0.29379828 -0.87748417
1464884871.24567 -6.87754822 -5.14187886 8.02272438 0.20024967 0.33051309 0.29785126 -0.87289507
1464884871.29340 -6.90017003 -5.15663236 8.04263714 0.20320832 0.33243581 0.30488594 -0.86904395
1464884871.38480 -6.94923395 -5.18882864 8.07395739 0.19743441 0.34373371 0.31554959 -0.86214572
1464884871.47777 -7.00003948 -5.21474626 8.09556713 0.20063563 0.35781487 0.33188368 -0.84945105
1464884871.57309 -7.05793160 -5.23688316 8.11888150 0.19983966 0.37096044 0.34273209 -0.83963514
1464884871.66649 -7.12289793 -5.25362379 8.15113887 0.19553012 0.37938406 0.35134463 -0.83330226
1464884871.71022 -7.15911594 -5.25904821 8.16905966 0.19535801 0.38405916 0.35953580 -0.82768824
1464884871.75657 -7.19709197 -5.26525496 8.18667613 0.19355713 0.38902145 0.36590837 -0.82298786
1464884871.80299 -7.23468112 -5.27409168 8.20393819 0.18875814 0.38986813 0.37036176 -0.82170881
1464884871.84945 -7.27192178 -5.28406860 8.21932087 0.18401439 0.39313986 0.37295664 -0.82005067
1464884871.89593 -7.30678065 -5.29469489 8.23341180 0.18638370 0.39069415 0.37915953 -0.81783693
1464884871.94238 -7.34273531 -5.30704756 8.24479224 0.18370993 0.39329473 0.38036608 -0.81663429
1464884872.03526 -7.40726074 -5.33126087 8.26309941 0.18648392 0.40321930 0.38112714 -0.81078976
1464884872.12844 -7.46447738 -5.35362527 8.28565017 0.19446404 0.40295225 0.39051502 -0.80455655
1464884872.22417 -7.52698210 -5.37022161 8.31319686 0.19155586 0.40924893 0.39771327 -0.79852728
1464884872.31399 -7.59174782 -5.38078955 8.34607690 0.18857987 0.41747013 0.40730744 -0.79009934
1464884872.36074 -7.62573344 -5.38614956 8.36340555 0.18972379 0.42288994 0.41282276 -0.78405762
1464884872.40686 -7.66039803 -5.39439083 8.38094756 0.19191750 0.42815022 0.41382124 -0.78013271
1464884872.45337 -7.69565168 -5.40650402 8.39885908 0.18896606 0.43297947 0.41616642 -0.77693380
1464884872.49980 -7.72982166 -5.42071124 8.41639613 0.18571200 0.43796112 0.41941968 -0.77316767
1464884872.59290 -7.79872052 -5.45497175 8.45297535 0.19040275 0.44196492 0.42507858 -0.76663029
1464884872.68564 -7.85668842 -5.48389615 8.47362676 0.18853297 0.44865127 0.42958558 -0.76067311
1464884872.77842 -7.91876788 -5.51184750 8.49803780 0.19402631 0.45064590 0.43434740 -0.75539023
1464884872.87134 -7.98919027 -5.53180168 8.52694455 0.19836324 0.45821460 0.43408385 -0.74984172
1464884872.96483 -8.06625659 -5.54669599 8.56767726 0.19519727 0.45683683 0.43422583 -0.75142935
1464884873.01127 -8.10854614 -5.55231761 8.58932002 0.19434028 0.45751692 0.43620855 -0.75008815
1464884873.05781 -8.15184866 -5.56076854 8.61047626 0.19127329 0.45798955 0.43719058 -0.75001633
1464884873.10618 -8.19643338 -5.57385983 8.63240027 0.18180971 0.45252247 0.43530788 -0.75675339
1464884873.15043 -8.24182514 -5.58718523 8.65074690 0.16999672 0.45634929 0.43200598 -0.75908977
1464884873.19711 -8.28364841 -5.59985135 8.66886134 0.17315049 0.44735006 0.43585376 -0.76153026
1464884873.24389 -8.32674217 -5.61270020 8.68257655 0.17998716 0.44821213 0.43551700 -0.75962849
1464884873.28929 -8.36900010 -5.62704348 8.69571374 0.17871911 0.45424429 0.43150633 -0.75863291
1464884873.38239 -8.44855902 -5.66178664 8.73145130 0.18801116 0.44408731 0.43217748 -0.76201108
1464884873.42910 -8.48127023 -5.67115780 8.74544436 0.19635251 0.44033440 0.43236257 -0.76198026
1464884873.47523 -8.52198018 -5.68310980 8.76477984 0.19824710 0.44159453 0.42820057 -0.76310984
1464884873.52283 -8.56373515 -5.69504054 8.78713831 0.19597758 0.44018752 0.42444754 -0.76659769
1464884873.56818 -8.60585797 -5.70552784 8.81154679 0.19553983 0.43944331 0.42014821 -0.76949934
1464884873.61452 -8.64938886 -5.71525341 8.83691320 0.19737649 0.43729506 0.41718747 -0.77186150
1464884873.66095 -8.69490480 -5.72575615 8.86024765 0.19837610 0.44143888 0.41475292 -0.77055736
1464884873.70754 -8.73984070 -5.73896632 8.88359782 0.19963292 0.44226289 0.40733031 -0.77371329
1464884873.75395 -8.78385950 -5.75421850 8.90571564 0.19801733 0.44137707 0.40694958 -0.77483383
1464884873.80038 -8.82739065 -5.77066913 8.92414885 0.19980081 0.44477912 0.40570716 -0.77308012
1464884873.84890 -8.87034382 -5.78906044 8.94070299 0.19832252 0.44528154 0.40645243 -0.77278001
1464884873.93965 -8.95796686 -5.83166666 8.97061230 0.19233928 0.45089327 0.41149404 -0.76835768
1464884874.03576 -9.03114395 -5.86312214 8.99308632 0.19261034 0.45099216 0.41723580 -0.76512849
1464884874.12673 -9.11533879 -5.88675703 9.02952927 0.19125329 0.45288467 0.41876472 -0.76351409
1464884874.17201 -9.15731369 -5.89434243 9.05174765 0.18986994 0.45107227 0.41832644 -0.76517070
1464884874.21902 -9.20301181 -5.90000813 9.07525856 0.19046443 0.44946539 0.41763998 -0.76634262
1464884874.26487 -9.25119507 -5.90657214 9.09739991 0.18948943 0.45133098 0.41994664 -0.76422439
1464884874.31280 -9.29992953 -5.91781121 9.12087160 0.18340737 0.44648369 0.41919487 -0.76895365
1464884874.35793 -9.34988471 -5.93173227 9.14369765 0.16952572 0.44676527 0.41402687 -0.77475388
1464884874.40411 -9.39503277 -5.94572614 9.16593128 0.16968497 0.43903806 0.41694637 -0.77756564
1464884874.45077 -9.43916512 -5.96137681 9.18565646 0.17889291 0.43075938 0.41730656 -0.77993520
1464884874.54349 -9.52724079 -5.99807549 9.22132045 0.18241670 0.43150253 0.40597115 -0.78467646
1464884874.63643 -9.60176643 -6.03431580 9.25937116 0.19325438 0.42346742 0.40334487 -0.78780772
1464884874.72934 -9.68321308 -6.06782911 9.30628016 0.18695792 0.42021599 0.39131150 -0.79708254
1464884874.82234 -9.76529507 -6.09250054 9.35984813 0.18562411 0.41527594 0.38694069 -0.80210130
1464884874.91512 -9.85118823 -6.11618616 9.41088211 0.18756089 0.42091837 0.37929870 -0.80235973
1464884875.00811 -9.93691481 -6.14770137 9.45983602 0.18302085 0.42537784 0.37996695 -0.80073852
1464884875.10091 -10.01654107 -6.18744773 9.50205599 0.18073730 0.42409823 0.38309783 -0.80044411
1464884875.19385 -10.09301586 -6.23119061 9.54026758 0.17437559 0.42284539 0.38494928 -0.80162896
1464884875.28677 -10.16130574 -6.26691471 9.57584517 0.17485246 0.42093158 0.38842898 -0.80085339
1464884875.37981 -10.23813946 -6.29628584 9.61802841 0.16972649 0.42152125 0.38571839 -0.80295334
1464884875.47492 -10.31919150 -6.31869260 9.66574584 0.16377987 0.42008856 0.38519740 -0.80518614
1464884875.56548 -10.40341869 -6.34168747 9.71339565 0.15966001 0.41875675 0.38008644 -0.80912654
1464884875.61380 -10.44768840 -6.35570776 9.73532361 0.15013242 0.42240226 0.37492017 -0.81146254
1464884875.70789 -10.52947921 -6.38320522 9.77447004 0.15883729 0.41447226 0.37875778 -0.81211206
1464884875.79767 -10.61222568 -6.41504281 9.80287963 0.15678365 0.42558168 0.37168883 -0.81002873
1464884875.89147 -10.68504000 -6.44577151 9.83308754 0.16238573 0.42597255 0.37678656 -0.80635609
1464884875.98337 -10.76132711 -6.47134630 9.86951204 0.16392443 0.42905599 0.36976706 -0.80765838
1464884876.07835 -10.84117203 -6.49030453 9.91351950 0.16537984 0.42854543 0.37307698 -0.80610910
1464884876.17649 -10.92475007 -6.51159519 9.95943761 0.16626094 0.43412601 0.36511266 -0.80658828
1464884876.26520 -11.01247467 -6.54477214 10.00136033 0.14722863 0.44266151 0.36268999 -0.80674066
1464884876.35517 -11.09290691 -6.58210929 10.03950022 0.13343722 0.44808201 0.36763512 -0.80390388
1464884876.44800 -11.16686342 -6.62082633 10.07200946 0.12060835 0.45352448 0.36732625 -0.80301968
1464884876.54095 -11.23706178 -6.65209003 10.10564198 0.11735312 0.44895247 0.37502974 -0.80251020
1464884876.63669 -11.31687270 -6.67430230 10.14317257 0.11153398 0.45036488 0.37430908 -0.80288502
1464884876.72927 -11.39991731 -6.68907534 10.18828172 0.10960258 0.44546150 0.37079846 -0.80750221
1464884876.81950 -11.49381972 -6.70224120 10.23070943 0.11300203 0.44636765 0.37464127 -0.80475486
1464884876.91244 -11.58464022 -6.72103558 10.27013488 0.11895198 0.44019559 0.38792259 -0.80099584
1464884876.95879 -11.62529702 -6.73099541 10.28877410 0.13924794 0.42577904 0.40287729 -0.79813038
1464884877.05477 -11.71202145 -6.75328868 10.31526594 0.16126967 0.43611785 0.40750074 -0.78596212
1464884877.14481 -11.78804809 -6.77665322 10.34475969 0.18404773 0.43442872 0.40695634 -0.78216664
1464884877.24066 -11.86944151 -6.79649054 10.37568546 0.19421496 0.43880606 0.40412564 -0.77872477
1464884877.33303 -11.95342999 -6.81435942 10.41136443 0.19916237 0.44424575 0.40339646 -0.77475891
1464884877.42333 -12.04263037 -6.83804147 10.44853747 0.19544838 0.45504218 0.39501309 -0.77375785
1464884877.46985 -12.08855307 -6.85267093 10.46606733 0.18847923 0.46070948 0.39589900 -0.77167762
1464884877.56574 -12.17407807 -6.88510426 10.49861444 0.19386444 0.45916025 0.40333743 -0.76740300
1464884877.65886 -12.25580562 -6.92531896 10.52415120 0.19333004 0.46753955 0.39713214 -0.76571295
1464884877.70221 -12.29354954 -6.94520017 10.53716659 0.19598157 0.46650099 0.39771517 -0.76536964
1464884877.79757 -12.37153103 -6.97776788 10.56212071 0.20767836 0.46836422 0.39899626 -0.76046476
1464884877.88788 -12.45404269 -7.00341485 10.59111643 0.21305752 0.47073890 0.39331729 -0.76046886
1464884877.93531 -12.49728491 -7.01230665 10.60705203 0.21838075 0.46948219 0.39199101 -0.76042052
1464884878.02964 -12.58779333 -7.02796641 10.63889964 0.21879810 0.46920449 0.38874526 -0.76213625
1464884878.12204 -12.67277865 -7.04560623 10.67243103 0.21468646 0.46078115 0.39044383 -0.76755721
1464884878.16678 -12.71226145 -7.05436523 10.68670794 0.22264941 0.45009450 0.39120373 -0.77123396
1464884878.26391 -12.79700543 -7.07542216 10.70226084 0.22934296 0.45516228 0.38146370 -0.77117738
1464884878.35236 -12.87818469 -7.10402585 10.71468224 0.22900504 0.45774112 0.37905159 -0.77094076
1464884878.44624 -12.95846700 -7.13281389 10.73589853 0.22222793 0.45802046 0.37033882 -0.77696922
1464884878.53820 -13.03423570 -7.15233993 10.76966502 0.21993836 0.44455989 0.36645305 -0.78721393
1464884878.63101 -13.11513605 -7.16924139 10.80963239 0.21842527 0.44232761 0.36170921 -0.79107720
1464884878.72901 -13.20056016 -7.18635852 10.84600414 0.21593420 0.44737644 0.35623593 -0.79140553
1464884878.81698 -13.28136471 -7.20547599 10.87986715 0.22082426 0.43687645 0.36759664 -0.79072645
1464884878.90985 -13.35760232 -7.23152160 10.90210534 0.21679878 0.43760949 0.36793527 -0.79127736
1464884879.00271 -13.42746409 -7.24893537 10.92037905 0.23443319 0.43386558 0.37249830 -0.78615950
1464884879.09565 -13.50172480 -7.26112305 10.94001429 0.25195081 0.43497515 0.36877912 -0.78186915
1464884879.19067 -13.57789698 -7.27070004 10.96818147 0.25584062 0.42652023 0.36708861 -0.78604836
1464884879.28146 -13.66178826 -7.27615595 10.99566516 0.25790869 0.42714191 0.36639508 -0.78535823
1464884879.33073 -13.70365200 -7.28200829 11.00847339 0.25567790 0.42151208 0.36412140 -0.79017212
1464884879.42383 -13.79284467 -7.29576178 11.03089622 0.24814672 0.41730375 0.36160747 -0.79594021
1464884879.51363 -13.87508254 -7.31519008 11.05027918 0.25209226 0.40611186 0.36361429 -0.79956695
1464884879.60811 -13.95355931 -7.33768040 11.06544271 0.25567644 0.40101203 0.35431830 -0.80515678
1464884879.69946 -14.03395245 -7.36217985 11.08567911 0.25772437 0.40079693 0.34255114 -0.80969049
1464884879.79235 -14.11313649 -7.38649194 11.11589178 0.23774699 0.39760978 0.33098412 -0.82209023
1464884879.88840 -14.19010064 -7.40108942 11.14960432 0.23804790 0.39146892 0.33140142 -0.82477778
1464884879.97983 -14.27321414 -7.41444489 11.17960499 0.24067645 0.39706378 0.32418215 -0.82420940
1464884880.07103 -14.35431015 -7.43310164 11.20644163 0.23759009 0.39565601 0.32253681 -0.82642439
1464884880.16388 -14.43397541 -7.45744941 11.22486010 0.23905271 0.39928088 0.32084062 -0.82491811
1464884880.25797 -14.50478182 -7.48630252 11.23842318 0.23070362 0.39978021 0.31882510 -0.82782980
1464884880.35004 -14.57370391 -7.51291042 11.25235271 0.21466353 0.40708255 0.31275995 -0.83089384
1464884880.44260 -14.63871101 -7.53721508 11.27176167 0.20367867 0.40171232 0.30341636 -0.83969085
1464884880.53561 -14.70581591 -7.55423311 11.29399887 0.19574958 0.39550709 0.29697107 -0.84679657
1464884880.62856 -14.77180116 -7.57050664 11.31869108 0.18162562 0.38278529 0.29508754 -0.85639412
1464884880.72526 -14.84321419 -7.58648206 11.34153346 0.17534347 0.37781700 0.27914165 -0.86521033
1464884880.81708 -14.90594631 -7.60241302 11.36128079 0.17586930 0.36601352 0.27228181 -0.87233405
1464884880.90717 -14.96714063 -7.61831438 11.37882952 0.18004052 0.36175345 0.26136056 -0.87659028
1464884880.99997 -15.01979612 -7.63126952 11.39874856 0.18760232 0.35753283 0.26029666 -0.87705262
1464884881.13943 -15.08586176 -7.64674183 11.44200414 0.19515401 0.34456478 0.25604766 -0.88183310
1464884881.23248 -15.13091912 -7.65469398 11.48000027 0.20023363 0.33201026 0.25616377 -0.88546926
1464884881.32522 -15.17992362 -7.66340273 11.51843086 0.20578801 0.32988758 0.25725077 -0.88467368
1464884881.42130 -15.23058900 -7.67847233 11.55842742 0.20606529 0.32653661 0.25874893 -0.88541512
1464884881.51397 -15.28154106 -7.69709143 11.59580601 0.20992028 0.32365022 0.26294968 -0.88433109
1464884881.60387 -15.33229905 -7.72080591 11.62516593 0.21081271 0.32689478 0.27577733 -0.87900208
1464884881.69684 -15.37808523 -7.74887648 11.64875390 0.19093575 0.33061516 0.28383363 -0.87958833
1464884881.83610 -15.44071471 -7.77720818 11.67735961 0.18983160 0.33635932 0.29047664 -0.87547113
1464884881.97779 -15.50707207 -7.79345997 11.70917836 0.19762450 0.34645110 0.28092358 -0.87292504
1464884882.11494 -15.58366995 -7.80317126 11.74656751 0.21077550 0.36565505 0.25109148 -0.87110455
1464884882.21079 -15.63568695 -7.81296807 11.77181870 0.21265160 0.36786142 0.25009223 -0.87000641
1464884882.30065 -15.69349376 -7.82437760 11.79291105 0.21090085 0.37657484 0.26201153 -0.86316984
1464884882.39358 -15.74672418 -7.83843344 11.80872366 0.20423824 0.38338071 0.27107515 -0.85896696
1464884882.48728 -15.79529840 -7.85051064 11.81962517 0.20065372 0.39467487 0.28044144 -0.85165863
1464884882.62601 -15.85735148 -7.85500178 11.83377034 0.21388555 0.40756878 0.30390897 -0.83413428
1464884882.71886 -15.89830676 -7.85019181 11.84045411 0.21792961 0.41870511 0.32237625 -0.82052804
1464884882.81151 -15.94080637 -7.83871928 11.84560493 0.23022801 0.43127827 0.34450494 -0.80144274
1464884882.90733 -15.98461040 -7.83179883 11.84958574 0.23163449 0.44531467 0.36273907 -0.78515010
1464884882.99745 -16.02795924 -7.83130569 11.85213888 0.22151934 0.46106827 0.38703877 -0.76716766
1464884883.09031 -16.06369660 -7.82967339 11.84689842 0.21842576 0.47622174 0.41772526 -0.74229957
1464884883.18316 -16.09580171 -7.82832912 11.83407362 0.21145953 0.49170836 0.43929862 -0.72147383
1464884883.27764 -16.12329000 -7.81823132 11.81560864 0.21036206 0.50512156 0.46940914 -0.69300438
1464884883.37071 -16.15377692 -7.80164540 11.79175836 0.21084515 0.52122099 0.48890912 -0.66696392
1464884883.50965 -16.20751249 -7.76961286 11.75400323 0.20273835 0.53945576 0.51711573 -0.63283170
1464884883.60393 -16.24820831 -7.74401804 11.72354383 0.19361262 0.55425846 0.53319433 -0.60911044
1464884883.69406 -16.28780470 -7.71706600 11.68931353 0.18455633 0.56353491 0.54968442 -0.58839987
1464884883.78701 -16.32271842 -7.69149619 11.65136142 0.18065432 0.56793938 0.57101094 -0.56458425
1464884883.88291 -16.35765335 -7.67249665 11.60827782 0.16687641 0.58722102 0.57569196 -0.54396922
1464884883.97282 -16.38284084 -7.65246699 11.57173008 0.16248115 0.59216921 0.59201963 -0.52196576
1464884884.06802 -16.40871303 -7.62841497 11.53882185 0.15635773 0.59725299 0.60690372 -0.50050874
1464884884.15872 -16.43761066 -7.59984381 11.50607105 0.14955731 0.60294710 0.62057958 -0.47850641
1464884884.25149 -16.47299152 -7.56748819 11.46841531 0.14029029 0.61450089 0.62946396 -0.45440336
1464884884.34436 -16.51356277 -7.53554344 11.42324977 0.12832868 0.62959968 0.63272041 -0.43220467
1464884884.43733 -16.55195928 -7.50915621 11.38055225 0.12041505 0.63300232 0.64690498 -0.40782622
1464884884.53296 -16.58326924 -7.48592872 11.33380869 0.11122201 0.64505106 0.65333096 -0.38039118
1464884884.62612 -16.60907873 -7.46648216 11.29500494 0.10368420 0.64839538 0.65852798 -0.36766006
1464884884.71597 -16.62740066 -7.43935337 11.25671072 0.10790690 0.64827210 0.66692826 -0.35114967
1464884884.80895 -16.64802859 -7.40376672 11.21545414 0.10455792 0.65215786 0.67315653 -0.33259293
1464884884.90267 -16.67103369 -7.36173792 11.17021555 0.09938647 0.65135391 0.67980751 -0.32205926
1464884885.00065 -16.69596652 -7.31589675 11.11158847 0.09197948 0.65956215 0.67847920 -0.31013468
1464884885.08762 -16.72163675 -7.27000406 11.04523160 0.07829516 0.67107610 0.67259244 -0.30190419
1464884885.13720 -16.73250487 -7.25041702 11.01346502 0.07696951 0.66514499 0.67867176 -0.30176559
1464884885.22974 -16.75437158 -7.21501005 10.94149398 0.08011632 0.67773220 0.66807287 -0.29654526
1464884885.31988 -16.77326651 -7.18654807 10.87240035 0.08086946 0.68010820 0.66856945 -0.28970304
1464884885.41577 -16.79419780 -7.15441907 10.80973335 0.08368554 0.68208242 0.66912010 -0.28291093
1464884885.50567 -16.81892774 -7.11796091 10.75235298 0.08784708 0.68679712 0.66171325 -0.28762505
1464884885.59925 -16.84419708 -7.07474581 10.69705512 0.08611281 0.68868089 0.66108943 -0.28506839
1464884885.69325 -16.86779431 -7.02943592 10.64013646 0.09063205 0.68896369 0.66209511 -0.28061529
1464884885.78440 -16.89483814 -6.98887436 10.57856799 0.07603102 0.69948526 0.65401227 -0.27786255
1464884885.87725 -16.92080397 -6.95444760 10.51776763 0.07985534 0.70320654 0.64842473 -0.28048005
1464884885.97031 -16.94587411 -6.92812143 10.46064582 0.05408570 0.70879970 0.64312314 -0.28472856
1464884886.06299 -16.96670064 -6.89563342 10.41092480 0.05020442 0.70121232 0.65281138 -0.28216677
1464884886.15878 -16.99320209 -6.85629399 10.35867811 0.04458952 0.69827468 0.65162119 -0.29294038
1464884886.24887 -17.02491222 -6.80757895 10.30431897 0.03662443 0.69299893 0.64917422 -0.31142248
1464884886.29525 -17.03936435 -6.78088947 10.27361770 0.03538153 0.69362993 0.64627390 -0.31615773
1464884886.39285 -17.06882331 -6.73647322 10.21433625 0.02121863 0.69738804 0.63660966 -0.32852372
1464884886.48109 -17.09202047 -6.69688249 10.15774493 0.02780278 0.68596318 0.64074054 -0.34370494
1464884886.57699 -17.11295510 -6.66345648 10.09972376 0.03580575 0.68532144 0.63901974 -0.34742803
1464884886.66712 -17.13656305 -6.63897850 10.04544309 0.03126970 0.68319291 0.63915456 -0.35178276
1464884886.75980 -17.16367616 -6.60909736 9.99205946 0.02915424 0.68774563 0.63426303 -0.35194656
1464884886.85535 -17.19454581 -6.57493414 9.94270471 0.02592112 0.68544559 0.63338456 -0.35821285
1464884886.94567 -17.23155270 -6.53582917 9.88821242 0.02278665 0.69120856 0.62690046 -0.35875801
1464884887.03996 -17.27363752 -6.50260598 9.82973322 0.02087300 0.69456664 0.61894146 -0.36613244
1464884887.13191 -17.31855249 -6.47538025 9.76860926 0.01440583 0.69260202 0.61833095 -0.37116270
1464884887.17794 -17.34035581 -6.46195431 9.73550130 0.01441546 0.69712988 0.61650619 -0.36568053
1464884887.22482 -17.36177397 -6.45007390 9.70426909 0.01257185 0.70009603 0.61490710 -0.36276268
1464884887.32199 -17.40237221 -6.43598088 9.64980682 0.00401565 0.69979486 0.61218137 -0.36811005
1464884887.41142 -17.43510025 -6.40734960 9.59273699 0.00889395 0.69689343 0.62013427 -0.36013043
1464884887.50295 -17.46901360 -6.37283744 9.54127149 0.00955249 0.69394294 0.62817388 -0.35178050
1464884887.59584 -17.50838439 -6.33133077 9.48932330 0.01260980 0.69016956 0.62954989 -0.35661451
1464884887.68876 -17.54969543 -6.28842189 9.43482136 0.01095261 0.68845693 0.62986007 -0.35942090
1464884887.78437 -17.58946030 -6.24794808 9.37336932 0.00590947 0.69527555 0.62267057 -0.35894059
1464884887.87465 -17.62382141 -6.21489037 9.31218497 0.01102467 0.68759661 0.63062512 -0.35972393
1464884887.96759 -17.65596491 -6.18963651 9.24972615 0.00550323 0.69203888 0.62769059 -0.35644975
1464884888.06120 -17.68493392 -6.16375126 9.19363845 0.00583403 0.69293794 0.62958917 -0.35131248
1464884888.15336 -17.71533374 -6.13257421 9.14327628 0.00128473 0.69356843 0.63148745 -0.34667676
1464884888.25165 -17.74643703 -6.09747861 9.10001264 -0.00058724 0.69169088 0.63485765 -0.34426609
1464884888.34171 -17.78254397 -6.05518290 9.04948272 0.00357665 0.68998405 0.63747147 -0.34284010
1464884888.43290 -17.82051926 -6.01677595 8.99313580 0.00418754 0.69228209 0.63588188 -0.34114835
1464884888.52488 -17.85580765 -5.98359621 8.93551044 0.00865241 0.69143885 0.63904490 -0.33683686
1464884888.61775 -17.88594596 -5.95614166 8.87851158 0.01152134 0.69136974 0.64368441 -0.32794134
1464884888.71328 -17.91566061 -5.93268907 8.82148774 0.00485355 0.69465864 0.64405206 -0.32034787
1464884888.80536 -17.94252713 -5.90550716 8.76972167 0.00876668 0.69289069 0.64908096 -0.31387824
1464884888.89780 -17.97443679 -5.87275074 8.71850749 0.00822037 0.69312865 0.64759112 -0.31643460
1464884888.98938 -18.01479772 -5.83254239 8.66486413 0.01009883 0.69215708 0.64551833 -0.32268047
1464884889.08528 -18.05979459 -5.79523047 8.60722543 0.00785592 0.69156042 0.63974699 -0.33527043
1464884889.17800 -18.10653467 -5.75576758 8.54402193 0.00523256 0.69086349 0.63298232 -0.34930451
1464884889.26824 -18.15031544 -5.72329566 8.48064827 -0.00070414 0.68547015 0.63675189 -0.35309660
1464884889.36289 -18.19469856 -5.69737937 8.41956020 -0.00887441 0.69008579 0.62976923 -0.35650184
1464884889.45391 -18.23825157 -5.67537321 8.37251633 -0.00859992 0.68201235 0.63515179 -0.36244642
1464884889.54682 -18.28218440 -5.64616286 8.32997015 -0.00519615 0.67545289 0.63879319 -0.36834720
1464884889.64247 -18.32329790 -5.60903889 8.28911966 -0.00124303 0.67027217 0.64135214 -0.37336458
1464884889.73342 -18.36489327 -5.56633114 8.24159364 0.01023319 0.66952337 0.64250206 -0.37259205
1464884889.82544 -18.41467043 -5.52925818 8.18493658 0.01174511 0.67130438 0.63945944 -0.37457191
1464884889.92028 -18.46473175 -5.49862508 8.13170380 0.01726189 0.66828576 0.64155173 -0.37617489
1464884890.01138 -18.51297570 -5.47013191 8.06895485 0.02194192 0.67165947 0.64390631 -0.36575507
1464884890.10655 -18.55952709 -5.45378927 8.01231267 0.00862014 0.67740640 0.63920236 -0.36395961
1464884890.19708 -18.59939021 -5.42995656 7.96251175 0.01323458 0.67542344 0.64546001 -0.35638378
1464884890.29000 -18.64377889 -5.39949861 7.91456586 0.01521493 0.67583147 0.64618072 -0.35421859
1464884890.38295 -18.69340133 -5.36441411 7.86857875 0.01355184 0.67547907 0.64362464 -0.35957154
1464884890.47581 -18.74816093 -5.32782003 7.81923099 0.01067988 0.67784876 0.63620686 -0.36830399
1464884890.57156 -18.80652621 -5.29844035 7.75868621 -0.00688058 0.69754528 0.60650285 -0.38149381
1464884890.66210 -18.85722666 -5.27822334 7.70332202 -0.01519688 0.69635561 0.60053441 -0.39270389
1464884890.75548 -18.90218195 -5.26024818 7.64692112 -0.01885568 0.70374042 0.58693263 -0.39987995
1464884890.89385 -18.95612431 -5.23286738 7.57321394 -0.01143005 0.71243291 0.57774857 -0.39813979
1464884891.03535 -19.01178816 -5.19327101 7.51346220 -0.01302744 0.71583651 0.57568782 -0.39495812
1464884891.12745 -19.05016586 -5.15713434 7.47275280 -0.01327163 0.72022301 0.57735645 -0.38439850
1464884891.21898 -19.08737658 -5.12188898 7.43288768 -0.00884358 0.71932322 0.58500239 -0.37452382
1464884891.31389 -19.12143382 -5.08949802 7.38319936 -0.01501259 0.72465958 0.59183191 -0.35267280
1464884891.40470 -19.14671216 -5.06655067 7.33089237 -0.02269783 0.73407462 0.59806843 -0.32083238
1464884891.54714 -19.17029676 -5.03822202 7.25584768 -0.02892561 0.74173346 0.60672825 -0.28438639
1464884891.63951 -19.18090359 -5.01094633 7.20997751 -0.02468555 0.74314025 0.61459152 -0.26345865
1464884891.77634 -19.20003995 -4.95890897 7.14283043 -0.03716404 0.75113259 0.61611474 -0.23413948
1464884891.86928 -19.21137646 -4.91339033 7.09288200 -0.04290805 0.75425614 0.61833960 -0.21659341
1464884891.96501 -19.22074375 -4.87148276 7.03565292 -0.05498313 0.76133681 0.61337544 -0.20276510
1464884892.05507 -19.22255020 -4.83224127 6.97661952 -0.06086647 0.76090485 0.61954152 -0.18299561
1464884892.14836 -19.21934470 -4.80167207 6.91446130 -0.06236952 0.76771146 0.61644733 -0.16346817
1464884892.28734 -19.20778832 -4.76202917 6.83463640 -0.06649244 0.76976200 0.62081540 -0.13279104
1464884892.42897 -19.19823429 -4.71002734 6.75874582 -0.07234080 0.77720673 0.61586902 -0.10687311
1464884892.51949 -19.18749106 -4.66618164 6.70696966 -0.07088727 0.78182841 0.61344372 -0.08605883
1464884892.61255 -19.17169818 -4.61838666 6.65027079 -0.06173244 0.78094602 0.61821666 -0.06419183
1464884892.70535 -19.15304885 -4.57729706 6.58495367 -0.05954973 0.78836951 0.61128122 -0.03553336
1464884892.79824 -19.13011535 -4.54884273 6.51980108 -0.05743109 0.79274692 0.60678461 -0.00815010
1464884892.93758 -19.09366879 -4.51712262 6.43659537 -0.06083555 0.79427150 0.60391003 0.02691635
1464884893.03329 -19.06143559 -4.48558890 6.38255213 -0.06253256 0.79560717 0.60049568 0.05003846
1464884893.12348 -19.02403405 -4.44423813 6.32895934 -0.06556140 0.80030016 0.59190848 0.06975469
1464884893.21630 -18.98038490 -4.39032357 6.27670063 -0.06630190 0.79580564 0.59530781 0.08891598
1464884893.30920 -18.93622822 -4.34009125 6.21969155 -0.07824416 0.79519617 0.59279189 0.10069100
1464884893.40223 -18.89444360 -4.30284422 6.16310195 -0.07923895 0.78755260 0.60311413 0.09866835
1464884893.49500 -18.84660233 -4.27491833 6.10322100 -0.07624412 0.78578005 0.60282795 0.11547728
1464884893.59089 -18.80060692 -4.25083403 6.04789479 -0.08143997 0.78073877 0.60390792 0.13823791
1464884893.68073 -18.75531264 -4.21655008 5.99323694 -0.08203044 0.78058206 0.60161570 0.14839545
1464884893.77370 -18.70645346 -4.16970516 5.93755004 -0.07887832 0.78296628 0.59512329 0.16300397
1464884893.86672 -18.65618647 -4.11580746 5.87783480 -0.07131970 0.78002501 0.59476830 0.18090095
1464884893.95949 -18.60481603 -4.06819878 5.81306933 -0.06877468 0.77641523 0.59551333 0.19445644
1464884894.05465 -18.55390457 -4.03449134 5.74712069 -0.07009125 0.76922639 0.59587696 0.21979223
1464884894.14532 -18.50411179 -4.01377956 5.68492602 -0.08227452 0.76712345 0.58777845 0.24345226
1464884894.23822 -18.45058527 -3.99116166 5.63431138 -0.08705462 0.75796685 0.58925189 0.26587584
1464884894.33112 -18.38936164 -3.95737330 5.58630468 -0.08708959 0.75717321 0.58136762 0.28480841
1464884894.42397 -18.32418375 -3.91504689 5.54050371 -0.08544575 0.75880131 0.57315426 0.29734457
1464884894.51686 -18.25429667 -3.87351115 5.49326452 -0.08372589 0.75900482 0.56766469 0.30766615
1464884894.60978 -18.18784750 -3.83981532 5.44378118 -0.08624732 0.76102906 0.56442063 0.30793752
1464884894.70265 -18.12272038 -3.81265343 5.39253424 -0.08358516 0.75850164 0.56735086 0.30951863
1464884894.79548 -18.06123448 -3.79212751 5.33959261 -0.07963781 0.75594987 0.57134704 0.30945140
1464884894.89149 -18.00199592 -3.76679560 5.28621083 -0.07932234 0.75453868 0.57233124 0.31115317
1464884894.98317 -17.94094824 -3.72975903 5.23151917 -0.07774384 0.75892544 0.56622970 0.31204487
1464884895.07510 -17.87694114 -3.68310742 5.17569696 -0.07265018 0.76212255 0.56166097 0.31373257
1464884895.16737 -17.81079517 -3.63774587 5.11518982 -0.06226822 0.76536545 0.55944871 0.31201848
1464884895.26313 -17.74594296 -3.60041324 5.05499183 -0.06466796 0.75721522 0.56395206 0.32311181
1464884895.35483 -17.68376205 -3.57195373 4.99353029 -0.06765576 0.75329160 0.56084768 0.33678530
1464884895.44589 -17.62980556 -3.54624082 4.93504622 -0.07584966 0.75098894 0.56115390 0.33965974
1464884895.53879 -17.57137073 -3.51296862 4.88136790 -0.07650327 0.74713697 0.56149239 0.34736133
1464884895.63497 -17.51017269 -3.46687790 4.82881389 -0.07542742 0.74860237 0.56173430 0.34403455
1464884895.72446 -17.44086523 -3.41147022 4.77504483 -0.07178050 0.74616555 0.56506385 0.34465545
1464884895.81736 -17.38363819 -3.36508881 4.71243630 -0.07667812 0.75521997 0.55745025 0.33617329
1464884895.91278 -17.32350911 -3.32492747 4.64313747 -0.08444982 0.75331863 0.56698433 0.32234771
1464884896.00375 -17.26712366 -3.29298958 4.57502247 -0.07981373 0.75020191 0.57476133 0.31697995
1464884896.09622 -17.21597542 -3.26045727 4.50674307 -0.07951478 0.75031948 0.57904592 0.30887521
1464884896.18904 -17.16553820 -3.21567578 4.44042936 -0.07496755 0.75412973 0.57715995 0.30422789
1464884896.28198 -17.11349348 -3.16173655 4.37522732 -0.06920251 0.75996559 0.57382746 0.29729675
1464884896.37709 -17.05435500 -3.10980038 4.31223820 -0.05857039 0.75965305 0.57048215 0.30667062
1464884896.46795 -16.99492884 -3.06861665 4.25086753 -0.05577373 0.75486579 0.56714475 0.32467485
1464884896.56055 -16.93118506 -3.04541520 4.18971405 -0.05180052 0.75437100 0.55079573 0.35336265
1464884896.65359 -16.87024522 -3.03267764 4.13753083 -0.06556057 0.74724163 0.53473308 0.38909163
1464884896.75064 -16.80527256 -3.01277773 4.09641475 -0.07223512 0.73616192 0.52683130 0.41868425
1464884896.84134 -16.73639437 -2.97754747 4.06302403 -0.08706367 0.72118667 0.52072262 0.44850604
1464884896.93242 -16.66238775 -2.93112238 4.02998238 -0.09073725 0.71329747 0.52071315 0.46025133
1464884897.02525 -16.58419735 -2.89065370 3.99050634 -0.09485325 0.71331946 0.51040064 0.47081780
1464884897.11829 -16.51110589 -2.85993277 3.94947806 -0.10571710 0.70155723 0.51888824 0.47686093
1464884897.21154 -16.44840666 -2.83875698 3.90336865 -0.09838452 0.70160366 0.52319510 0.47364511
1464884897.30387 -16.37558774 -2.81773688 3.84793502 -0.09631596 0.70040497 0.53113599 0.46695896
1464884897.39990 -16.30829066 -2.78661852 3.79399411 -0.08854105 0.70354602 0.54191465 0.45112304
1464884897.49055 -16.23779575 -2.74238812 3.73597727 -0.07550035 0.71486017 0.55382575 0.42018052
1464884897.58454 -16.16532032 -2.69721098 3.67276555 -0.06846407 0.72578404 0.56127837 0.39181218
1464884897.67548 -16.09249585 -2.66224356 3.60776164 -0.05822315 0.73654710 0.56358252 0.36943631
1464884897.77384 -16.02220633 -2.63917767 3.54308374 -0.04901664 0.74913136 0.56372645 0.34440103
1464884897.86133 -15.95861731 -2.62768397 3.48309561 -0.04067559 0.75883604 0.56385171 0.32339543
1464884897.95604 -15.90748789 -2.61200711 3.43280608 -0.03274492 0.76732184 0.57280686 0.28642146
1464884898.04742 -15.83240247 -2.58545878 3.38254196 -0.01874992 0.78916119 0.56202129 0.24699218
1464884898.14079 -15.75647560 -2.55435812 3.34113860 -0.01462179 0.80495243 0.54922667 0.22402647
1464884898.23541 -15.67398453 -2.53184298 3.29808298 -0.00766578 0.82469111 0.52838504 0.20158139
1464884898.32581 -15.58949951 -2.52529750 3.25437861 -0.01141592 0.84684194 0.49553653 0.19280027
1464884898.41873 -15.51112151 -2.52881827 3.20789853 0.00618892 0.87032519 0.46338931 0.16663168
1464884898.55804 -15.40053527 -2.53309799 3.15169436 0.01107398 0.88090257 0.44682500 0.15567741
1464884898.69970 -15.29283279 -2.51724964 3.11256461 0.01216588 0.88899532 0.43455096 0.14389154
1464884898.83666 -15.16843344 -2.48441771 3.08802758 0.02648499 0.88527796 0.44688104 0.12601114
1464884898.93193 -15.07694648 -2.46671281 3.06775744 0.03447610 0.88242910 0.45269790 0.12326757
1464884899.06979 -14.94388668 -2.45910212 3.03214121 0.04411781 0.88200229 0.45446463 0.11656534
1464884899.20831 -14.81764208 -2.46013803 3.00101661 0.03990649 0.88270011 0.45059904 0.12731260
1464884899.35023 -14.69637718 -2.43930651 2.97278286 0.03837081 0.88949178 0.44085230 0.11393555
1464884899.48786 -14.56230849 -2.40778884 2.94453591 0.03867918 0.89779875 0.42897859 0.09186239
1464884899.62891 -14.42369971 -2.39580625 2.90529389 0.03622083 0.90877904 0.40717540 0.08376700
1464884899.76609 -14.29032389 -2.39209578 2.85873618 0.02549638 0.91652819 0.39184337 0.07605779
1464884899.95142 -14.12856344 -2.35138292 2.80361130 -0.00971298 0.92518970 0.36907316 0.08783329
1464884900.14019 -13.95111221 -2.28254884 2.74186983 -0.01884177 0.92887631 0.35759328 0.09466168
1464884900.28170 -13.81512049 -2.26508053 2.66551079 -0.02288140 0.94016137 0.32587166 0.09685399
1464884900.50885 -13.60466942 -2.23853561 2.57600892 -0.01742586 0.94675220 0.29857094 0.11921409
1464884900.64823 -13.46461321 -2.19639569 2.54086790 -0.02048471 0.95559892 0.25968666 0.13774584
1464884900.79020 -13.31720628 -2.17052384 2.49357782 -0.02202932 0.95990352 0.23833670 0.14592997
1464884900.92701 -13.18065289 -2.16658456 2.43587764 -0.00694882 0.96631565 0.23074008 0.11377516
1464884901.06634 -13.05436828 -2.14273999 2.39397900 -0.00879815 0.95760385 0.26551997 0.11142981
1464884901.20819 -12.92353950 -2.09128351 2.36341485 -0.01652295 0.95012061 0.29245879 0.10707788
1464884901.39148 -12.73516961 -2.02223964 2.30643761 -0.01633001 0.94288547 0.31904013 0.09441243
1464884901.53091 -12.59430195 -2.01468159 2.23837217 -0.00166297 0.94755471 0.30786609 0.08576584
1464884901.72544 -12.41884841 -1.98979774 2.17574029 -0.00755354 0.94780585 0.30604820 0.08911517
1464884901.90245 -12.22655699 -1.92339912 2.13924253 -0.02047621 0.94769876 0.30389743 0.09536315
1464884902.04179 -12.07810435 -1.89285725 2.10040272 -0.03213738 0.94354336 0.31805601 0.08679567
1464884902.18508 -11.93939385 -1.88782332 2.04623795 -0.01968032 0.94423704 0.32336392 0.05886313
1464884902.36741 -11.76107444 -1.84712521 1.98909034 -0.02480493 0.94368763 0.32558060 0.05325082
1464884902.50622 -11.61445001 -1.78915926 1.95018676 -0.02062625 0.94208193 0.33106475 0.04952101
1464884902.64760 -11.46993599 -1.75156855 1.88872902 -0.02927591 0.93969025 0.33917099 0.03298792
1464884902.78504 -11.33256729 -1.73947820 1.81107509 -0.01433196 0.94223531 0.33386259 0.02286872
1464884902.97318 -11.16166850 -1.67455828 1.73192782 -0.03749109 0.93961454 0.33977798 0.01642739
1464884903.11036 -11.02753303 -1.61179418 1.67631895 -0.04595291 0.94236908 0.33131445 0.00771830
1464884903.24966 -10.89652711 -1.56742691 1.60362090 -0.06589790 0.93667158 0.34352368 -0.01718428
1464884903.34233 -10.81748506 -1.54987468 1.54788135 -0.05259251 0.93810456 0.33881261 -0.04898859
1464884903.48172 -10.70882343 -1.50578217 1.47243630 -0.06892179 0.93205731 0.35000754 -0.06335361
1464884903.62101 -10.59424285 -1.43292914 1.40540323 -0.07169661 0.92967112 0.35409536 -0.07202552
1464884903.76040 -10.47514711 -1.35981253 1.31599774 -0.06913645 0.92885693 0.35381564 -0.08520238
1464884903.89978 -10.35941621 -1.31749255 1.20578723 -0.06510997 0.92808700 0.35698536 -0.08352644
1464884904.04142 -10.25263475 -1.27706936 1.10572460 -0.06774689 0.92808732 0.35864288 -0.07375337
1464884904.17851 -10.14766781 -1.20738581 1.02369578 -0.07953149 0.92962654 0.35132835 -0.07770223
1464884904.32086 -10.02723192 -1.12476526 0.93751640 -0.08868157 0.93076291 0.34654312 -0.07565620
1464884904.45715 -9.90943970 -1.06705743 0.83434265 -0.10516817 0.92509482 0.35196602 -0.09622448
1464884904.59641 -9.79952497 -1.02609513 0.72835881 -0.09916006 0.92605592 0.34870699 -0.10483870
1464884904.78235 -9.65947933 -0.93194039 0.60955525 -0.10244442 0.92674673 0.34761967 -0.09902632
1464884904.92157 -9.54035147 -0.84877925 0.50769350 -0.10421034 0.93049521 0.33505794 -0.10514297
1464884905.06102 -9.42358950 -0.79968938 0.38924981 -0.10383961 0.93357002 0.32919193 -0.09642109
1464884905.20186 -9.31260485 -0.76475076 0.28224277 -0.10256068 0.93720902 0.32369349 -0.07964347
1464884905.38616 -9.17491774 -0.67439800 0.17056344 -0.11361142 0.94021689 0.31312465 -0.07097599
1464884905.57192 -9.00117520 -0.57776406 0.05127391 -0.12011515 0.94183936 0.30763017 -0.06224672
1464884905.75759 -8.84634628 -0.52750390 -0.07772527 -0.11700287 0.93957057 0.31385973 -0.07077817
1464884905.94346 -8.69686054 -0.44668553 -0.18764090 -0.11596929 0.94061790 0.31224122 -0.06553252
1464884906.12956 -8.53512858 -0.34510206 -0.30774117 -0.10492501 0.94245336 0.31039059 -0.06655885
1464884906.26858 -8.40832152 -0.30438308 -0.41596855 -0.09594854 0.94349899 0.31242982 -0.05469138
1464884906.40803 -8.28527134 -0.26998784 -0.50802773 -0.09683814 0.94600594 0.30804742 -0.02831816
1464884906.59381 -8.11510339 -0.17322703 -0.60387088 -0.10184346 0.94868797 0.29901689 -0.01442006
1464884906.77984 -7.93280082 -0.09172285 -0.71331886 -0.11600550 0.94682590 0.30004482 -0.00604491
1464884906.91900 -7.80618345 -0.05973628 -0.80368122 -0.09994239 0.94928031 0.29662238 -0.02989285
1464884907.10477 -7.63767943 0.02038909 -0.89757505 -0.10042181 0.94400580 0.31342681 -0.02306839
1464884907.29426 -7.45077343 0.13150709 -0.99373160 -0.09608590 0.94243661 0.31892840 -0.02941787
1464884907.43316 -7.30773985 0.16725574 -1.09234183 -0.07732907 0.94989176 0.30276639 -0.00764001
1464884907.56931 -7.17127931 0.20310288 -1.17143271 -0.08816132 0.94583972 0.31175809 0.02053532
1464884907.75769 -6.98855646 0.29554331 -1.24764775 -0.09069610 0.94328655 0.31869120 0.02050909
1464884907.89450 -6.84083945 0.36185101 -1.31063289 -0.10017657 0.94173792 0.31926279 0.03414114
1464884908.03644 -6.70312701 0.38946149 -1.38854064 -0.07543011 0.94283036 0.32425093 0.01557387
1464884908.17339 -6.57792912 0.42555038 -1.45329288 -0.06819092 0.93551331 0.34659953 0.00579729
1464884908.31242 -6.44419893 0.48683299 -1.51030765 -0.05169661 0.94078816 0.33495760 0.00696401
1464884908.45175 -6.28489110 0.55233990 -1.57275456 -0.04295386 0.94104374 0.33553516 -0.00279434
1464884908.59117 -6.15117263 0.58249885 -1.63697502 -0.03200591 0.93550389 0.35184724 0.00340716
1464884908.73043 -6.00258403 0.59968854 -1.69297422 -0.03160289 0.92999595 0.36449262 0.03541070
1464884908.86976 -5.84803730 0.64316728 -1.73489217 -0.05063359 0.93347410 0.35101774 0.05337490
1464884909.00932 -5.68651435 0.68752868 -1.77797646 -0.04775064 0.94061528 0.33174048 0.05395394
1464884909.14858 -5.50834566 0.71982166 -1.82077249 -0.05025260 0.93224081 0.35244364 0.06469335
1464884909.28787 -5.37608376 0.73006120 -1.86624400 -0.05831797 0.92984535 0.35457890 0.07912294
1464884909.42725 -5.22666128 0.76091063 -1.90163368 -0.06104966 0.93225730 0.34237131 0.09975544
1464884909.56748 -5.06069160 0.80898108 -1.92959899 -0.04360586 0.93153899 0.34078794 0.11915208
1464884909.70602 -4.89357050 0.83997081 -1.96420355 -0.03870444 0.92788370 0.33949751 0.14924896
1464884909.80008 -4.78153796 0.84494106 -1.97885038 -0.03516571 0.92033807 0.33921599 0.19150385
1464884909.93818 -4.61508869 0.84968593 -1.98357143 -0.05157628 0.90910240 0.33013439 0.24876497
1464884910.07758 -4.45179647 0.87709868 -1.98158919 -0.04798742 0.90584786 0.31767794 0.27607533
1464884910.21715 -4.27735600 0.89928291 -1.97679389 -0.03996165 0.90292211 0.30466069 0.30052719
1464884910.35644 -4.11693976 0.90449509 -1.97154070 -0.03605457 0.88877091 0.32323156 0.32296704
1464884910.49568 -3.96023419 0.90160356 -1.96233181 -0.04397319 0.87230113 0.32434926 0.36325563
1464884910.63495 -3.81447942 0.91317958 -1.94478288 -0.04168602 0.86048914 0.31326216 0.39960923
1464884910.77435 -3.65245621 0.92769918 -1.92905013 -0.01742017 0.85307201 0.31272704 0.41733258
1464884910.91668 -3.48003438 0.92334012 -1.90184473 -0.01076221 0.83168753 0.32314400 0.45139560
1464884911.00897 -3.38408209 0.90215423 -1.88298532 -0.01495853 0.81167838 0.30548475 0.49762789
1464884911.14588 -3.24125182 0.87787716 -1.83594497 -0.02702859 0.78443940 0.28862246 0.54828948
1464884911.33170 -3.04362944 0.87388992 -1.75155041 -0.02334130 0.75974803 0.26317673 0.59411794
1464884911.51751 -2.84483779 0.84202605 -1.67749410 -0.01878639 0.73796436 0.26115034 0.62197763
1464884911.61151 -2.75361590 0.81727581 -1.63998330 -0.01692392 0.71498990 0.25833807 0.64943396
1464884911.74971 -2.62170002 0.78541633 -1.58241538 -0.01485737 0.68530384 0.24226135 0.68662024
1464884911.84249 -2.53270936 0.77837069 -1.53773770 -0.00238046 0.66626503 0.23522716 0.70763933
1464884911.98198 -2.38751075 0.77391068 -1.46829947 0.00003143 0.64114236 0.23555151 0.73037795
1464884912.12135 -2.25344586 0.74116302 -1.41183922 -0.01020501 0.60648412 0.21454684 0.76553414
1464884912.26067 -2.13518313 0.69450023 -1.36146092 -0.01723515 0.56914056 0.18282570 0.80147161
1464884912.39997 -2.01229109 0.66946848 -1.29959391 -0.01403810 0.54812349 0.17290319 0.81821028
1464884912.53930 -1.87667353 0.65006506 -1.22419164 -0.00324865 0.53718017 0.15634240 0.82884496
1464884912.67867 -1.74910806 0.61201773 -1.15575449 -0.00551374 0.52915307 0.13755010 0.83728525
1464884912.82090 -1.64057861 0.56436986 -1.09431496 -0.00804252 0.49946650 0.12453182 0.85729829
1464884912.95736 -1.53480685 0.52589599 -1.02598949 -0.00278057 0.47305990 0.10923358 0.87422802
1464884913.09677 -1.42292611 0.50444461 -0.94407334 0.00723028 0.44610920 0.09611455 0.88977317
1464884913.18974 -1.34670043 0.48815756 -0.88770158 0.01278249 0.42488033 0.08527431 0.90113351
1464884913.28256 -1.28251341 0.46323070 -0.83643574 0.00647946 0.38227078 0.08123817 0.92044958
1464884913.37547 -1.22644407 0.42736609 -0.79245621 0.00489593 0.34782991 0.05618290 0.93585996
1464884913.46838 -1.17430743 0.39822694 -0.75033582 -0.00259652 0.32438014 0.05283803 0.94444636
1464884913.60770 -1.09226175 0.36778945 -0.66642527 -0.00118534 0.29148599 0.04467575 0.95553053
1464884913.70054 -1.02815928 0.35142134 -0.59989514 0.00438988 0.27940813 0.03391566 0.95956321
1464884913.79352 -0.96118678 0.32604725 -0.53476769 0.01578979 0.27349027 0.02207965 0.96149168
1464884913.88678 -0.90097945 0.29643400 -0.47916806 0.00536118 0.25856259 0.01164550 0.96590943
1464884913.97932 -0.84927770 0.26030695 -0.42902000 0.00642351 0.24217191 0.00517162 0.97019831
1464884914.07224 -0.80979205 0.22807242 -0.38016201 -0.01202680 0.20421854 -0.00897421 0.97881030
1464884914.16543 -0.77046218 0.20038332 -0.32944139 -0.01506139 0.16747655 -0.01660046 0.98562122
1464884914.26098 -0.72226202 0.17755454 -0.27581537 -0.00487806 0.14363778 -0.01960543 0.98942409
1464884914.35090 -0.66673581 0.15810221 -0.22106635 -0.00009892 0.12865074 -0.02149739 0.99145693
1464884914.44431 -0.61451349 0.13513565 -0.17106358 0.00352695 0.10956368 -0.03010276 0.99351758
1464884914.53755 -0.57069847 0.10565283 -0.12970794 -0.00013100 0.07546256 -0.05529490 0.99561431
1464884914.67608 -0.50828164 0.06763534 -0.08037362 -0.01053982 0.03826671 -0.07651590 0.99627802
1464884914.81531 -0.44224804 0.04776072 -0.02572936 -0.02767464 0.01834639 -0.07539301 0.99660093
1464884914.90836 -0.39587963 0.04245365 0.02356328 -0.03064116 0.00899973 -0.07981271 0.99629818
1464884915.00131 -0.35020631 0.04185269 0.07656476 -0.03512845 -0.00541957 -0.09791060 0.99456027
1464884915.09418 -0.30312359 0.04126788 0.12380580 -0.03042841 -0.01076507 -0.11176910 0.99320989
1464884915.18969 -0.26219881 0.03724480 0.16672802 -0.02838673 -0.02639524 -0.11598547 0.99249426
1464884915.27975 -0.22832603 0.03159673 0.20438981 -0.02832010 -0.04409875 -0.12325670 0.99098994
1464884915.37301 -0.20064706 0.03065966 0.23592475 -0.02944469 -0.06275096 -0.12487288 0.98974850
1464884915.51234 -0.16564991 0.03226216 0.26354242 -0.05424790 -0.10888906 -0.14722681 0.98159289
1464884915.60523 -0.13680104 0.02637890 0.26908926 -0.05410598 -0.13438234 -0.15922071 0.97655655
1464884915.69795 -0.10124237 0.01647268 0.26914513 -0.04709935 -0.15645930 -0.17270363 0.97132672
1464884915.79090 -0.05944649 0.00540455 0.26030135 -0.03136389 -0.17308128 -0.18147011 0.96753696
1464884915.88578 -0.01797542 -0.00124366 0.24625051 -0.02212626 -0.19321851 -0.19216135 0.96189971
1464884916.02599 0.04239812 -0.00785974 0.21720007 -0.00796063 -0.20860343 -0.20263026 0.95674564
1464884916.16245 0.09502871 -0.00081240 0.18030476 -0.00240022 -0.22102958 -0.20803902 0.95281684
1464884916.30358 0.14928210 0.01075443 0.13589075 0.01462242 -0.21657281 -0.20792389 0.95375576
1464884916.44139 0.20525349 0.03458538 0.08415638 0.02468273 -0.19988481 -0.19787768 0.95931290
1464884916.58304 0.25503714 0.06641166 0.02183207 0.02950623 -0.17672168 -0.19091306 0.96511711
1464884916.72560 0.29565269 0.10327824 -0.03987081 0.02432424 -0.16148864 -0.18506752 0.96906128
1464884916.85977 0.33235784 0.13926732 -0.10016695 0.02305968 -0.15094804 -0.18897221 0.97003734
1464884916.99856 0.35852902 0.17839702 -0.16241042 0.01533889 -0.16333969 -0.19012208 0.96795581
1464884917.13792 0.37051966 0.21662686 -0.22457736 0.00627704 -0.17397481 -0.18574481 0.96705337
1464884917.32421 0.35731194 0.26038989 -0.29383641 -0.00266658 -0.16575795 -0.17772619 0.97001577
1464884917.51165 0.29434194 0.29462863 -0.34877251 -0.00761688 -0.16295398 -0.17442443 0.97106339
1464884917.64887 0.21760838 0.31371227 -0.37688872 -0.00887711 -0.15373776 -0.16473235 0.97424286
1464884917.78820 0.12803134 0.31237607 -0.40305550 -0.01265327 -0.14934995 -0.14649592 0.97779008
1464884917.92755 0.03742954 0.29714262 -0.41720785 -0.02631739 -0.14318790 -0.11698463 0.98240481
1464884918.06686 -0.04617597 0.27395200 -0.40698993 -0.04161317 -0.12001463 -0.09340315 0.98749212
1464884918.20671 -0.13325636 0.24290930 -0.37731871 -0.05241242 -0.11775990 -0.08191037 0.98826931
1464884918.34569 -0.22219446 0.19808306 -0.33812318 -0.06568986 -0.11759373 -0.05701461 0.98924511
1464884918.48496 -0.30262948 0.13590528 -0.29917918 -0.05717250 -0.11564773 -0.04018194 0.99082911
1464884918.62429 -0.36947701 0.06953501 -0.25666684 -0.05075620 -0.12106043 -0.03300749 0.99079700
1464884918.76392 -0.41898868 0.00237149 -0.21109670 -0.04646994 -0.12951204 -0.03362954 0.98991728
1464884918.90554 -0.44854521 -0.05977707 -0.15822303 -0.03490468 -0.14274378 -0.02828283 0.98873958
1464884919.04341 -0.46033125 -0.10579836 -0.09079804 -0.03406960 -0.13364764 -0.02392777 0.99015404
1464884919.18170 -0.45855240 -0.14239412 -0.01097900 -0.03490598 -0.11989659 -0.02333038 0.99189822
1464884919.32174 -0.43800273 -0.16995871 0.06738652 -0.04808677 -0.09751420 0.00185847 0.99407001
1464884919.46057 -0.40046539 -0.19363968 0.13876248 -0.04313420 -0.06422479 0.01677572 0.99686167
1464884919.64695 -0.34364454 -0.21454634 0.21273305 -0.04796064 -0.04407203 0.02604074 0.99753662
1464884919.83210 -0.27599785 -0.21349467 0.26868134 -0.04086346 -0.04375272 0.02683987 0.99784543
1464884919.97150 -0.21355976 -0.19970487 0.29881121 -0.04471013 -0.04114133 0.02771450 0.99776766
1464884920.11079 -0.14801242 -0.17484212 0.32362707 -0.04683462 -0.03376442 0.02816938 0.99793435
1464884920.24998 -0.09256704 -0.14192024 0.34206092 -0.05942203 -0.02215486 0.01294541 0.99790310
1464884920.38926 -0.05486034 -0.10662503 0.35214063 -0.06324532 -0.00875142 -0.00364372 0.99795299
1464884920.53272 -0.03373050 -0.06820144 0.34960505 -0.06646832 0.00399489 -0.01019418 0.99772846
1464884920.71445 -0.04006623 -0.02611024 0.33017908 -0.07969864 0.00179653 -0.03036770 0.99635471
1464884920.85373 -0.07238614 -0.01032474 0.30358627 -0.09240869 -0.01651272 -0.03625365 0.99492394
1464884920.94890 -0.10425648 -0.01080138 0.28211877 -0.08774323 -0.02966313 -0.04340163 0.99475501
1464884921.08921 -0.15454927 -0.02150325 0.25058821 -0.07048826 -0.03320435 -0.04444182 0.99596878
1464884921.22933 -0.20476804 -0.04090684 0.21663276 -0.04646982 -0.04184113 -0.04084618 0.99720683
1464884921.36641 -0.24617443 -0.07185387 0.17939031 -0.02189433 -0.04108009 -0.02870194 0.99850351
1464884921.50422 -0.27837893 -0.11149922 0.14591750 0.01339452 -0.04197644 -0.01744953 0.99887641
1464884921.78285 -0.30716825 -0.16604398 0.10350130 0.01768029 -0.05358683 -0.00406086 0.99839840
1464884922.01512 -0.28557403 -0.21811162 0.10689216 0.03857354 -0.05069851 -0.00671340 0.99794623
1464884922.15764 -0.24606636 -0.24489274 0.12598273 0.04472254 -0.03013571 0.00859890 0.99850778
1464884922.29378 -0.19803032 -0.26709804 0.15147578 0.06060889 -0.00249736 0.02700257 0.99779316
1464884922.47978 -0.14309977 -0.27546588 0.19716030 0.06576231 0.01955665 0.04337454 0.99670031
1464884922.66536 -0.09057322 -0.25620687 0.24918008 0.05834890 0.05161715 0.04122042 0.99610840
1464884922.80465 -0.05830326 -0.23029313 0.28555888 0.04927480 0.06683110 0.03400615 0.99596646
1464884922.94400 -0.03356139 -0.19705542 0.31187674 0.02479159 0.07789245 0.01749023 0.99649999
1464884923.12989 -0.01611603 -0.15006417 0.33129180 0.00186162 0.07768841 0.00364447 0.99696929
1464884923.26950 -0.02027989 -0.11138961 0.33177416 -0.01650111 0.06293139 -0.00747404 0.99785344
1464884923.41165 -0.03629624 -0.06998288 0.32274179 -0.04394605 0.05207708 -0.01501127 0.99756272
1464884923.50150 -0.05290648 -0.04315521 0.31191246 -0.05857476 0.04229226 -0.02044646 0.99717717
1464884923.59443 -0.07503152 -0.01848184 0.29830459 -0.07712836 0.02893444 -0.02462992 0.99629683
1464884923.68730 -0.10016234 0.00471889 0.27938469 -0.09185280 0.01997737 -0.02893877 0.99515150
1464884923.82658 -0.14686514 0.02381757 0.24505862 -0.09499261 -0.00953798 -0.04160708 0.99456236
1464884923.91952 -0.17969236 0.03135197 0.21915187 -0.09577688 -0.02851088 -0.04257131 0.99408330
1464884924.05890 -0.22321726 0.03169589 0.18309352 -0.08814608 -0.04138899 -0.02823344 0.99484677
1464884924.24460 -0.26709271 0.00947361 0.15425132 -0.07110924 -0.05164786 -0.01096279 0.99607017
1464884924.47941 -0.27686302 -0.03679221 0.17943173 -0.05273451 -0.04117484 0.01252420 0.99768073
1464884924.66282 -0.24829264 -0.06299875 0.24498672 -0.06134465 -0.03809946 0.01468617 0.99728109
1464884924.80198 -0.21903977 -0.07951494 0.30679090 -0.06752488 -0.03525448 0.00940867 0.99705014
1464884924.94150 -0.19374637 -0.09024458 0.36764792 -0.07940479 -0.03147885 0.00935198 0.99630141
1464884925.40928 -0.16083322 -0.10276629 0.41400391 -0.05754136 -0.02322956 0.00312559 0.99806794
1464884925.54528 -0.16964931 -0.09183131 0.34815273 -0.04919101 -0.01392113 0.00569327 0.99867614
1464884925.64116 -0.17860379 -0.07836837 0.28610887 -0.04401146 -0.01168594 0.00675845 0.99893981
1464884925.73245 -0.19038490 -0.06176027 0.21467277 -0.03936113 -0.00590233 0.00602303 0.99918947
1464884925.82381 -0.20483084 -0.04409861 0.13983863 -0.04146513 -0.00208808 0.01681201 0.99899632
1464884925.91688 -0.22447102 -0.02827631 0.06380065 -0.04235486 -0.01331236 0.01384522 0.99891799
1464884926.00978 -0.24523765 -0.01318788 -0.01032794 -0.05233915 -0.02215034 -0.00340357 0.99837788
1464884926.14914 -0.27095282 -0.00007068 -0.11130522 -0.04419601 -0.04130229 -0.02241451 0.99791704
1464884926.28847 -0.28102201 0.01482570 -0.19173351 -0.05141443 -0.06324765 -0.02415896 0.99637977
1464884926.80143 -0.22862492 0.04078760 -0.20796806 -0.02624341 -0.07131194 -0.01432385 0.99700588
1464884926.98599 -0.21125168 0.02884841 -0.09113900 -0.03101274 -0.05841343 -0.00283522 0.99780662
1464884927.12460 -0.20025829 0.00814318 0.01840848 -0.03669841 -0.04489025 -0.00536007 0.99830324
1464884927.26786 -0.18868899 -0.01458871 0.13016044 -0.05577907 -0.02674933 -0.01237205 0.99800807
1464884927.35681 -0.18107611 -0.03152667 0.20113769 -0.05531233 -0.00900299 -0.01620017 0.99829707
1464884927.44971 -0.17550103 -0.05022196 0.26632102 -0.05921681 0.00418303 -0.01457695 0.99812994
1464884927.54450 -0.17232916 -0.07126440 0.32606705 -0.05641810 0.01096078 -0.01252725 0.99826846
1464884927.63545 -0.16755394 -0.08594993 0.37822692 -0.05284021 0.02262255 -0.01346402 0.99825591
1464884927.73354 -0.16753698 -0.08564421 0.42256818 -0.07517692 0.01666485 -0.00793674 0.99699936
1464884928.10009 -0.16830071 -0.06901070 0.45652946 -0.09675681 0.01095720 -0.02182432 0.99500842
1464884928.19581 -0.15201641 -0.06920311 0.42665189 -0.10015484 0.03919700 -0.01772982 0.99404138
1464884928.28583 -0.13083243 -0.07831998 0.38688655 -0.08602633 0.06386757 0.00522275 0.99422992
1464884928.43153 -0.10783586 -0.10340332 0.32276252 -0.05612554 0.05462212 0.02261411 0.99667194
1464884928.51804 -0.10185338 -0.11687591 0.28337807 -0.03248283 0.01912705 0.02560948 0.99896105
1464884928.66115 -0.07704154 -0.11065749 0.22847867 -0.03310930 0.02852875 0.01393917 0.99894724
1464884928.79677 -0.04731405 -0.08216340 0.17886592 -0.05809235 0.01495610 0.01784687 0.99803962
1464884928.93609 -0.02147267 -0.05507986 0.12563034 -0.05499191 0.02591947 0.01095539 0.99809020
1464884929.26132 -0.00000013 -0.00000012 0.00000248 -0.00000122 -0.00000017 0.00000131 1.00000000
