1461244436.01943 -0.04602517 -0.14772553 0.32144455 0.17367437 -0.92942025 -0.32280311 0.04258349
1461244436.18229 0.01460747 -0.10802761 0.29382476 0.16372326 -0.93108838 -0.32490470 0.02657165
1461244436.33958 0.07931448 -0.07106951 0.26281019 0.15458271 -0.93020540 -0.33258402 0.01448999
1461244436.49959 0.14820998 -0.04821671 0.22988181 0.14654667 -0.93403609 -0.32560490 -0.00906084
1461244436.65954 0.21249165 -0.01955849 0.20020711 0.15142919 -0.92632054 -0.34340136 -0.03278668
1461244436.81955 0.27610887 0.01604116 0.17477458 0.15093591 -0.92518606 -0.34652718 -0.03417633
1461244437.09969 0.39193349 0.06828713 0.12875063 0.13423874 -0.92881445 -0.34424396 -0.02792451
1461244437.25976 0.45110308 0.08225896 0.09134454 0.12927127 -0.92785340 -0.34890501 -0.02534354
1461244437.41982 0.49516166 0.09533526 0.04865972 0.14598916 -0.92632324 -0.34634835 -0.02559783
1461244437.57994 0.51828269 0.11028401 0.00468988 0.15200075 -0.92916986 -0.33670572 -0.01297711
1461244438.02017 0.50432150 0.09665128 -0.10014252 0.12156850 -0.94797592 -0.29309404 0.02566380
1461244438.22002 0.46330169 0.08032388 -0.13649299 0.09781611 -0.94956877 -0.29345813 0.05131753
1461244438.38621 0.41038112 0.07211969 -0.15714399 0.10561131 -0.94352425 -0.30391759 0.07900844
1461244438.50123 0.35819699 0.06808992 -0.16798728 0.10608705 -0.94144760 -0.30223432 0.10524439
1461244438.62036 0.29878819 0.06036441 -0.17462403 0.11529250 -0.93762931 -0.29595186 0.14132024
1461244438.74018 0.23544748 0.04925830 -0.17869371 0.13377675 -0.92862328 -0.29560510 0.17994500
1461244438.86050 0.16356487 0.04428440 -0.18325203 0.11857043 -0.91968887 -0.30529256 0.21658690
1461244439.10028 0.00868415 0.04169617 -0.18049707 0.09781224 -0.90590122 -0.31782129 0.26223152
1461244439.22032 -0.06910896 0.03842708 -0.17069772 0.09775779 -0.90200657 -0.31947703 0.27342640
1461244439.34069 -0.14396300 0.02929825 -0.15632508 0.09713087 -0.89435860 -0.30809613 0.30945931
1461244439.46043 -0.20953523 0.02459415 -0.14897065 0.11993637 -0.88028423 -0.32999419 0.31909056
1461244439.74050 -0.37071877 0.02132115 -0.15297666 0.12901619 -0.85333187 -0.35181955 0.36249490
1461244439.86229 -0.44410772 0.01544973 -0.16833936 0.14312210 -0.85088079 -0.33067119 0.38232775
1461244439.98224 -0.51412339 0.00653652 -0.18806998 0.16063268 -0.83927910 -0.31169524 0.41551632
1461244440.10237 -0.57745136 -0.00043912 -0.20759059 0.14740010 -0.82899815 -0.31528240 0.43775825
1461244440.22149 -0.63759346 -0.00358348 -0.22791364 0.13519205 -0.82371658 -0.31553384 0.45127874
1461244440.34136 -0.70036525 -0.00322872 -0.24704836 0.13476465 -0.81992352 -0.30124492 0.46777710
1461244440.46148 -0.76689432 0.00312808 -0.28294724 0.13729694 -0.82140226 -0.29120132 0.47079685
1461244440.58315 -0.81894710 -0.00265052 -0.30383933 0.14132490 -0.81419919 -0.29860205 0.47743457
1461244440.70073 -0.86681980 -0.00984503 -0.34279075 0.14149365 -0.82072714 -0.29329509 0.46942997
1461244440.82086 -0.91166465 -0.01361902 -0.38447090 0.13840428 -0.82819647 -0.29256800 0.45753560
1461244440.94090 -0.96310798 -0.01000827 -0.43238098 0.14168145 -0.83218131 -0.28937434 0.45129051
1461244441.06086 -1.00981825 -0.00355598 -0.46876823 0.14686266 -0.83937003 -0.27328893 0.44632105
1461244441.22090 -1.07001831 -0.00031632 -0.52891458 0.17466566 -0.83178072 -0.26849774 0.45336707
1461244441.38300 -1.12516198 -0.00007649 -0.59000268 0.16011557 -0.83537436 -0.26012940 0.45699603
1461244441.54101 -1.17437075 0.00404286 -0.64666113 0.15720542 -0.84242853 -0.26131788 0.44419995
1461244441.66204 -1.21556580 0.01221531 -0.68747103 0.16792543 -0.84380964 -0.26342854 0.43633902
1461244441.82167 -1.27762477 0.03227019 -0.73978413 0.17793988 -0.84269611 -0.28029564 0.42383371
1461244441.98305 -1.34429200 0.05140330 -0.79906108 0.18393234 -0.84972820 -0.26295619 0.41831199
1461244442.14120 -1.38352930 0.04481012 -0.83564759 0.18631925 -0.83524672 -0.27404472 0.43880239
1461244442.30121 -1.43929873 0.04216556 -0.87841070 0.17664920 -0.83803555 -0.24336687 0.45526261
1461244442.42131 -1.47601927 0.04582934 -0.91603794 0.18950004 -0.82854508 -0.21973045 0.47887505
1461244442.54121 -1.52338292 0.04762969 -0.93904387 0.19955700 -0.81294010 -0.19846634 0.50982008
1461244442.66138 -1.56873819 0.04621700 -0.97276408 0.21229036 -0.78952325 -0.20840541 0.53679887
1461244442.78335 -1.61986185 0.04593362 -0.99197143 0.19228792 -0.77131527 -0.20528046 0.57092735
1461244442.86135 -1.65592507 0.04604923 -1.00318733 0.18888869 -0.75132068 -0.20602428 0.59782296
1461244442.98349 -1.71191116 0.04131490 -1.01229595 0.19078830 -0.72230138 -0.19324910 0.63603091
1461244443.06152 -1.74112282 0.03773005 -1.01620474 0.19015307 -0.70168991 -0.17597327 0.66370663
1461244443.18399 -1.78691320 0.02441555 -1.02143423 0.19077266 -0.66759996 -0.15251828 0.70331661
1461244443.26159 -1.81731312 0.01599652 -1.02481129 0.18726416 -0.64700902 -0.14646993 0.72447086
1461244443.42161 -1.87418824 0.00261679 -1.03250938 0.15599179 -0.62793258 -0.14663659 0.74824123
1461244443.50164 -1.90881074 -0.00409703 -1.03386689 0.15566729 -0.61266960 -0.14490606 0.76118716
1461244443.66169 -1.97849383 -0.02022703 -1.03613827 0.15276387 -0.58592910 -0.11522228 0.78744785
1461244443.86169 -2.06200782 -0.04626420 -1.03727872 0.13455396 -0.55468949 -0.09754864 0.81529078
1461244444.02421 -2.14006701 -0.06788090 -1.03579093 0.12666229 -0.53643696 -0.11755479 0.82605867
1461244444.18473 -2.21728789 -0.08864566 -1.02898329 0.13874222 -0.53728067 -0.09677323 0.82626571
1461244444.34185 -2.29440601 -0.11500599 -1.02532463 0.15280756 -0.54356212 -0.09554665 0.81979321
1461244444.50189 -2.36771011 -0.14541736 -1.02447810 0.14697424 -0.55020838 -0.11546839 0.81384050
1461244444.66192 -2.44275300 -0.17416764 -1.01737661 0.14730926 -0.55399749 -0.11587754 0.81114682
1461244444.82213 -2.52514846 -0.20221144 -1.00002123 0.15403871 -0.54182210 -0.10290914 0.81982351
1461244444.98401 -2.59662969 -0.23509692 -0.98570014 0.15796057 -0.51837055 -0.12302244 0.83138794
1461244445.18447 -2.69314233 -0.28843668 -0.97164580 0.15981683 -0.50642616 -0.11637794 0.83931359
1461244445.34214 -2.77099853 -0.32352666 -0.95477660 0.17536092 -0.50706236 -0.08654549 0.83943207
1461244445.54512 -2.86612087 -0.36345252 -0.93795491 0.17776682 -0.52188397 -0.07626799 0.83079436
1461244445.70256 -2.94425424 -0.39880525 -0.92945521 0.15959884 -0.53485741 -0.09487625 0.82429016
1461244445.90225 -3.04529831 -0.43672197 -0.91513561 0.17047561 -0.54971072 -0.09103952 0.81269182
1461244446.10236 -3.14340122 -0.47332112 -0.89638934 0.17975574 -0.54200860 -0.11728536 0.81250150
1461244446.26435 -3.21489315 -0.50843767 -0.88650875 0.16957513 -0.55341056 -0.12527859 0.80578304
1461244446.42230 -3.28108048 -0.54057105 -0.87828601 0.17636599 -0.58109686 -0.11485770 0.78614832
1461244446.54249 -3.33291664 -0.55972095 -0.87203062 0.18286661 -0.60730429 -0.11361536 0.76474365
1461244446.66256 -3.37835411 -0.58226083 -0.86968868 0.19805954 -0.62786551 -0.11683901 0.74357647
1461244446.78426 -3.41750794 -0.59824563 -0.87185841 0.19050330 -0.65847821 -0.14252504 0.71400389
1461244446.94268 -3.47211150 -0.62104056 -0.87264908 0.19241674 -0.68647947 -0.16663263 0.68114264
1461244447.06264 -3.51145551 -0.63358590 -0.87188499 0.19456116 -0.71402256 -0.17369006 0.64973033
1461244447.18271 -3.55098571 -0.64407133 -0.86829412 0.20556587 -0.72853026 -0.19341766 0.62416019
1461244447.30280 -3.58765506 -0.65391271 -0.86487382 0.19955065 -0.74998388 -0.20395248 0.59674710
1461244447.42275 -3.61976965 -0.66587406 -0.86543601 0.20038169 -0.76866999 -0.22069650 0.56593876
1461244447.54280 -3.64959793 -0.67540327 -0.86397531 0.19165173 -0.78687530 -0.24136442 0.53464015
1461244447.66279 -3.67934978 -0.68483512 -0.86152408 0.19252363 -0.80242825 -0.24996938 0.50651641
1461244447.78283 -3.70908570 -0.69162198 -0.85927660 0.20273090 -0.81967496 -0.26699222 0.46448713
1461244447.90289 -3.73551050 -0.69996806 -0.85842386 0.20134997 -0.84015092 -0.28282016 0.41667419
1461244448.02290 -3.75738353 -0.70639268 -0.85816863 0.19948925 -0.85147193 -0.31788479 0.36626336
1461244448.14308 -3.77765138 -0.71328551 -0.86118364 0.19309199 -0.86309161 -0.33657542 0.32327285
1461244448.26301 -3.79777215 -0.71770623 -0.86913464 0.19292204 -0.87738010 -0.34206997 0.27563270
1461244448.38518 -3.82161699 -0.71731061 -0.87834249 0.19692298 -0.88516821 -0.34709434 0.23921560
1461244448.54308 -3.85481801 -0.71252544 -0.89545916 0.20274811 -0.89183272 -0.34704353 0.20757744
1461244448.70317 -3.88877637 -0.71016258 -0.91891091 0.20236908 -0.89186898 -0.36355631 0.17732254
1461244448.86329 -3.92163695 -0.70505056 -0.94515251 0.19489016 -0.89419966 -0.36935874 0.16124178
1461244448.98621 -3.94781544 -0.69994962 -0.96921415 0.20008686 -0.89659910 -0.36621142 0.14820424
1461244449.10325 -3.97245076 -0.69314449 -0.99627843 0.20338493 -0.90101900 -0.36240676 0.12434095
1461244449.22330 -3.99185307 -0.68497365 -1.02718272 0.19707634 -0.90825145 -0.35502872 0.10096940
1461244449.34340 -4.00891568 -0.67544847 -1.05524980 0.19213603 -0.90722467 -0.36300515 0.09085379
1461244449.50341 -4.02365666 -0.65734095 -1.09406013 0.18586737 -0.90821459 -0.36837454 0.06999846
1461244449.66348 -4.02563495 -0.63233612 -1.13537900 0.17569571 -0.90826375 -0.37593951 0.05345532
1461244449.82351 -4.02774102 -0.60971029 -1.18326091 0.16847519 -0.91155218 -0.36610584 0.08157965
1461244449.98575 -4.02500193 -0.58820826 -1.23357579 0.16773476 -0.91074597 -0.36426129 0.09859281
1461244450.18606 -4.02485145 -0.56526421 -1.29717832 0.17183019 -0.91643831 -0.34711753 0.10062123
1461244450.38634 -4.02282339 -0.53325780 -1.35843862 0.18487075 -0.91848568 -0.33892745 0.08564489
1461244450.54380 -4.02468808 -0.50970653 -1.41244638 0.16762691 -0.92415076 -0.33550244 0.07269602
1461244450.66380 -4.02384094 -0.49411492 -1.45112835 0.16980144 -0.91963690 -0.34842567 0.06352159
1461244450.82375 -4.02949008 -0.47644954 -1.50268486 0.15430201 -0.92167091 -0.34972090 0.06639971
1461244450.98884 -4.04026521 -0.45603441 -1.55634063 0.13518040 -0.92487356 -0.34876645 0.06853557
1461244451.10380 -4.05546765 -0.44268464 -1.59926055 0.15041613 -0.92167689 -0.34618932 0.08966412
1461244451.22396 -4.06965710 -0.43320563 -1.64514324 0.16392008 -0.92107841 -0.33700041 0.10571426
1461244451.30386 -4.08029056 -0.42724063 -1.67774983 0.17003213 -0.92012537 -0.33326485 0.11572774
1461244451.42478 -4.09585125 -0.41876171 -1.72413967 0.17695489 -0.91710965 -0.33511230 0.12367941
1461244451.54403 -4.11348763 -0.41101501 -1.76625374 0.16888116 -0.92294199 -0.32448088 0.11987242
1461244451.66408 -4.13381583 -0.40319722 -1.80534959 0.16225251 -0.93053918 -0.30940863 0.10971446
1461244451.78721 -4.15659022 -0.39529421 -1.84104472 0.16889357 -0.93186348 -0.30785378 0.09127689
1461244451.90408 -4.18124137 -0.38775976 -1.87500407 0.16640335 -0.92955059 -0.32076935 0.07316182
1461244452.02408 -4.20403506 -0.38411048 -1.90780716 0.16361751 -0.92853611 -0.32971996 0.04831926
1461244452.14436 -4.22703689 -0.38323608 -1.93901476 0.17388013 -0.92504322 -0.33641722 0.02973543
1461244452.30471 -4.26172654 -0.37955613 -1.97385108 0.17236666 -0.92686536 -0.33326870 0.01192946
1461244452.46431 -4.29955938 -0.36979198 -2.00288231 0.17122901 -0.92184997 -0.34756079 -0.00864635
1461244452.66433 -4.34233970 -0.36379997 -2.03832564 0.18132917 -0.91400813 -0.36234059 -0.02044911
1461244452.86434 -4.37459419 -0.35981548 -2.07558605 0.16806980 -0.91423572 -0.36556809 -0.04780751
1461244453.10452 -4.40835974 -0.35189070 -2.12110641 0.18601986 -0.90685387 -0.37377109 -0.05751375
1461244453.30475 -4.42512382 -0.34975747 -2.15917481 0.16711151 -0.90577755 -0.37959740 -0.08687112
1461244453.50464 -4.43694111 -0.34319019 -2.20563894 0.18301313 -0.89579696 -0.38918697 -0.11219405
1461244453.70472 -4.45195750 -0.32799733 -2.26261928 0.18357966 -0.89895419 -0.37914781 -0.12011168
1461244453.86474 -4.46512319 -0.31278064 -2.31082948 0.18317934 -0.90390537 -0.37048157 -0.11019897
1461244454.02484 -4.47284776 -0.29656083 -2.36094131 0.19239666 -0.90159991 -0.37162040 -0.10954179
1461244454.18747 -4.48548546 -0.27655098 -2.40645197 0.19263190 -0.90009677 -0.37788456 -0.09960933
1461244454.34488 -4.50223854 -0.25712552 -2.45237864 0.19272795 -0.90226141 -0.37566733 -0.08748911
1461244454.50484 -4.51751203 -0.23757284 -2.50435229 0.19131014 -0.90050997 -0.38013648 -0.08932236
1461244454.66498 -4.53570363 -0.22463261 -2.56368581 0.18048871 -0.90708504 -0.37291235 -0.07454481
1461244454.78999 -4.54951903 -0.21821265 -2.61062422 0.17167139 -0.91299107 -0.36417817 -0.06595829
1461244454.94579 -4.56876731 -0.20338567 -2.66705143 0.16530000 -0.91530828 -0.36313708 -0.05493736
1461244455.06513 -4.58238118 -0.18774796 -2.71085123 0.15854657 -0.92125348 -0.35204585 -0.04710337
1461244455.18728 -4.59535490 -0.17151645 -2.75320173 0.16252790 -0.92262890 -0.34844619 -0.03042756
1461244455.30515 -4.60651576 -0.15746641 -2.79477661 0.16822159 -0.92205670 -0.34826366 -0.01501211
1461244455.42535 -4.61495181 -0.14443929 -2.83673388 0.17440365 -0.92289103 -0.34306727 -0.01266357
1461244455.54514 -4.62572265 -0.12729429 -2.87320270 0.17640977 -0.91717026 -0.35728813 -0.00484794
1461244455.66530 -4.63300833 -0.11047546 -2.90614944 0.17603805 -0.91557371 -0.36136287 -0.01233949
1461244455.78919 -4.63880088 -0.09325537 -2.93557367 0.17699711 -0.91157313 -0.37030996 -0.02402041
1461244455.94533 -4.64233821 -0.07498448 -2.97312932 0.18200774 -0.90774220 -0.37552347 -0.04312089
1461244456.10568 -4.63934401 -0.06124317 -3.00901147 0.18409294 -0.90495168 -0.37628998 -0.07468669
1461244456.30863 -4.62990652 -0.04416650 -3.04106955 0.18096185 -0.90017308 -0.38098842 -0.10857745
1461244456.54551 -4.61485065 -0.01738612 -3.07490005 0.18271015 -0.89315925 -0.38678172 -0.13886491
1461244456.74562 -4.60021025 0.00690069 -3.10584904 0.19722759 -0.88636849 -0.38823389 -0.15724701
1461244456.94589 -4.58223469 0.02770634 -3.13188802 0.20539231 -0.87719602 -0.39474060 -0.18033578
1461244457.18950 -4.56523618 0.04648895 -3.15303687 0.19881567 -0.87155576 -0.39862987 -0.20483437
1461244457.42571 -4.55092636 0.06634051 -3.16304830 0.19906979 -0.85718996 -0.41182999 -0.23662766
1461244457.70605 -4.53245548 0.08411969 -3.17773187 0.20349475 -0.84751747 -0.41302711 -0.26403151
1461244457.90595 -4.51459180 0.09386174 -3.18461007 0.20306833 -0.83782131 -0.41040678 -0.29729612
1461244458.06598 -4.49984439 0.10091800 -3.18824821 0.20499663 -0.82342285 -0.41219033 -0.33173833
1461244458.26604 -4.48374780 0.10949796 -3.18948937 0.20540071 -0.80705253 -0.41397362 -0.36756306
1461244458.42614 -4.46959599 0.11589041 -3.18657678 0.19485873 -0.79614178 -0.41458463 -0.39535796
1461244458.62661 -4.45349620 0.12683423 -3.18475016 0.19526355 -0.77902282 -0.41846364 -0.42412708
1461244458.86613 -4.43259475 0.13756916 -3.17740178 0.19476614 -0.76170275 -0.41977569 -0.45350130
1461244459.10700 -4.40965805 0.14447597 -3.16978423 0.18934703 -0.74714186 -0.42056758 -0.47859132
1461244459.30624 -4.39168554 0.15188684 -3.16015256 0.18952155 -0.72757125 -0.42764298 -0.50183976
1461244459.54662 -4.37231337 0.16011347 -3.14713135 0.18504153 -0.70951226 -0.43655063 -0.52132095
1461244459.74927 -4.35730804 0.16372703 -3.13176847 0.18631112 -0.69185926 -0.43742970 -0.54339137
1461244459.94652 -4.34194029 0.16469666 -3.11450613 0.18546936 -0.67389285 -0.43569896 -0.56712958
1461244460.14657 -4.32857323 0.16358315 -3.09777400 0.18387746 -0.65816797 -0.43072647 -0.58947324
1461244460.38901 -4.31547704 0.16202942 -3.07943834 0.19891243 -0.63833563 -0.41964284 -0.61389035
1461244460.62678 -4.30203519 0.15595569 -3.06036878 0.19339340 -0.62199972 -0.41383039 -0.63597149
1461244460.82670 -4.29349489 0.14782771 -3.04040966 0.18752973 -0.60779465 -0.40774823 -0.65510277
1461244460.98856 -4.28621147 0.13798963 -3.01709692 0.18478547 -0.59274672 -0.40291698 -0.67243109
1461244461.10678 -4.27805035 0.12981791 -2.99627953 0.18797957 -0.58063786 -0.39372867 -0.68738715
1461244461.22747 -4.26985625 0.11974578 -2.97418833 0.18609753 -0.57045450 -0.38531334 -0.70105849
1461244461.34809 -4.26112601 0.10969402 -2.95034944 0.18397648 -0.56442023 -0.38258816 -0.70796098
1461244461.46695 -4.24978711 0.09763628 -2.92802885 0.18134474 -0.56233348 -0.38473340 -0.70913705
1461244461.58886 -4.23621247 0.08033898 -2.90956714 0.17447037 -0.56809398 -0.37061073 -0.71377658
1461244461.70705 -4.22574067 0.06202292 -2.89631594 0.17058311 -0.58722206 -0.35200496 -0.70863542
1461244461.86693 -4.21674877 0.03917609 -2.87956480 0.16367365 -0.60259002 -0.33951749 -0.70343733
1461244462.02720 -4.21105033 0.01829742 -2.85676656 0.15682889 -0.59791680 -0.33080894 -0.71306777
1461244462.14717 -4.20923151 0.00304194 -2.83505027 0.16167333 -0.59164806 -0.31933504 -0.72238455
1461244462.26712 -4.20952198 -0.01273008 -2.81215782 0.15642621 -0.57734199 -0.30916406 -0.73934068
1461244462.42730 -4.21490818 -0.03065239 -2.78609079 0.16385002 -0.56503489 -0.29367883 -0.75341987
1461244462.54732 -4.22262552 -0.04202715 -2.76864783 0.16176795 -0.54875164 -0.28764436 -0.76809081
1461244462.70713 -4.23497027 -0.05495404 -2.75248503 0.16313135 -0.53510956 -0.27839981 -0.78073008
1461244462.86746 -4.25183375 -0.06636492 -2.73820257 0.14809194 -0.52562838 -0.28113669 -0.78914241
1461244463.02742 -4.27203277 -0.07080981 -2.72127307 0.13929033 -0.51682282 -0.29210180 -0.79257108
1461244463.18955 -4.29575119 -0.07683788 -2.70547111 0.12721517 -0.53115425 -0.29935767 -0.78235315
1461244463.30758 -4.31461964 -0.08810721 -2.68785932 0.10604496 -0.53429955 -0.29951277 -0.78330745
1461244463.42756 -4.33345640 -0.09938311 -2.66877131 0.11243167 -0.54812543 -0.30272183 -0.77154204
1461244463.58966 -4.35529266 -0.12057936 -2.63973024 0.08893746 -0.56238597 -0.30622006 -0.76291639
1461244463.74763 -4.37158603 -0.14050869 -2.60545547 0.08859387 -0.56832549 -0.31403310 -0.75534129
1461244463.86798 -4.38085671 -0.15386986 -2.57059408 0.08426821 -0.55423699 -0.31765353 -0.76473293
1461244463.98772 -4.38985337 -0.16327799 -2.53294625 0.09785047 -0.53641918 -0.32295989 -0.77354810
1461244464.10947 -4.39675995 -0.17054250 -2.49457227 0.10946487 -0.53467765 -0.31957290 -0.77460339
1461244464.22766 -4.40323362 -0.17875958 -2.45306933 0.10393623 -0.52001100 -0.31192667 -0.78834483
1461244464.34859 -4.40777060 -0.18654644 -2.41306907 0.11567834 -0.51195843 -0.30981696 -0.79279918
1461244464.46787 -4.41035820 -0.20058109 -2.37096023 0.10921207 -0.50232648 -0.31583352 -0.79748982
1461244464.59198 -4.41369807 -0.21848193 -2.32457881 0.11454923 -0.48321392 -0.30304142 -0.81335643
1461244464.70785 -4.41925992 -0.23555137 -2.27992239 0.12085929 -0.46600200 -0.29711471 -0.82459567
1461244464.82886 -4.42300156 -0.25061804 -2.23375380 0.13030864 -0.44089092 -0.29168089 -0.83878312
1461244464.98997 -4.42468742 -0.27034659 -2.17491937 0.13401786 -0.42645296 -0.28603245 -0.84756269
1461244465.14812 -4.42483363 -0.29351570 -2.11765326 0.13087958 -0.42266912 -0.28884718 -0.84899273
1461244465.30805 -4.42320445 -0.31807559 -2.06649150 0.13681862 -0.41043148 -0.29153323 -0.85313249
1461244465.46924 -4.41947384 -0.34266348 -2.01500170 0.14124051 -0.40319173 -0.28102752 -0.85936667
1461244465.62823 -4.41442053 -0.36021799 -1.96227125 0.14672733 -0.39061310 -0.27408595 -0.86646950
1461244465.82813 -4.40318853 -0.37978804 -1.89688544 0.15194143 -0.37298275 -0.26251504 -0.87686004
1461244466.02835 -4.38239781 -0.40156403 -1.84250124 0.13875713 -0.36881406 -0.26961790 -0.87865172
1461244466.14832 -4.37292493 -0.41527456 -1.80757588 0.14677504 -0.35731658 -0.25670632 -0.88593669
1461244466.26847 -4.36228734 -0.42721393 -1.77356256 0.14174151 -0.34237158 -0.25523516 -0.89305434
1461244466.42998 -4.34776927 -0.43869063 -1.72623020 0.14133508 -0.32799877 -0.24661314 -0.90090130
1461244466.54851 -4.33645483 -0.44513581 -1.69210618 0.14638844 -0.32168973 -0.24255977 -0.90346605
1461244466.66952 -4.32675445 -0.45453802 -1.65599273 0.14658593 -0.30708988 -0.23809576 -0.90968059
1461244466.82860 -4.31078318 -0.47025098 -1.61401673 0.14388930 -0.29883236 -0.23250820 -0.91429482
1461244466.99104 -4.29571899 -0.48869366 -1.57612410 0.12292732 -0.28277795 -0.23321433 -0.92224540
1461244467.10856 -4.28517362 -0.50370868 -1.54745102 0.10300770 -0.26803398 -0.23469120 -0.92869114
1461244467.22869 -4.27329918 -0.51859559 -1.51971580 0.08035387 -0.25685823 -0.22568975 -0.93628588
1461244467.34968 -4.25981517 -0.53036457 -1.49143941 0.07393731 -0.24601990 -0.20613013 -0.94420223
1461244467.47046 -4.24542099 -0.54142062 -1.46431727 0.05956789 -0.22891319 -0.19604272 -0.95163947
1461244467.63137 -4.22831351 -0.55561703 -1.42975341 0.05118604 -0.21234506 -0.19563293 -0.95604253
1461244467.74905 -4.21728965 -0.56572568 -1.40261251 0.04879007 -0.18064103 -0.18744775 -0.96428818
1461244467.86950 -4.20875196 -0.56916538 -1.37307134 0.06441652 -0.15893612 -0.17354955 -0.96977852
1461244467.99074 -4.20160071 -0.57176909 -1.34304173 0.06847214 -0.13788729 -0.16236508 -0.97464673
1461244468.10898 -4.19410420 -0.57709457 -1.31426967 0.06793180 -0.12289477 -0.14624513 -0.97923159
1461244468.23169 -4.18647253 -0.58546290 -1.28545111 0.06677703 -0.10494089 -0.13430089 -0.98310300
1461244468.34999 -4.18035379 -0.59608778 -1.25956042 0.06125573 -0.08243429 -0.12427119 -0.98691894
1461244468.46922 -4.17816546 -0.60607737 -1.23407956 0.05704149 -0.05416590 -0.11021449 -0.99079013
1461244468.62925 -4.17523057 -0.61590886 -1.20407401 0.05356535 -0.02296162 -0.10180341 -0.99309596
1461244468.79118 -4.17529805 -0.62600792 -1.17123484 0.05161357 0.00746978 -0.08832351 -0.99472569
1461244468.94949 -4.17636918 -0.63867422 -1.13830450 0.04980387 0.03355834 -0.07018750 -0.99572442
1461244469.19175 -4.17876921 -0.66490782 -1.09583535 0.04496488 0.05621001 -0.04170835 -0.99653350
1461244469.34931 -4.18812445 -0.68168962 -1.06744845 0.03689105 0.09459430 -0.01976074 -0.99463585
1461244469.50927 -4.19845214 -0.69055515 -1.04051093 0.04088830 0.12942594 -0.00581518 -0.99072865
1461244469.67056 -4.21144151 -0.69668117 -1.00772757 0.04580262 0.16406512 0.02165354 -0.98514764
1461244469.79200 -4.22763703 -0.70496322 -0.98256290 0.04334067 0.19535580 0.04876237 -0.97856013
1461244469.90939 -4.24617812 -0.71832603 -0.96210881 0.04099394 0.23400284 0.08146153 -0.96794948
1461244470.06932 -4.26650977 -0.74028071 -0.93444276 0.02343860 0.26479706 0.08450473 -0.96030834
1461244470.19150 -4.28698662 -0.75744240 -0.91605448 0.00896363 0.30005901 0.11598998 -0.94680017
1461244470.30962 -4.30698080 -0.77407979 -0.89533404 -0.00008692 0.32266013 0.14454220 -0.93541327
1461244470.42964 -4.32653706 -0.79242767 -0.87638920 -0.01399397 0.33786682 0.18414833 -0.92289738
1461244470.54966 -4.34722656 -0.81209529 -0.85998187 -0.02477120 0.37638896 0.18186205 -0.90809908
1461244470.70975 -4.37673107 -0.83839360 -0.83956733 -0.03718397 0.40854797 0.20626071 -0.88834815
1461244470.82949 -4.40571899 -0.85476243 -0.82685837 -0.04041513 0.43912305 0.21812159 -0.87060929
1461244470.94979 -4.44024369 -0.86938785 -0.81310234 -0.05338609 0.46579410 0.23289817 -0.85202361
1461244471.10989 -4.48959020 -0.88882735 -0.78699960 -0.05921015 0.48099239 0.24227451 -0.84050196
1461244471.27033 -4.53886857 -0.91560955 -0.76034665 -0.05638460 0.49056771 0.23149661 -0.83819653
1461244471.43151 -4.58850682 -0.94645536 -0.73966929 -0.05619198 0.49152659 0.24491291 -0.83382357
1461244471.63001 -4.65659477 -0.98489590 -0.71016429 -0.06832221 0.50251620 0.23204906 -0.83003781
1461244471.83007 -4.73177788 -1.03042034 -0.68230780 -0.09303874 0.51958366 0.21013238 -0.82293438
1461244472.11027 -4.83251391 -1.09322289 -0.66210654 -0.10677142 0.54799184 0.21339229 -0.80172847
1461244472.39662 -4.95734559 -1.14132539 -0.63551979 -0.12471600 0.55890929 0.21946028 -0.78987563
1461244472.67019 -5.07296989 -1.20103316 -0.60573696 -0.11073665 0.54988787 0.22146000 -0.79769429
1461244472.91110 -5.17966959 -1.24454236 -0.57567513 -0.12830171 0.54427532 0.22844620 -0.79694126
1461244473.11074 -5.26540914 -1.28794291 -0.56554231 -0.14366363 0.56462250 0.22273121 -0.78163483
1461244473.27047 -5.33322272 -1.32168939 -0.55900062 -0.14641368 0.57483463 0.23525895 -0.76992299
1461244473.43058 -5.40739674 -1.35121558 -0.54904253 -0.16269657 0.58473350 0.22451816 -0.76237009
1461244473.59295 -5.48304731 -1.38438101 -0.53765367 -0.18621106 0.57154593 0.22960704 -0.76546802
1461244473.83062 -5.59384026 -1.43885002 -0.52258565 -0.18889141 0.56688427 0.21581525 -0.77226034
1461244474.03063 -5.68145106 -1.48600602 -0.50275071 -0.21350045 0.54839511 0.18724912 -0.78652281
1461244474.19271 -5.76105307 -1.52507479 -0.49161347 -0.22490549 0.56662319 0.18676561 -0.77037282
1461244474.31083 -5.82278405 -1.55509839 -0.48661267 -0.22186028 0.58341976 0.19481198 -0.75660273
1461244474.63093 -5.96750585 -1.61973694 -0.46143039 -0.23638764 0.59261663 0.18094588 -0.74845508
1461244474.87095 -6.07971676 -1.67822413 -0.44793930 -0.25757123 0.59079843 0.16351226 -0.74691233
1461244475.11108 -6.17931812 -1.72923125 -0.42244953 -0.25447498 0.58314821 0.17048673 -0.75240609
1461244475.31106 -6.26118052 -1.76824665 -0.40056521 -0.27232392 0.59588681 0.15092883 -0.74025609
1461244475.47086 -6.32188641 -1.80062716 -0.38947416 -0.26238042 0.61067725 0.16593700 -0.72848797
1461244475.63092 -6.38196166 -1.83149608 -0.37984929 -0.26719576 0.63014861 0.17317697 -0.70818705
1461244475.79321 -6.44304949 -1.85572432 -0.36329653 -0.27783570 0.64310658 0.16690482 -0.69380403
1461244475.91222 -6.49099039 -1.87563218 -0.35358214 -0.29020392 0.64557476 0.16494067 -0.68688390
1461244476.03128 -6.53506858 -1.89767121 -0.34732523 -0.28938931 0.65285131 0.17186315 -0.67860302
1461244476.15128 -6.57733330 -1.91773996 -0.34582397 -0.28087342 0.68520335 0.17226766 -0.64956166
1461244476.27108 -6.61853793 -1.93227683 -0.34067263 -0.28117234 0.69898142 0.17787307 -0.63303101
1461244476.39351 -6.66224130 -1.94545142 -0.33834879 -0.28874771 0.71934114 0.18823130 -0.60311032
1461244476.47115 -6.68904469 -1.95395824 -0.33591178 -0.28993942 0.73634053 0.19068623 -0.58084122
1461244476.55138 -6.71452556 -1.96300614 -0.33379071 -0.29042982 0.75102984 0.19469729 -0.56008719
1461244476.67130 -6.74878198 -1.97775038 -0.33444760 -0.28559942 0.77691440 0.20562553 -0.52206812
1461244476.79165 -6.78321047 -1.98950819 -0.33551111 -0.27036801 0.80006104 0.21497965 -0.49049692
1461244476.91147 -6.81635111 -1.99814684 -0.33790915 -0.27587005 0.82486037 0.21593075 -0.44370599
1461244477.07155 -6.86584309 -2.00234721 -0.33949501 -0.27742627 0.84068935 0.22888066 -0.40483297
1461244477.19506 -6.90747040 -2.01259088 -0.34078353 -0.27879996 0.85178904 0.23681396 -0.37502688
1461244477.31138 -6.94168340 -2.02422310 -0.34372550 -0.27271529 0.86132693 0.24444230 -0.35212249
1461244477.43176 -6.97144856 -2.03538113 -0.34706153 -0.26230003 0.87368368 0.24692917 -0.32695795
1461244477.55181 -6.99842172 -2.04278686 -0.34914170 -0.25994765 0.88702084 0.24874807 -0.28938839
1461244477.63178 -7.01567372 -2.04597736 -0.35048538 -0.25817009 0.89582804 0.25390839 -0.25762541
1461244477.75180 -7.04082418 -2.05250962 -0.35210017 -0.25354090 0.90598918 0.26173178 -0.21539983
1461244477.87170 -7.06385590 -2.06494720 -0.35248733 -0.24920218 0.91925472 0.26130600 -0.15680627
1461244477.99390 -7.08094646 -2.07702131 -0.35262166 -0.24914968 0.92481863 0.26648797 -0.10779189
1461244478.11178 -7.10001700 -2.08760019 -0.35436424 -0.23928337 0.92897663 0.27089689 -0.07975438
1461244478.23195 -7.11789099 -2.09326116 -0.35660853 -0.23081011 0.93495895 0.26689518 -0.03667986
1461244478.35192 -7.13356526 -2.09421819 -0.35868718 -0.22655738 0.93780250 0.26304263 0.00260771
1461244478.47209 -7.15683532 -2.09485932 -0.35936336 -0.22052445 0.93894827 0.26102378 0.04014600
1461244478.59235 -7.17332706 -2.09852001 -0.35879429 -0.22978179 0.93168169 0.27024038 0.07835625
1461244478.71230 -7.18914427 -2.10562951 -0.35405741 -0.20925598 0.93173026 0.27494437 0.11178662
1461244478.83247 -7.20470074 -2.11427212 -0.34500599 -0.19490183 0.92818305 0.28384677 0.14114006
1461244478.95240 -7.22377808 -2.12461322 -0.33225534 -0.17200392 0.92670731 0.29023281 0.16550872
1461244479.07210 -7.24545998 -2.13697308 -0.31977779 -0.16041291 0.92171734 0.28846202 0.20370201
1461244479.19420 -7.26685808 -2.15361740 -0.30537568 -0.14329857 0.91528754 0.28712944 0.24345620
1461244479.31234 -7.28849126 -2.17286309 -0.28808934 -0.14464245 0.90411269 0.29210874 0.27628119
1461244479.47298 -7.31768087 -2.19704079 -0.26271097 -0.12834081 0.89516011 0.29776052 0.30586874
1461244479.63353 -7.34673354 -2.21877522 -0.23665421 -0.13173113 0.88661958 0.29413659 0.33171719
1461244479.79669 -7.37643946 -2.23949045 -0.20729539 -0.12770079 0.87493944 0.29053280 0.36573784
1461244479.95532 -7.40784029 -2.26291161 -0.17770419 -0.12224865 0.86160044 0.29069664 0.39773786
1461244480.11256 -7.44145483 -2.28527420 -0.15125869 -0.11696902 0.84076731 0.30618352 0.43090629
1461244480.27262 -7.47911384 -2.30554644 -0.12975229 -0.11250972 0.82189680 0.30825302 0.46562569
1461244480.43276 -7.52602613 -2.32359028 -0.11603643 -0.10014160 0.80788769 0.30291961 0.49550868
1461244480.59261 -7.57472519 -2.34316490 -0.10794054 -0.09338540 0.78589020 0.30481835 0.52985048
1461244480.75324 -7.62050850 -2.36348744 -0.10020999 -0.09403426 0.76798260 0.31197281 0.55139211
1461244480.99686 -7.68520454 -2.38442904 -0.08786286 -0.08474102 0.74924454 0.31068463 0.57872847
1461244481.19883 -7.73482310 -2.39896752 -0.07482547 -0.08428135 0.72935541 0.30900965 0.60452491
1461244481.35282 -7.76339461 -2.41132788 -0.06767270 -0.08553439 0.70913069 0.31086210 0.62704250
1461244481.55287 -7.78476759 -2.42204479 -0.06707269 -0.07427570 0.68316223 0.30879950 0.65758296
1461244481.79294 -7.78390428 -2.42520125 -0.07860130 -0.04804422 0.65430527 0.28248345 0.69984246
1461244482.03591 -7.75873778 -2.41993574 -0.09202540 -0.00706297 0.62443356 0.27318245 0.73171319
1461244482.23323 -7.71143555 -2.40155572 -0.09769360 -0.00355921 0.60771232 0.25307415 0.75274600
1461244482.43322 -7.64468420 -2.36798231 -0.10979800 -0.02221480 0.62735308 0.24148428 0.74001348
1461244482.63338 -7.57024317 -2.34007779 -0.12328774 -0.03323206 0.63535420 0.24123553 0.73282063
1461244482.79572 -7.50545111 -2.30971102 -0.13182704 -0.03944967 0.63731221 0.25987557 0.72439047
1461244482.91333 -7.45247641 -2.28555868 -0.14088581 -0.04645486 0.65233762 0.25371400 0.71268982
1461244483.03338 -7.39600511 -2.26278098 -0.15309519 -0.03951558 0.66668620 0.25625278 0.69878648
1461244483.19564 -7.31894359 -2.23496526 -0.16850511 -0.05590484 0.66820852 0.26618331 0.69247272
1461244483.35353 -7.24124032 -2.20600647 -0.18080731 -0.05211863 0.67221627 0.27412361 0.68575883
1461244483.63360 -7.10006193 -2.13794442 -0.20434598 -0.06749137 0.70895768 0.27586414 0.64554078
1461244483.95357 -6.94149577 -2.06939022 -0.23826680 -0.07698660 0.71528732 0.30035272 0.62627898
1461244484.23528 -6.79890295 -1.99873738 -0.27523297 -0.07100943 0.71345948 0.30261017 0.62798115
1461244484.43384 -6.70044208 -1.95426657 -0.29804385 -0.07140273 0.70233716 0.31578642 0.63395828
1461244484.59612 -6.62204173 -1.91066804 -0.31198179 -0.08514897 0.70233222 0.30637767 0.63687662
1461244484.75382 -6.53970377 -1.87414667 -0.33014838 -0.09217435 0.71472327 0.29379266 0.62798122
1461244484.91398 -6.45415474 -1.84349170 -0.34837546 -0.10923203 0.70101019 0.30137977 0.63704263
1461244485.07390 -6.37276956 -1.80731361 -0.36902228 -0.08866004 0.71077153 0.30066464 0.62971740
1461244485.23403 -6.28861840 -1.76686100 -0.38958811 -0.08406216 0.72224912 0.29042579 0.62204713
1461244485.39642 -6.20153743 -1.73230659 -0.40554321 -0.08715526 0.71287312 0.30150446 0.62714507
1461244485.55425 -6.11526728 -1.69302559 -0.41932349 -0.09725632 0.70085704 0.31302805 0.63352511
1461244485.71523 -6.02730100 -1.64815999 -0.43194103 -0.09213452 0.70951832 0.30527204 0.62841385
1461244485.91535 -5.91042106 -1.60044440 -0.45387730 -0.11223388 0.71726618 0.30702540 0.61536020
1461244486.11449 -5.79711745 -1.55356423 -0.47385478 -0.10563904 0.71335805 0.32221764 0.61329966
1461244486.35438 -5.66391956 -1.49480162 -0.49959592 -0.10152157 0.71438233 0.31087134 0.61863582
1461244486.55448 -5.55818478 -1.45814632 -0.52090390 -0.09724889 0.70752406 0.31791422 0.62360477
1461244486.71446 -5.47308570 -1.41707856 -0.53242698 -0.10139003 0.71451633 0.29804304 0.62478542
1461244486.87446 -5.37931916 -1.37874295 -0.54343112 -0.10498769 0.72171225 0.29431272 0.61764799
1461244486.99696 -5.31086881 -1.35461965 -0.55600326 -0.11842407 0.71925523 0.29680250 0.61689215
1461244487.11463 -5.24556138 -1.32559508 -0.56897538 -0.11771071 0.71539797 0.31226250 0.61387463
1461244487.23794 -5.18164713 -1.29055132 -0.58225118 -0.11917589 0.72532006 0.30844505 0.60379597
1461244487.35470 -5.11976073 -1.25937236 -0.59318300 -0.10866486 0.72771467 0.30376174 0.60527028
1461244487.47534 -5.05679009 -1.23485922 -0.59894650 -0.11730184 0.71480269 0.31083422 0.61536938
1461244487.59731 -4.99938101 -1.21967622 -0.59125321 -0.10928433 0.67565788 0.30288873 0.66317553
1461244487.71487 -4.94741303 -1.20614523 -0.57598610 -0.11763782 0.63870556 0.28488857 0.70502132
1461244487.79685 -4.91524543 -1.19729201 -0.56365856 -0.10371959 0.60688131 0.26457352 0.74225209
1461244487.91489 -4.87548488 -1.18781589 -0.53925107 -0.07695126 0.55686337 0.25668878 0.78618863
1461244488.07487 -4.82321644 -1.17811059 -0.51090417 -0.07359912 0.51249027 0.27160055 0.81127679
1461244488.19527 -4.78677175 -1.18099463 -0.48606506 -0.06231416 0.46350085 0.26663344 0.84272802
1461244488.31502 -4.75402041 -1.18739277 -0.45545790 -0.04333960 0.41963784 0.24629357 0.87256246
1461244488.39680 -4.72646470 -1.19056407 -0.43572596 -0.01980110 0.38588564 0.23632955 0.89154278
1461244488.51662 -4.69205149 -1.19507702 -0.40704949 -0.00978125 0.34645199 0.22439428 0.91078129
1461244488.63509 -4.66233143 -1.20640307 -0.37836459 0.00385742 0.30126761 0.20724433 0.93073774
1461244488.75516 -4.63673174 -1.21760633 -0.34812223 -0.00440660 0.27250188 0.19025944 0.94314615
1461244488.91508 -4.60931490 -1.23522013 -0.30010541 0.01924551 0.24139211 0.17383679 0.95453666
1461244489.11528 -4.57968014 -1.25833964 -0.23118014 0.02996796 0.22324392 0.15950599 0.96115655
1461244489.27550 -4.56274888 -1.28458790 -0.17717540 0.02978214 0.20726294 0.15967833 0.96470614
1461244489.43527 -4.55298280 -1.31233658 -0.12104670 0.03875168 0.18436810 0.17131513 0.96703559
1461244489.55534 -4.54671955 -1.33374321 -0.07350275 0.04785364 0.16316729 0.16878571 0.97087479
1461244489.67526 -4.53831444 -1.36549151 -0.02700608 0.06715797 0.14791958 0.16524907 0.97278073
1461244489.75557 -4.53196157 -1.39099178 0.00040554 0.07687552 0.12995963 0.15742905 0.97591841
1461244489.87540 -4.51702817 -1.43524787 0.03189612 0.09451319 0.11706989 0.14926904 0.97728228
1461244490.00209 -4.48429276 -1.47247878 0.05972287 0.10626239 0.12280009 0.17167594 0.97167681
1461244490.07537 -4.45500266 -1.49755602 0.07531950 0.11703156 0.12909980 0.17803345 0.96847351
1461244490.15550 -4.42041272 -1.51508605 0.08723426 0.12578900 0.14440066 0.18805370 0.96330752
1461244490.23553 -4.37629854 -1.52595411 0.09870099 0.13853627 0.17058997 0.20700045 0.95334022
1461244490.31551 -4.32843003 -1.53172490 0.10825766 0.14179436 0.20745281 0.21830468 0.94297442
1461244490.39764 -4.27858820 -1.53511808 0.11570024 0.14481589 0.25246277 0.23107804 0.92838238
1461244490.47563 -4.22684100 -1.53104397 0.12227146 0.13327518 0.28671298 0.24355766 0.91690406
1461244490.55562 -4.17528058 -1.52236458 0.12441941 0.12570539 0.32312604 0.25793875 0.90180670
1461244490.63568 -4.12370937 -1.50730104 0.12395446 0.11939927 0.35965976 0.27316786 0.88417645
1461244490.71564 -4.07988107 -1.48868707 0.11782452 0.10965425 0.39740011 0.28544896 0.86519824
1461244490.79804 -4.03700687 -1.46444691 0.11155143 0.09947649 0.43236510 0.30221184 0.84370187
1461244490.87562 -3.99540317 -1.43778600 0.10523930 0.08554142 0.46099235 0.30806071 0.82780874
1461244490.99961 -3.94185457 -1.40135634 0.09594296 0.07436187 0.49326006 0.30768139 0.81024501
1461244491.15576 -3.88123645 -1.35496123 0.08841479 0.06561238 0.52100331 0.31172204 0.79188379
1461244491.31590 -3.82740537 -1.30838508 0.08459286 0.05665730 0.53018996 0.31666836 0.78448053
1461244491.47654 -3.77234369 -1.25479853 0.08497737 0.02725332 0.54534866 0.32556757 0.77191829
1461244491.59818 -3.72587031 -1.21548970 0.08473231 0.00846666 0.55764447 0.34175938 0.75641357
1461244491.71598 -3.67603260 -1.17954960 0.08433642 -0.02549261 0.56284891 0.35666429 0.74521259
1461244491.83601 -3.62692161 -1.14677163 0.08091292 -0.05000968 0.57211153 0.37180313 0.72934893
1461244491.95605 -3.58156076 -1.11230502 0.07597375 -0.07405593 0.57506184 0.39685969 0.71156305
1461244492.07603 -3.53478237 -1.08244334 0.06809441 -0.08027038 0.57868426 0.39204828 0.71061899
1461244492.19948 -3.48778585 -1.05680119 0.05886845 -0.07636683 0.57414617 0.38696583 0.71748291
1461244492.31636 -3.44289039 -1.03478198 0.04817518 -0.08227014 0.56692044 0.38931134 0.72129711
1461244492.47626 -3.38432430 -1.01581866 0.03531808 -0.10541129 0.55980185 0.37225813 0.73275797
1461244492.63703 -3.32230075 -0.98953120 0.02622880 -0.09041900 0.55652422 0.36962999 0.73856541
1461244492.75867 -3.26733237 -0.96294667 0.01830271 -0.08686394 0.56548970 0.37125894 0.73132951
1461244492.87632 -3.20731293 -0.93971492 0.00872341 -0.10031838 0.58840170 0.36095929 0.71653894
1461244493.00006 -3.14403727 -0.92732049 -0.00015902 -0.10459378 0.60441896 0.35418491 0.70589724
1461244493.19877 -3.03927399 -0.91332677 -0.00883354 -0.07280875 0.60767115 0.35293792 0.70772133
1461244493.39866 -2.93655395 -0.89596477 -0.01591300 -0.07423775 0.63127221 0.32732656 0.69917200
1461244493.59653 -2.84008912 -0.88439962 -0.01733895 -0.08354965 0.63991846 0.30962209 0.69832513
1461244493.75677 -2.77192583 -0.87511830 -0.01447693 -0.09089299 0.64125312 0.31795894 0.69241246
1461244493.91674 -2.70869651 -0.85828186 -0.00624497 -0.08875451 0.64571803 0.33037075 0.68266099
1461244494.03694 -2.66151446 -0.84098676 0.00271966 -0.09433988 0.65471448 0.33035455 0.67328657
1461244494.15674 -2.61283501 -0.82445365 0.01012824 -0.10116140 0.67785784 0.33316674 0.64751451
1461244494.27651 -2.56588441 -0.80996712 0.01660960 -0.10620153 0.69759746 0.34317673 0.61992641
1461244494.43676 -2.50424736 -0.79018665 0.02389394 -0.10101953 0.70929793 0.36227980 0.59619195
1461244494.60001 -2.44709885 -0.76815989 0.02790142 -0.09930932 0.72134825 0.36215277 0.58192760
1461244494.71695 -2.40499587 -0.75044015 0.02883992 -0.10007585 0.73408304 0.36456273 0.56409301
1461244494.83761 -2.36548572 -0.73218002 0.02534775 -0.10229787 0.74547374 0.37620234 0.54062542
1461244494.95694 -2.32653904 -0.71703343 0.01854007 -0.09959582 0.75582277 0.38090948 0.52318312
1461244495.07690 -2.28876071 -0.69755978 0.00848914 -0.10250430 0.75977027 0.39411016 0.50687197
1461244495.19921 -2.25353519 -0.67228875 -0.00597559 -0.10575267 0.76585378 0.40574836 0.48749629
1461244495.31703 -2.22554147 -0.64417885 -0.02463401 -0.12239692 0.78437035 0.40540823 0.45323980
1461244495.43713 -2.19592207 -0.61936129 -0.04082800 -0.14126860 0.79605894 0.40673035 0.42532783
1461244495.55711 -2.16871987 -0.60082604 -0.05390963 -0.15354129 0.79917250 0.41268687 0.40919181
1461244495.71715 -2.13940917 -0.57712199 -0.07091110 -0.15493594 0.79811710 0.42870249 0.39397732
1461244495.87711 -2.12012931 -0.54872583 -0.08826288 -0.16964534 0.78965997 0.44235675 0.38984369
1461244496.00303 -2.10917935 -0.52377669 -0.10507151 -0.19670848 0.78213175 0.45131421 0.38195703
1461244496.12000 -2.09711841 -0.49947126 -0.12793968 -0.20848681 0.77512735 0.45361355 0.38722808
1461244496.19934 -2.08793498 -0.48433132 -0.14431258 -0.19761261 0.77294123 0.45157294 0.39949093
1461244496.27883 -2.07745382 -0.46800754 -0.15976546 -0.19167772 0.76695775 0.44812190 0.41739936
1461244496.35805 -2.06834277 -0.45087121 -0.17248153 -0.19633787 0.75310923 0.45557854 0.43211818
1461244496.43741 -2.05590411 -0.43912435 -0.18700370 -0.20252958 0.74783168 0.42851075 0.46487427
1461244496.56034 -2.03756029 -0.42188908 -0.20585543 -0.19728351 0.74866482 0.40389682 0.48728592
1461244496.67747 -2.01581528 -0.40346525 -0.22344068 -0.17874942 0.74387938 0.38807355 0.51389787
1461244496.79750 -1.98631975 -0.38538198 -0.24175743 -0.13381781 0.75011464 0.36145505 0.53737423
1461244496.91771 -1.95289021 -0.36172346 -0.25963973 -0.12509129 0.74933781 0.33995889 0.55432209
1461244497.03757 -1.91494389 -0.34130407 -0.27921678 -0.12890341 0.74650998 0.32540839 0.56587643
1461244497.15781 -1.87351129 -0.32303400 -0.29199383 -0.13754044 0.73134936 0.30928757 0.59207427
1461244497.27736 -1.83360573 -0.30281382 -0.29806044 -0.15060166 0.70097276 0.31397778 0.62239399
1461244497.39979 -1.79293065 -0.28330641 -0.30209021 -0.13912334 0.68835944 0.31995125 0.63595375
1461244497.51767 -1.75288118 -0.26100499 -0.30369141 -0.13545991 0.67416453 0.31858051 0.65242567
1461244497.63775 -1.71375539 -0.23868327 -0.30067299 -0.14004636 0.64985303 0.32219295 0.67399537
1461244497.75887 -1.67641930 -0.21993064 -0.29788272 -0.14292880 0.63003567 0.32580135 0.69027523
1461244497.87756 -1.63778603 -0.20996959 -0.28843474 -0.15038260 0.60195978 0.32109452 0.71549131
1461244498.00038 -1.60127646 -0.20146513 -0.27353066 -0.15521959 0.57029016 0.30780474 0.74560864
1461244498.11793 -1.56543781 -0.19414604 -0.25168852 -0.15133472 0.53652188 0.28283929 0.78054085
1461244498.23789 -1.53005666 -0.19165960 -0.22110667 -0.14981873 0.50139722 0.24826966 0.81517934
1461244498.31793 -1.51164367 -0.19553033 -0.20081107 -0.13993747 0.47200774 0.23156419 0.83904959
1461244498.40014 -1.49570915 -0.20329736 -0.17851286 -0.11557637 0.44482435 0.22190734 0.85995961
1461244498.47828 -1.48461258 -0.21186822 -0.15786895 -0.09973768 0.40993490 0.22403195 0.87853028
1461244498.60018 -1.46588758 -0.22184488 -0.12523741 -0.07932287 0.36758341 0.22922259 0.89780138
1461244498.71806 -1.44956901 -0.23162858 -0.09005580 -0.07039572 0.32212995 0.21723706 0.91874088
1461244498.83804 -1.43098705 -0.24514520 -0.05600387 -0.04841177 0.27343214 0.20179835 0.93923830
1461244498.95801 -1.41030255 -0.26467271 -0.02448849 -0.01540514 0.22508277 0.20282578 0.95287047
1461244499.07814 -1.38898600 -0.29238550 -0.00131990 0.02204331 0.17165314 0.19909984 0.96457687
1461244499.20095 -1.36870821 -0.32388171 0.01409565 0.03734974 0.12707525 0.16443052 0.97745562
1461244499.31829 -1.34905493 -0.35517827 0.02694350 0.06471820 0.09000234 0.14853510 0.98267414
1461244499.43830 -1.32102277 -0.38093626 0.04019128 0.09782420 0.06870650 0.14400526 0.98233005
1461244499.55835 -1.28680087 -0.39919606 0.05702397 0.12763610 0.03294918 0.11967815 0.98402262
1461244499.71827 -1.23138789 -0.41512549 0.07750034 0.12619505 -0.00462483 0.11181953 0.98567227
1461244499.83950 -1.17719712 -0.42711547 0.08940096 0.14299179 -0.02366850 0.14063719 0.97939488
1461244499.95845 -1.10788179 -0.43604197 0.09957585 0.15208035 -0.01885731 0.16847603 0.97372060
1461244500.07907 -1.04720890 -0.44418832 0.11166519 0.17171990 -0.03083581 0.15650331 0.97214615
1461244500.20147 -0.97677758 -0.44120124 0.12255120 0.18165003 -0.02605528 0.14167474 0.97275519
1461244500.31861 -0.90611457 -0.43245228 0.13109924 0.18615460 -0.01977189 0.13365017 0.97318712
1461244500.43860 -0.83482411 -0.42544096 0.13205110 0.18698060 -0.02190607 0.13060071 0.97339706
1461244500.55855 -0.75875544 -0.41270029 0.13659001 0.17606368 0.00075167 0.14836806 0.97313305
1461244500.67858 -0.68862256 -0.39870136 0.14066364 0.17311155 0.01777332 0.15916420 0.97179383
1461244500.80094 -0.60132389 -0.37444545 0.14560793 0.16050009 0.03490011 0.16027929 0.97330995
1461244500.87880 -0.54468641 -0.35673689 0.14665145 0.15615820 0.05636861 0.16763286 0.97176974
1461244501.00111 -0.46338732 -0.32589052 0.14654645 0.15941206 0.08182392 0.18742830 0.96579670
1461244501.07965 -0.40401847 -0.30259309 0.14303292 0.14963173 0.09981110 0.19034841 0.96509874
1461244501.15848 -0.34840572 -0.27451482 0.13645514 0.13624426 0.11950762 0.19577090 0.96375785
1461244501.23856 -0.29875306 -0.24986840 0.13763089 0.12337288 0.14151474 0.20523528 0.96053693
1461244501.35874 -0.22496090 -0.19586939 0.12161709 0.10934055 0.13999077 0.21356626 0.96064389
1461244501.43871 -0.17985488 -0.15924045 0.10995306 0.08841246 0.14600421 0.20258367 0.96427479
1461244501.55914 -0.12580958 -0.11768841 0.11161618 0.05718759 0.15357382 0.20272660 0.96542560
1461244501.67902 -0.07199271 -0.07718770 0.10155285 0.05368785 0.13680549 0.21784322 0.96485554
1461244501.75913 -0.03633591 -0.05029755 0.09580199 0.01508778 0.14863620 0.22033535 0.96391492
1461244501.87906 0.00809345 -0.01184173 0.08966860 -0.02570781 0.15003494 0.20922422 0.96594713
1461244501.99906 0.05454492 0.02686257 0.09194840 -0.04496737 0.16284161 0.20946478 0.96311217
1461244502.11907 0.09728273 0.06312757 0.09090975 -0.05741583 0.18568027 0.19869450 0.96059708
1461244502.20139 0.13192410 0.08915790 0.08558412 -0.05849306 0.19747336 0.19147682 0.95964549
1461244502.31919 0.17466837 0.10638067 0.07412376 -0.07090423 0.20788751 0.18924693 0.95704805
1461244502.39915 0.20225338 0.11918278 0.06416614 -0.08416326 0.22265225 0.20169022 0.95008609
1461244502.51917 0.24272503 0.13373315 0.05030330 -0.07524558 0.23716639 0.21951846 0.94334609
1461244502.60104 0.26762951 0.14149742 0.03883536 -0.07920476 0.24987779 0.21334039 0.94115545
1461244502.67912 0.29202445 0.14764944 0.02526685 -0.07392506 0.26818693 0.19359015 0.94081545
1461244502.76043 0.31471832 0.14898668 0.00836437 -0.05599678 0.29059029 0.18518387 0.93708515
1461244502.83933 0.32942181 0.14703936 -0.00656927 -0.04481362 0.30082757 0.17049511 0.93724379
1461244502.91934 0.34116815 0.14225393 -0.02044060 -0.03971472 0.32483702 0.15598841 0.93197171
1461244503.03944 0.35271006 0.13406149 -0.03751464 -0.01937576 0.34420983 0.14384702 0.92760563
1461244503.20269 0.33743336 0.10672886 -0.04378863 -0.00298442 0.35175915 0.09846908 0.93089228
1461244503.31938 0.31684773 0.08650428 -0.04408290 0.02622792 0.33630140 0.06506023 0.93913824
1461244503.43940 0.27462133 0.06328139 -0.03544856 0.05331232 0.30791497 0.04308079 0.94894163
1461244503.51941 0.24248580 0.05474488 -0.03061684 0.06363467 0.26901834 0.03857705 0.96025599
1461244503.59951 0.20333073 0.04544581 -0.02497852 0.05884100 0.22398691 0.04276014 0.97187405
1461244503.67952 0.15670372 0.03570499 -0.01919546 0.04190294 0.17375585 0.03913305 0.98311833
1461244503.96001 0.00010195 -0.00025123 0.00010987 0.00009453 -0.00005456 0.00019702 0.99999997
