1461244580.74292 0.00000226 -0.00001216 -0.00001277 -0.00000575 -0.00000143 0.00000078 1.00000000
1461244581.10276 -0.04553676 -0.01402148 -0.00778146 -0.00481261 -0.02427291 -0.03837827 0.99895684
1461244581.38267 -0.10222758 -0.01312798 0.01149365 -0.02315862 -0.03732767 -0.04868860 0.99784756
1461244581.62274 -0.14640668 -0.01123030 0.04180986 -0.04348580 -0.02163558 -0.05152688 0.99748978
1461244581.82238 -0.18829595 -0.01172106 0.06570088 -0.04608805 -0.05228126 -0.05572681 0.99601058
1461244582.02521 -0.23043121 -0.01414449 0.08910805 -0.05348956 -0.06718596 -0.04706935 0.99519314
1461244582.18519 -0.26650278 -0.02315206 0.11368472 -0.04336453 -0.06807180 -0.04866893 0.99554863
1461244582.34221 -0.30624177 -0.03860750 0.14183766 -0.03865346 -0.07362625 -0.03080189 0.99606040
1461244582.50208 -0.34878025 -0.05533359 0.16959584 -0.03738816 -0.08289413 -0.03822197 0.99512299
1461244582.62428 -0.38555604 -0.06684373 0.19066037 -0.03954256 -0.10034508 -0.04735929 0.99303794
1461244582.78188 -0.43357737 -0.07995130 0.21973928 -0.04121757 -0.10203775 -0.04919980 0.99270781
1461244582.94200 -0.48460248 -0.09361930 0.24768929 -0.03605054 -0.09017096 -0.03519726 0.99465105
1461244583.10179 -0.53684446 -0.11084598 0.27546970 -0.04330390 -0.07617287 -0.04468773 0.99515098
1461244583.26269 -0.58851587 -0.12759670 0.30545715 -0.04692519 -0.08566312 -0.05128037 0.99389646
1461244583.42227 -0.63663163 -0.14196241 0.33996410 -0.04597441 -0.08354988 -0.05813855 0.99374327
1461244583.58169 -0.68157801 -0.15642183 0.38310821 -0.04503462 -0.07881134 -0.05679031 0.99425123
1461244583.70190 -0.70952257 -0.17353727 0.41975614 -0.03552177 -0.06622089 -0.04453852 0.99617735
1461244583.86153 -0.73957836 -0.19766711 0.46532931 -0.03379119 -0.04396981 -0.03140993 0.99796705
1461244584.02136 -0.76675202 -0.21902937 0.51572840 -0.04433191 -0.03418648 -0.02092243 0.99821251
1461244584.14232 -0.78773738 -0.23237052 0.55832517 -0.05099854 -0.03049978 -0.01444786 0.99812833
1461244584.26229 -0.80557443 -0.24555184 0.60171951 -0.04813764 -0.00718344 -0.00956564 0.99876907
1461244584.38122 -0.81936968 -0.25883191 0.64229182 -0.04640636 0.02171895 0.00343220 0.99868061
1461244584.50129 -0.83040288 -0.27105448 0.68115817 -0.06205612 0.04637894 0.00573929 0.99697798
1461244584.62329 -0.83663194 -0.28427920 0.71867815 -0.06750071 0.06931412 0.01773188 0.99515064
1461244584.74110 -0.83827802 -0.29563179 0.75724865 -0.06421649 0.09396334 0.02461027 0.99319760
1461244584.86098 -0.83611566 -0.30567622 0.79692867 -0.05924585 0.11918232 0.02641585 0.99075108
1461244584.98366 -0.82784672 -0.31525176 0.83637531 -0.05836179 0.14363555 0.02109749 0.98768296
1461244585.10094 -0.81634598 -0.32574890 0.87320756 -0.05932418 0.16164486 0.03409173 0.98447414
1461244585.22309 -0.80177222 -0.33651676 0.90520955 -0.06294895 0.18194087 0.04721154 0.98015612
1461244585.34081 -0.78416591 -0.34303757 0.93283672 -0.07546632 0.19853083 0.06094931 0.97528228
1461244585.46182 -0.76265159 -0.34398833 0.95741017 -0.07004013 0.21639473 0.08815088 0.96979231
1461244585.58357 -0.73711220 -0.33899243 0.98090199 -0.06241986 0.23478255 0.11349384 0.96337950
1461244585.70065 -0.70534549 -0.33004304 0.99927980 -0.07399121 0.27739225 0.12788798 0.94932792
1461244585.78158 -0.68222410 -0.32702132 1.00872584 -0.06759481 0.31150429 0.13631193 0.93798458
1461244585.90046 -0.64563880 -0.32220880 1.01967398 -0.07322958 0.34842601 0.13921800 0.92404280
1461244585.98052 -0.61983495 -0.31827113 1.02394933 -0.08236489 0.37265956 0.14150855 0.91340911
1461244586.10048 -0.58160286 -0.31021266 1.02825234 -0.08938280 0.39612337 0.16041727 0.89964620
1461244586.22335 -0.54313175 -0.29883225 1.02903194 -0.09413279 0.40986800 0.17209823 0.89080269
1461244586.30044 -0.51516208 -0.28875953 1.02454416 -0.09948065 0.43050145 0.17595128 0.87966656
1461244586.42274 -0.47268311 -0.27545714 1.01417727 -0.10258111 0.44882861 0.17679942 0.86992641
1461244586.54200 -0.43089067 -0.26339998 1.00142453 -0.10434347 0.45682445 0.17570798 0.86576589
1461244586.66309 -0.38997867 -0.25245646 0.98651005 -0.12114911 0.47394851 0.17734853 0.85395738
1461244586.78023 -0.34980798 -0.24090203 0.97325878 -0.13272689 0.48859544 0.19419037 0.84020722
1461244586.90015 -0.30871566 -0.22772886 0.96332447 -0.13972148 0.49447527 0.20721145 0.83248756
1461244587.02015 -0.26530753 -0.21167057 0.95527345 -0.14482893 0.50138538 0.20926032 0.82695066
1461244587.13996 -0.21767266 -0.19621732 0.94651050 -0.14469090 0.51040348 0.20730546 0.82193508
1461244587.25984 -0.17008296 -0.18421098 0.93608040 -0.13514383 0.52336832 0.20628072 0.81564086
1461244587.38021 -0.12310638 -0.17328639 0.92323972 -0.14290430 0.53600985 0.20823194 0.80555029
1461244587.50061 -0.07637439 -0.16348138 0.90856701 -0.14182687 0.55179764 0.21690357 0.79268994
1461244587.62204 -0.02882651 -0.14981765 0.89611493 -0.13964388 0.55545787 0.21809304 0.79019084
1461244587.73980 0.02002972 -0.13305570 0.88230662 -0.14680720 0.56393021 0.20931675 0.78524955
1461244587.85970 0.06772252 -0.11962860 0.86709815 -0.13596854 0.56731216 0.19902531 0.78743787
1461244587.97961 0.11175527 -0.11036881 0.85453687 -0.13562896 0.56107948 0.19832314 0.79212533
1461244588.09950 0.15366517 -0.10226213 0.84770236 -0.14256385 0.55693426 0.20862576 0.79118586
1461244588.22353 0.19475036 -0.09361552 0.84517389 -0.15205202 0.54838041 0.21283806 0.79426637
1461244588.33941 0.23612624 -0.08717862 0.84541114 -0.14499909 0.55043943 0.20814321 0.79540436
1461244588.46124 0.27589814 -0.08049685 0.84666201 -0.14819968 0.55649354 0.20284967 0.79196200
1461244588.57946 0.30924935 -0.08040129 0.84393794 -0.14409043 0.56795059 0.20006607 0.78526660
1461244588.73930 0.34079021 -0.09072725 0.83600493 -0.12472866 0.57970822 0.19778915 0.78055147
1461244588.89919 0.35737215 -0.10452220 0.82445797 -0.09801810 0.58392646 0.20377752 0.77967754
1461244589.13931 0.35823411 -0.12224187 0.80287145 -0.08586638 0.57670709 0.20007639 0.78740418
1461244589.29895 0.34074749 -0.13742196 0.78446759 -0.08405563 0.57038542 0.18124700 0.79670863
1461244589.45908 0.31205049 -0.15324066 0.76410916 -0.08406211 0.55233722 0.17377004 0.81096309
1461244589.62123 0.27849251 -0.16812154 0.74249964 -0.08099825 0.54474024 0.16762124 0.81767993
1461244589.77869 0.23516353 -0.18039624 0.72683655 -0.07190758 0.53077413 0.16057176 0.82905056
1461244589.90145 0.19369474 -0.18856860 0.71895887 -0.05337252 0.51267297 0.15133917 0.84345377
1461244590.02305 0.14909087 -0.19273951 0.71513973 -0.05780414 0.49245371 0.14401803 0.85639175
1461244590.14145 0.10550857 -0.19314326 0.71295076 -0.06081564 0.46424772 0.15208583 0.87042829
1461244590.29884 0.04874635 -0.18811568 0.70187667 -0.06706033 0.44581042 0.16070940 0.87802532
1461244590.45848 -0.00661890 -0.17822699 0.68532070 -0.08026751 0.42951437 0.14526398 0.88767838
1461244590.57877 -0.04845261 -0.17129944 0.67372553 -0.08232002 0.40085878 0.13693358 0.90210024
1461244590.69839 -0.08786616 -0.16445749 0.66476783 -0.08577020 0.35807703 0.14877967 0.91776300
1461244590.82101 -0.12130626 -0.15487173 0.65786325 -0.11531342 0.32776349 0.15553821 0.92470632
1461244591.02034 -0.15511300 -0.14265279 0.65573245 -0.12339260 0.29069432 0.16493140 0.93438146
1461244591.22039 -0.15632335 -0.12430793 0.67685695 -0.13561415 0.27974254 0.18231425 0.93279924
1461244591.33804 -0.14170244 -0.11453179 0.69297994 -0.15201222 0.31309316 0.19042103 0.91793507
1461244591.45900 -0.11994548 -0.10556314 0.70803703 -0.16860118 0.34966822 0.20522152 0.89843748
1461244591.57822 -0.09300916 -0.09785114 0.72122338 -0.16932268 0.38078636 0.22697192 0.88023595
1461244591.69832 -0.06067055 -0.09109729 0.73542135 -0.16246520 0.40519233 0.24053580 0.86692950
1461244591.81779 -0.02051248 -0.08234544 0.74940425 -0.16589749 0.43281805 0.24641839 0.85113133
1461244591.93772 0.02470431 -0.07781103 0.76136266 -0.14603567 0.45755627 0.25037212 0.84061266
1461244592.05768 0.06968759 -0.07778643 0.77049573 -0.13680932 0.48281092 0.24926868 0.82827650
1461244592.17754 0.11160240 -0.08011123 0.77898273 -0.13698744 0.50124299 0.24535372 0.81840788
1461244592.29755 0.15308283 -0.08320100 0.79018378 -0.12986534 0.51027366 0.24218632 0.81492427
1461244592.41956 0.19584224 -0.08291616 0.80429693 -0.12013045 0.52036919 0.24403962 0.80946232
1461244592.53744 0.23936189 -0.07920241 0.81953667 -0.12103016 0.53350200 0.23905331 0.80223490
1461244592.61980 0.26863351 -0.07672099 0.82958610 -0.11717812 0.54932561 0.23582589 0.79303015
1461244592.69772 0.29806145 -0.07474941 0.83900166 -0.11596798 0.56977992 0.22733751 0.78116575
1461244592.82007 0.33704438 -0.07446586 0.85399124 -0.12743626 0.58280572 0.22496673 0.77038138
1461244592.93973 0.37486238 -0.07724495 0.87143289 -0.12986208 0.57817166 0.22263516 0.77413626
1461244593.02178 0.39867317 -0.07848852 0.88327558 -0.13586324 0.57404613 0.21969641 0.77701075
1461244593.09998 0.42312985 -0.07793864 0.89428999 -0.13143232 0.57806071 0.21995621 0.77471971
1461244593.17715 0.44756804 -0.07578827 0.90613523 -0.12757118 0.57547770 0.21523818 0.77860358
1461244593.25784 0.47215382 -0.07269207 0.91836678 -0.12564472 0.57154371 0.21170398 0.78277239
1461244593.33708 0.49660621 -0.06938006 0.92969329 -0.13382930 0.56967378 0.20601791 0.78429467
1461244593.41982 0.52259411 -0.06760243 0.94010905 -0.13335812 0.57118201 0.19640312 0.78574330
1461244593.49708 0.54702172 -0.06854896 0.94977262 -0.12157725 0.57309144 0.18666232 0.78863322
1461244593.57718 0.56746695 -0.06885179 0.96002350 -0.12985948 0.56783694 0.18069877 0.79249333
1461244593.65715 0.58676954 -0.06933737 0.96740564 -0.13303226 0.56612908 0.18105156 0.79310820
1461244593.77697 0.61248838 -0.07061329 0.97959761 -0.13595216 0.55350624 0.17449866 0.80293092
1461244593.89685 0.63526667 -0.06806273 0.99232356 -0.14664896 0.54679747 0.17369932 0.80581335
1461244594.02119 0.65832345 -0.06682610 1.00756850 -0.14140388 0.53281758 0.17316807 0.81616370
1461244594.13818 0.67947691 -0.06359521 1.02770383 -0.14442022 0.51217931 0.16334567 0.83074265
1461244594.21922 0.69608121 -0.05969929 1.04110158 -0.14188801 0.49469665 0.15460155 0.84335128
1461244594.29670 0.72458591 -0.04881247 1.04744356 -0.13013531 0.45270861 0.15279460 0.86877703
1461244594.37663 0.71975806 -0.06599401 1.07463518 -0.12380665 0.44034973 0.13987661 0.87817912
1461244594.49668 0.73459951 -0.05944554 1.09518968 -0.11966407 0.41776540 0.13706134 0.89014986
1461244594.65654 0.75191797 -0.06295304 1.12086121 -0.12475103 0.36929509 0.10875282 0.91445675
1461244594.85759 0.75776249 -0.06099344 1.15258295 -0.12478465 0.31845655 0.10201218 0.93413475
1461244595.02060 0.76733264 -0.06211460 1.16558168 -0.11193952 0.26071918 0.10079107 0.95359122
1461244595.22104 0.77004092 -0.06352681 1.18585955 -0.12292943 0.18764488 0.09110542 0.97024613
1461244595.37635 0.76912312 -0.06020292 1.20450382 -0.13383610 0.12974659 0.05537233 0.98091163
1461244595.53689 0.76686679 -0.06539708 1.23298448 -0.11908556 0.09089325 0.03225973 0.98818842
1461244595.69607 0.77075237 -0.08179279 1.26046299 -0.09994034 0.04837133 -0.00384234 0.99380953
1461244595.85598 0.76833470 -0.09444276 1.28998702 -0.08686384 0.01905838 -0.02452241 0.99573596
1461244595.97579 0.76015249 -0.09947321 1.30858591 -0.07331867 -0.01173377 -0.03752185 0.99653339
1461244596.09766 0.75344379 -0.10509417 1.32747774 -0.07049474 -0.04149656 -0.04244111 0.99574459
1461244596.21810 0.74249555 -0.11059281 1.34894384 -0.07023726 -0.07739897 -0.05471211 0.99301697
1461244596.33573 0.73319612 -0.11582120 1.37235122 -0.06635432 -0.11383235 -0.06610298 0.98907517
1461244596.45569 0.71705461 -0.12355941 1.39613536 -0.04790720 -0.14814096 -0.07683948 0.98481209
1461244596.53556 0.70572274 -0.13020597 1.41028317 -0.04171942 -0.17674728 -0.08469899 0.97971729
1461244596.65554 0.68609013 -0.13844644 1.43078600 -0.03786777 -0.21314036 -0.09405519 0.97174628
1461244596.77538 0.66483511 -0.14586987 1.45042922 -0.03786565 -0.24874762 -0.09936310 0.96271376
1461244596.89541 0.63460249 -0.15029740 1.47165749 -0.03664680 -0.27472582 -0.11835164 0.95350702
1461244596.97537 0.61429554 -0.15363414 1.48602815 -0.03215128 -0.29013141 -0.12640674 0.94805664
1461244597.05530 0.59070031 -0.15998759 1.50083862 -0.02003556 -0.30099219 -0.12817074 0.94476163
1461244597.13528 0.56757171 -0.16701667 1.51370547 -0.02537412 -0.31002567 -0.13447631 0.94082749
1461244597.25519 0.53197849 -0.17479990 1.53010511 -0.02189467 -0.32104718 -0.14229456 0.93605640
1461244597.33529 0.50365964 -0.18219072 1.54170962 -0.02212167 -0.33793425 -0.15208620 0.92853695
1461244597.45554 0.45838747 -0.19287686 1.55866541 -0.00755149 -0.36267075 -0.16155967 0.91777523
1461244597.57508 0.41141136 -0.20814082 1.57616928 0.00960660 -0.38686779 -0.15598752 0.90879531
1461244597.69680 0.36267919 -0.22157429 1.59165324 0.03107635 -0.41342294 -0.15413284 0.89686053
1461244597.81731 0.31848837 -0.23442992 1.60873890 0.02353427 -0.43395336 -0.15418272 0.88733213
1461244597.93479 0.27691420 -0.24638440 1.62666108 0.01800725 -0.43488155 -0.15568786 0.88674408
1461244598.05487 0.23101741 -0.25749663 1.64620495 0.01324323 -0.44088342 -0.15309820 0.88431181
1461244598.21729 0.16756078 -0.27139571 1.67767118 0.02964897 -0.43808738 -0.15193956 0.88550255
1461244598.33483 0.12355060 -0.28728878 1.70332148 0.02171042 -0.41439883 -0.15561884 0.89642905
1461244598.45466 0.07976450 -0.30402008 1.73113319 0.00922172 -0.40917997 -0.14907273 0.90014668
1461244598.57473 0.03744670 -0.31505550 1.75974364 0.00631755 -0.40086731 -0.14414383 0.90470329
1461244598.69467 -0.00740565 -0.32412765 1.79257649 0.01277453 -0.40476072 -0.13481231 0.90434021
1461244598.81698 -0.05105531 -0.33987037 1.82954698 0.01559140 -0.41087436 -0.13110262 0.90208163
1461244598.97440 -0.10811677 -0.35910940 1.86177853 0.00986731 -0.42415010 -0.13125056 0.89597579
1461244599.09435 -0.14879059 -0.37722079 1.88967978 0.01097892 -0.43686793 -0.14258241 0.88808565
1461244599.21634 -0.18905678 -0.38981163 1.92195466 0.01712145 -0.43970788 -0.14487881 0.88621327
1461244599.33425 -0.23116815 -0.40014370 1.95482258 0.03128062 -0.43876036 -0.15522366 0.88454310
1461244599.41698 -0.25943168 -0.41219498 1.98028893 0.04428172 -0.43255485 -0.15735265 0.88666543
1461244599.53434 -0.30115242 -0.42461957 2.00469277 0.04922425 -0.43476944 -0.16121871 0.88462480
1461244599.61607 -0.32732997 -0.43285496 2.02271998 0.03921470 -0.44037576 -0.17214355 0.88028291
1461244599.69415 -0.35200526 -0.43939709 2.04084918 0.02986380 -0.44317440 -0.17042112 0.87958015
1461244599.77401 -0.37670018 -0.44745244 2.05805937 0.02917632 -0.44923948 -0.16182293 0.87814917
1461244599.89414 -0.41815018 -0.45955694 2.08641906 0.04091191 -0.45494042 -0.16609995 0.87393720
1461244600.01676 -0.45696812 -0.47778429 2.11730271 0.04834329 -0.46939513 -0.15797684 0.86739521
1461244600.17384 -0.50553978 -0.49328914 2.14402304 0.03907417 -0.48303442 -0.17037402 0.85797649
1461244600.29409 -0.54356223 -0.50341964 2.16530936 0.03287591 -0.49064037 -0.17471924 0.85303247
1461244600.41578 -0.58543452 -0.51025294 2.18964717 0.03486305 -0.49885540 -0.17860879 0.84736459
1461244600.53375 -0.62980263 -0.51937680 2.21081926 0.04225559 -0.50346789 -0.18548097 0.84281158
1461244600.65380 -0.67259181 -0.53207572 2.23513681 0.03955563 -0.50228901 -0.18147557 0.84451626
1461244600.81554 -0.72328477 -0.54784109 2.25802199 0.03315496 -0.50020771 -0.18290234 0.84571847
1461244600.93368 -0.76194567 -0.55893685 2.27622819 0.03602179 -0.50399271 -0.18283717 0.84336490
1461244601.09532 -0.81554150 -0.57161323 2.30264987 0.04822844 -0.51479497 -0.17876495 0.83708019
1461244601.21535 -0.85642696 -0.58279779 2.32216282 0.05912949 -0.52356857 -0.19006819 0.82840433
1461244601.33338 -0.89772783 -0.59292422 2.33631842 0.05703906 -0.54549326 -0.19816262 0.81235166
1461244601.45332 -0.93434898 -0.60448195 2.34923281 0.05685817 -0.56607243 -0.21007866 0.79510761
1461244601.53329 -0.96175341 -0.61113875 2.35469851 0.05734515 -0.58234022 -0.21272388 0.78252153
1461244601.65597 -0.99890222 -0.61779165 2.37027779 0.06886935 -0.59786442 -0.21444756 0.76930319
1461244601.77310 -1.04026917 -0.62385072 2.38234703 0.08492531 -0.60828911 -0.22544671 0.75627100
1461244601.85295 -1.06725778 -0.62984033 2.39029341 0.09079975 -0.61545064 -0.21987002 0.75142071
1461244601.93315 -1.09281057 -0.63533487 2.39698533 0.09341758 -0.62145671 -0.22780291 0.74375436
1461244602.01309 -1.11740597 -0.64200121 2.40626860 0.09210739 -0.63004771 -0.23262915 0.73514610
1461244602.13479 -1.15175956 -0.65198383 2.41595592 0.08726458 -0.64477398 -0.23282630 0.72280241
1461244602.25322 -1.18626378 -0.65849917 2.42445028 0.08636080 -0.65977784 -0.23590052 0.70822734
1461244602.37307 -1.22111292 -0.66367328 2.43251417 0.09325618 -0.67810363 -0.24401009 0.68697731
1461244602.49419 -1.25448469 -0.67039222 2.43943669 0.09824355 -0.70100304 -0.25162279 0.66002190
1461244602.61520 -1.28545615 -0.67931169 2.44219460 0.10671960 -0.72092780 -0.27081211 0.62891560
1461244602.73374 -1.31409093 -0.68625651 2.44129752 0.10513554 -0.74177057 -0.28134841 0.59963824
1461244602.85270 -1.34541468 -0.68886993 2.43809670 0.11225597 -0.76085812 -0.28902136 0.57005278
1461244602.97241 -1.38008997 -0.68879699 2.43489748 0.12198257 -0.77533482 -0.29350345 0.54573977
1461244603.09258 -1.41476248 -0.68993043 2.42759075 0.12783002 -0.79088203 -0.29251631 0.52211043
1461244603.21463 -1.44675410 -0.69418977 2.41761382 0.13207476 -0.80195871 -0.30038472 0.49918684
1461244603.33343 -1.47585376 -0.69929820 2.40345351 0.13553573 -0.81727252 -0.30501566 0.46974583
1461244603.41648 -1.49422950 -0.70281633 2.39329060 0.14128929 -0.82561782 -0.31192774 0.44843466
1461244603.49358 -1.51457634 -0.70595597 2.38285842 0.14176171 -0.83650051 -0.30373965 0.43348903
1461244603.57214 -1.53583219 -0.70963220 2.37154463 0.14680577 -0.84616521 -0.29408897 0.41948085
1461244603.65243 -1.55612775 -0.71249047 2.35843015 0.15709439 -0.85646496 -0.29588886 0.39273261
1461244603.73234 -1.57768712 -0.71556925 2.34699757 0.15538536 -0.86841142 -0.29517230 0.36686552
1461244603.81424 -1.59820773 -0.71822933 2.33615398 0.15440692 -0.87686722 -0.30581976 0.33724865
1461244603.89273 -1.61949870 -0.72158743 2.32553903 0.15014994 -0.88197896 -0.30569463 0.32575897
1461244603.97191 -1.63915198 -0.72422055 2.31194917 0.15419227 -0.88539686 -0.30958671 0.31056917
1461244604.05212 -1.65884223 -0.72465637 2.29816601 0.15023451 -0.88984038 -0.31075147 0.29840780
1461244604.13206 -1.67822265 -0.72413735 2.28303746 0.16120453 -0.89472170 -0.30703100 0.28145718
1461244604.21412 -1.69632842 -0.72326969 2.26616031 0.17164180 -0.89858628 -0.30039039 0.26990259
1461244604.29350 -1.71550324 -0.72107798 2.24872326 0.17875621 -0.90042267 -0.29678604 0.26306518
1461244604.37615 -1.73512961 -0.71946463 2.23041207 0.18185659 -0.90044938 -0.29181693 0.26638688
1461244604.45182 -1.75346484 -0.71835827 2.21159927 0.18606048 -0.89915993 -0.29669684 0.26241934
1461244604.53184 -1.77162482 -0.71547104 2.19241251 0.17933247 -0.89876488 -0.30639670 0.25725984
1461244604.61500 -1.78784563 -0.71478482 2.17287946 0.17602026 -0.90239605 -0.30205130 0.25191915
1461244604.73194 -1.81224328 -0.71175925 2.14320873 0.17179241 -0.90519863 -0.29757928 0.25009874
1461244604.81380 -1.82828692 -0.70993351 2.12227805 0.17264959 -0.90995306 -0.28683745 0.24474850
1461244604.93171 -1.85112958 -0.70608793 2.08797925 0.17210417 -0.91591079 -0.27608604 0.23508315
1461244605.01441 -1.86413245 -0.70452540 2.06417934 0.17351856 -0.92017536 -0.27411653 0.21915462
1461244605.09166 -1.87671000 -0.70319354 2.04174818 0.17162580 -0.92120942 -0.27486839 0.21532570
1461244605.17440 -1.88809957 -0.70094290 2.01853297 0.16904225 -0.92203999 -0.28033542 0.20658903
1461244605.25154 -1.89804591 -0.69801889 1.99683404 0.17142175 -0.92153781 -0.28582681 0.19921266
1461244605.33155 -1.90917905 -0.69282359 1.97654459 0.17198272 -0.91823167 -0.29574894 0.19951217
1461244605.45149 -1.92522452 -0.68367248 1.94316681 0.16740358 -0.91893850 -0.29275640 0.20450372
1461244605.53182 -1.93626402 -0.67517044 1.91944126 0.16929357 -0.91678298 -0.29312861 0.21195348
1461244605.65139 -1.95108991 -0.66428781 1.88083190 0.17296453 -0.91347717 -0.29359751 0.22235836
1461244605.81344 -1.96949611 -0.65479387 1.82814351 0.17932720 -0.90658501 -0.30399254 0.23137396
1461244605.97170 -1.98752619 -0.64583823 1.77671958 0.17380223 -0.90619707 -0.30064016 0.24127815
1461244606.13237 -2.00374794 -0.63214775 1.72596793 0.17090185 -0.90758396 -0.29676853 0.24292456
1461244606.25112 -2.01505315 -0.62483510 1.68482206 0.17480712 -0.91296504 -0.28433833 0.23471052
1461244606.37098 -2.02634914 -0.62095831 1.64320012 0.16762206 -0.91979734 -0.26842936 0.23199436
1461244606.49109 -2.03468771 -0.61756924 1.60247192 0.17312687 -0.91889192 -0.27475971 0.22399070
1461244606.61094 -2.04665604 -0.61219272 1.55961305 0.17340063 -0.91947854 -0.27438941 0.22181498
1461244606.73108 -2.05961073 -0.60318323 1.51795169 0.17450133 -0.91770516 -0.27517985 0.22725005
1461244606.85082 -2.07410907 -0.59334253 1.47783911 0.17113483 -0.91718635 -0.26793358 0.24019505
1461244606.97057 -2.08883781 -0.58453476 1.43491087 0.17461568 -0.91432013 -0.26236851 0.25434392
1461244607.09075 -2.10250114 -0.57867955 1.39320579 0.16727071 -0.91123511 -0.26023052 0.27193964
1461244607.21253 -2.11607344 -0.57415913 1.35452289 0.17117782 -0.90573452 -0.26742730 0.28075929
1461244607.33063 -2.13115200 -0.56538994 1.31992728 0.16737609 -0.90385770 -0.26832117 0.28814971
1461244607.49057 -2.15718444 -0.55058512 1.27097782 0.16661503 -0.90183173 -0.27136283 0.29206366
1461244607.61365 -2.17511964 -0.54266956 1.23251434 0.16182191 -0.90091689 -0.28034724 0.28908106
1461244607.77027 -2.19829138 -0.53668605 1.18134043 0.14777740 -0.89972627 -0.29242907 0.28833957
1461244607.93068 -2.21882891 -0.52928001 1.13287833 0.11704038 -0.90380302 -0.28682364 0.29525217
1461244608.09028 -2.24816210 -0.51567759 1.08348559 0.11205601 -0.89572150 -0.28754567 0.32006864
1461244608.21286 -2.27000916 -0.50720592 1.04938079 0.12714303 -0.88117696 -0.29181273 0.34958138
1461244608.33014 -2.29094022 -0.50172620 1.01624682 0.14105772 -0.86638971 -0.31110485 0.36426002
1461244608.49001 -2.32158744 -0.49477143 0.97427486 0.11455830 -0.86086326 -0.31114957 0.38597512
1461244608.61200 -2.34460525 -0.48680945 0.94754854 0.10429814 -0.85414130 -0.31463978 0.40070730
1461244608.73004 -2.36909601 -0.47661320 0.92408224 0.09312072 -0.84675953 -0.31603395 0.41767137
1461244608.84983 -2.39428967 -0.46739298 0.90077490 0.08302383 -0.84001822 -0.32054598 0.42979845
1461244608.96969 -2.42059495 -0.46094600 0.87751063 0.07044474 -0.82898183 -0.32721366 0.44806014
1461244609.08966 -2.44401289 -0.45708790 0.85389165 0.06326539 -0.82322555 -0.33488937 0.45403336
1461244609.21185 -2.46348567 -0.45377144 0.83466922 0.05394448 -0.81883428 -0.33800707 0.46081627
1461244609.32959 -2.48319261 -0.44725675 0.81743801 0.04364018 -0.80452970 -0.34707095 0.47996797
1461244609.44966 -2.50068593 -0.44181160 0.80207784 0.03094435 -0.79268193 -0.34041661 0.50479138
1461244609.56992 -2.51531416 -0.43815433 0.78823540 0.02595770 -0.77788133 -0.33418230 0.53155341
1461244609.72953 -2.53130330 -0.43354110 0.76656692 0.00893168 -0.76165782 -0.32746452 0.55907475
1461244609.88939 -2.54190673 -0.42903469 0.75167271 -0.00810363 -0.74865376 -0.32405168 0.57830994
1461244610.08929 -2.55141235 -0.41965225 0.74110676 -0.03089326 -0.73190341 -0.32767570 0.59665036
1461244610.32980 -2.56007025 -0.40955910 0.73794524 -0.07022392 -0.71807632 -0.31506770 0.61657712
1461244610.80908 -2.56826819 -0.39959367 0.75026247 -0.08362166 -0.70757366 -0.32073440 0.62408043
1461244611.01054 -2.56923530 -0.39330082 0.76465428 -0.09871944 -0.69769307 -0.34469076 0.62021539
1461244611.21252 -2.56741271 -0.38632749 0.78042245 -0.11972792 -0.68988008 -0.35022615 0.62215138
1461244611.44874 -2.56223463 -0.38197082 0.79902951 -0.14285268 -0.69075467 -0.35367878 0.61429832
1461244611.64860 -2.55738807 -0.38044754 0.81876063 -0.16030069 -0.68720973 -0.35573102 0.61278211
1461244611.81131 -2.55136769 -0.37976894 0.83869593 -0.17392126 -0.68345818 -0.35594764 0.61313750
1461244611.96845 -2.54343453 -0.38035369 0.86309731 -0.19188466 -0.67040326 -0.35622205 0.62196913
1461244612.12846 -2.53636799 -0.38297224 0.89267528 -0.21357801 -0.64871426 -0.34648079 0.64304378
1461244612.28837 -2.53023595 -0.38609302 0.92083197 -0.23153858 -0.64074734 -0.32841235 0.65420032
1461244612.44856 -2.52205041 -0.38698212 0.94678142 -0.24434848 -0.62914625 -0.32492593 0.66248921
1461244612.61253 -2.51325853 -0.38529081 0.97217637 -0.26533069 -0.61388023 -0.31424954 0.67379367
1461244612.72874 -2.50650164 -0.38468382 0.99305380 -0.28406296 -0.59525312 -0.30341899 0.68769097
1461244612.84910 -2.50145002 -0.38519952 1.01496173 -0.29902079 -0.57905257 -0.28587420 0.70253870
1461244612.96793 -2.49575952 -0.38702951 1.03861607 -0.31096955 -0.55966783 -0.27539974 0.71709472
1461244613.08789 -2.48946732 -0.38978116 1.06252552 -0.32282254 -0.54039665 -0.25801576 0.73292901
1461244613.21012 -2.48366461 -0.39177815 1.08746077 -0.33265169 -0.52001509 -0.24671844 0.74703224
1461244613.32781 -2.47652445 -0.39811329 1.11557693 -0.33336528 -0.50103145 -0.23205727 0.76418878
1461244613.44775 -2.47021506 -0.40244020 1.13953718 -0.33908118 -0.48813756 -0.22818971 0.77115182
1461244613.56776 -2.46441136 -0.40708666 1.16245613 -0.34360557 -0.47621673 -0.21664911 0.77988204
1461244613.68767 -2.45810646 -0.41047353 1.18448383 -0.34570520 -0.46522716 -0.20592119 0.78844661
1461244613.80982 -2.45294197 -0.41339093 1.20693423 -0.34764819 -0.45557636 -0.19095294 0.79694911
1461244613.92851 -2.44443120 -0.41672270 1.22906294 -0.35448060 -0.43962060 -0.18088419 0.80520690
1461244614.04871 -2.43559541 -0.42069179 1.25145556 -0.35622545 -0.42483140 -0.16866964 0.81496764
1461244614.16925 -2.42657701 -0.42506406 1.27341539 -0.35527139 -0.41492564 -0.15556833 0.82305373
1461244614.28747 -2.41637237 -0.42913737 1.29477179 -0.35806892 -0.40927968 -0.14217158 0.82708163
1461244614.40952 -2.40257224 -0.43247911 1.31667655 -0.36182560 -0.40229512 -0.13514191 0.83004670
1461244614.52730 -2.38726409 -0.43663622 1.33994158 -0.36505809 -0.38995983 -0.11900808 0.83695938
1461244614.60905 -2.37560953 -0.44103322 1.35643990 -0.36368914 -0.37993624 -0.11807477 0.84228084
1461244614.68724 -2.36297467 -0.44357204 1.37154128 -0.36320170 -0.36138052 -0.10845105 0.85189613
1461244614.76721 -2.35049790 -0.44675472 1.38715759 -0.36643040 -0.34533182 -0.09844376 0.85836095
1461244614.84715 -2.33898426 -0.44959829 1.40236992 -0.36791935 -0.33373874 -0.09148181 0.86306714
1461244614.92707 -2.32767339 -0.45144117 1.41768254 -0.37531493 -0.31961932 -0.08384544 0.86599777
1461244615.00954 -2.31672717 -0.45306418 1.43423270 -0.37714830 -0.30871901 -0.07655972 0.86982202
1461244615.08699 -2.30721597 -0.45438487 1.45125265 -0.37814791 -0.30046962 -0.07227686 0.87263865
1461244615.16699 -2.29660631 -0.45607348 1.46937846 -0.38038849 -0.28830432 -0.06844510 0.87607105
1461244615.24696 -2.28626218 -0.45789609 1.48779725 -0.38257206 -0.27395863 -0.06501049 0.87997666
1461244615.32686 -2.27561648 -0.46092835 1.50584851 -0.38282016 -0.26126696 -0.06080431 0.88401987
1461244615.41400 -2.26527706 -0.46414975 1.52427551 -0.38274294 -0.24571596 -0.05313967 0.88899251
1461244615.48678 -2.25583751 -0.46830077 1.54250933 -0.38256686 -0.23797268 -0.05093011 0.89130114
1461244615.56685 -2.24634858 -0.47307926 1.56023031 -0.37890956 -0.23122993 -0.04175914 0.89510694
1461244615.64669 -2.23708222 -0.47705609 1.57713009 -0.37917202 -0.22047933 -0.03545959 0.89797554
1461244615.72678 -2.22460006 -0.48096559 1.59412038 -0.37504527 -0.21154104 -0.03172876 0.90198931
1461244615.80865 -2.21969492 -0.48545161 1.61245114 -0.37373971 -0.19967423 -0.02299434 0.90549439
1461244615.88667 -2.21013863 -0.48839194 1.63039627 -0.37634737 -0.18465370 -0.01616171 0.90774692
1461244615.96662 -2.20097316 -0.49252438 1.64886530 -0.37547032 -0.17348056 -0.01567724 0.91031904
1461244616.04661 -2.18707545 -0.49770020 1.66813128 -0.37506876 -0.15824007 -0.01387623 0.91328580
1461244616.12654 -2.18067725 -0.50441511 1.68665080 -0.36984159 -0.14514825 0.00132358 0.91768591
1461244616.20840 -2.16975734 -0.51180358 1.70533379 -0.36645365 -0.12854596 0.01136630 0.92144369
1461244616.28647 -2.15906652 -0.52039530 1.72458673 -0.36275692 -0.11833017 0.01624616 0.92419773
1461244616.36694 -2.14941109 -0.52937685 1.74316682 -0.35240623 -0.09999650 0.02232432 0.93022157
1461244616.44636 -2.14042808 -0.53754732 1.76150275 -0.34861817 -0.08593534 0.02182454 0.93306172
1461244616.52630 -2.13125854 -0.54517046 1.78190695 -0.34811319 -0.07213453 0.02697031 0.93428391
1461244616.60874 -2.12434645 -0.55121956 1.80069453 -0.34001004 -0.05672320 0.03041884 0.93821658
1461244616.68925 -2.11743872 -0.55609233 1.82232235 -0.34523021 -0.04221403 0.03263540 0.93700001
1461244616.76618 -2.10968143 -0.56060924 1.84638680 -0.34780840 -0.02237010 0.04115188 0.93639491
1461244616.84619 -2.10241478 -0.56515824 1.86797781 -0.34196466 0.00610946 0.05596084 0.93802518
1461244616.92643 -2.09543786 -0.57073652 1.88876260 -0.35012707 0.02387368 0.05708879 0.93465606
1461244617.00901 -2.08609369 -0.57781945 1.91070750 -0.35167105 0.05421061 0.06613726 0.93220950
1461244617.08615 -2.07780874 -0.58492083 1.93308548 -0.33544495 0.07191912 0.09130844 0.93486207
1461244617.16642 -2.06852303 -0.59181806 1.95699034 -0.32401292 0.08321503 0.09561352 0.93752277
1461244617.24604 -2.05734382 -0.59726093 1.98177520 -0.31432218 0.10029962 0.09732626 0.93897239
1461244617.32600 -2.04640173 -0.60077168 2.00584177 -0.30951590 0.11113096 0.11320740 0.93756808
1461244617.40814 -2.03377170 -0.60528857 2.02877799 -0.30162645 0.12542649 0.11759846 0.93779544
1461244617.48590 -2.02085178 -0.61038171 2.05189842 -0.29328783 0.13645843 0.12502617 0.93793912
1461244617.56582 -2.00850348 -0.61597647 2.07324645 -0.28657255 0.13990715 0.13372379 0.93830705
1461244617.64861 -1.99585641 -0.62159514 2.09279944 -0.28776223 0.14733499 0.13182232 0.93707426
1461244617.72570 -1.98276661 -0.62756138 2.11148589 -0.28503809 0.15513842 0.12851403 0.93710699
1461244617.80834 -1.97004902 -0.63348819 2.12964000 -0.27799331 0.16736319 0.13337469 0.93644032
1461244617.92570 -1.95027183 -0.64140570 2.15779581 -0.27382416 0.17765899 0.13168818 0.93601060
1461244618.00792 -1.93628072 -0.64520732 2.17818865 -0.26857556 0.18979397 0.13545408 0.93461094
1461244618.08567 -1.92189287 -0.64885693 2.19952845 -0.26399768 0.20257002 0.13975259 0.93259843
1461244618.16566 -1.90737040 -0.65254464 2.22084158 -0.25945873 0.21557614 0.14034919 0.93086530
1461244618.24553 -1.89370441 -0.65651615 2.24283694 -0.26074965 0.22876040 0.13881391 0.92758234
1461244618.36543 -1.87340290 -0.66196403 2.27125836 -0.26565990 0.24383385 0.14260161 0.92175628
1461244618.48546 -1.85484675 -0.66572470 2.29865903 -0.27154401 0.24998741 0.15689154 0.91605414
1461244618.60796 -1.83415910 -0.66555189 2.32401825 -0.27328754 0.26083230 0.17260761 0.90966315
1461244618.68534 -1.81985168 -0.66355791 2.34283468 -0.27958563 0.26753735 0.17815028 0.90471991
1461244618.80735 -1.79439322 -0.65754863 2.36345150 -0.28959730 0.28158938 0.18722967 0.89542497
1461244618.92525 -1.76901338 -0.65437991 2.38420913 -0.29646233 0.29688428 0.21127260 0.88279879
1461244619.00680 -1.75032740 -0.65393775 2.39669107 -0.30206001 0.31569996 0.22559798 0.87074614
1461244619.08524 -1.72906891 -0.65671354 2.40821433 -0.29083399 0.34037735 0.23412758 0.86298501
1461244619.16519 -1.70883979 -0.66037367 2.41670613 -0.28252667 0.36741667 0.23480698 0.85442926
1461244619.28531 -1.67555315 -0.66183052 2.42840980 -0.27527900 0.40732564 0.23931309 0.83727925
1461244619.40743 -1.64541420 -0.65960222 2.44087233 -0.26470858 0.44803391 0.26411561 0.81205783
1461244619.52469 -1.61716347 -0.65697599 2.45525158 -0.26695394 0.48627314 0.27786778 0.78425986
1461244619.64526 -1.58969498 -0.65435932 2.46658688 -0.27638513 0.51297797 0.29587106 0.75691821
1461244619.76483 -1.56062765 -0.65305803 2.47636330 -0.27284273 0.53829213 0.31595544 0.73210012
1461244619.88491 -1.52904087 -0.64973906 2.48368562 -0.27076842 0.56149070 0.32400051 0.71164339
1461244620.00481 -1.49332767 -0.64166981 2.48947835 -0.26367853 0.58723887 0.33391388 0.68856783
1461244620.12476 -1.45649879 -0.63469421 2.49205680 -0.25067147 0.61109219 0.34021124 0.66931791
1461244620.24458 -1.41848219 -0.62897447 2.49101565 -0.24950401 0.63140368 0.34315412 0.64909352
1461244620.36452 -1.38034891 -0.62386958 2.48528637 -0.25130152 0.64609503 0.34584041 0.63229990
1461244620.48439 -1.34663926 -0.61694898 2.47730377 -0.25365560 0.66282341 0.36012681 0.60550198
1461244620.60684 -1.30949025 -0.60550403 2.47003956 -0.25028742 0.67424159 0.36736653 0.58974259
1461244620.72449 -1.26896818 -0.59461863 2.45986604 -0.24744332 0.69612887 0.36526008 0.56635807
1461244620.84428 -1.22403037 -0.58744026 2.44813495 -0.25707518 0.71115769 0.35375968 0.55047361
1461244620.96463 -1.17626323 -0.58250132 2.43223632 -0.25875349 0.71866177 0.35005020 0.54225155
1461244621.08556 -1.13030153 -0.57724701 2.41894473 -0.25681921 0.72517383 0.35367614 0.53205262
1461244621.16458 -1.09760685 -0.57108766 2.40616904 -0.24073752 0.73346105 0.35476507 0.52746761
1461244621.24416 -1.06229876 -0.56438984 2.39259870 -0.22306284 0.74411287 0.35304591 0.52143801
1461244621.32414 -1.02947696 -0.55849066 2.37780071 -0.20039766 0.76061920 0.34326865 0.51328925
1461244621.40613 -0.99347532 -0.55323003 2.36275477 -0.18961930 0.76497326 0.33225724 0.51813663
1461244621.52406 -0.94601396 -0.54919890 2.34295778 -0.18705901 0.76978866 0.31980937 0.51976562
1461244621.64401 -0.90095847 -0.54179923 2.32080005 -0.18718039 0.76811684 0.33232250 0.51431681
1461244621.76576 -0.85574864 -0.52909972 2.29696437 -0.19767613 0.76976622 0.32614400 0.51187324
1461244621.88680 -0.80856539 -0.51208581 2.27367881 -0.18545037 0.78246437 0.32075148 0.50047594
1461244622.00577 -0.76183667 -0.49991835 2.24914982 -0.19130811 0.78958212 0.30901234 0.49444177
1461244622.12419 -0.71596772 -0.49141157 2.22743173 -0.19271270 0.79207994 0.31181626 0.48810020
1461244622.24380 -0.67437218 -0.48002952 2.20272405 -0.19712626 0.78640203 0.32903342 0.48420047
1461244622.36361 -0.62911939 -0.46297624 2.18138805 -0.19558054 0.78762567 0.32349055 0.48656748
1461244622.52359 -0.56390788 -0.44228391 2.15311953 -0.19015854 0.78578842 0.30792390 0.50155674
1461244622.68351 -0.50312615 -0.42720992 2.12506378 -0.20997450 0.77718792 0.31469412 0.50284914
1461244622.88340 -0.42682010 -0.40785040 2.09628693 -0.19729295 0.77821052 0.31534836 0.50598349
1461244623.00700 -0.37510835 -0.39313567 2.07682369 -0.18259022 0.78974901 0.30126466 0.50219211
1461244623.12325 -0.32372515 -0.38173314 2.05707941 -0.16704684 0.79935306 0.30248148 0.49156382
1461244623.24321 -0.27651041 -0.37197750 2.03657865 -0.17754451 0.80212903 0.30972867 0.47868059
1461244623.36550 -0.22978957 -0.35679294 2.01721398 -0.18312505 0.79932626 0.32965321 0.46783705
1461244623.48305 -0.18299387 -0.33547613 1.99588438 -0.20100451 0.80221703 0.32864302 0.45611270
1461244623.64304 -0.11319977 -0.31595335 1.97109216 -0.17334695 0.81196932 0.32305326 0.45419517
1461244623.76294 -0.06335798 -0.30666392 1.95055100 -0.18386576 0.80671876 0.33053220 0.45403379
1461244623.88286 -0.01651848 -0.29979968 1.93089363 -0.17951564 0.80761152 0.33603747 0.45012953
1461244624.00624 0.03280497 -0.28633329 1.91273688 -0.18373639 0.80822088 0.33037300 0.45152368
1461244624.12282 0.08039826 -0.26920190 1.89228912 -0.17328320 0.81947618 0.32906782 0.43605745
1461244624.24275 0.12682690 -0.25706470 1.87017533 -0.17803141 0.82967204 0.31607008 0.42432161
1461244624.36267 0.17059923 -0.24899247 1.84634015 -0.17985116 0.83627165 0.31878760 0.40826187
1461244624.48257 0.20985491 -0.24060910 1.82140809 -0.17154407 0.83970287 0.32931752 0.39625962
1461244624.60486 0.24838169 -0.22805847 1.79649808 -0.15981108 0.84807677 0.33018585 0.38236568
1461244624.68271 0.27381987 -0.21629861 1.77920213 -0.14809297 0.85520468 0.33084460 0.37045279
1461244624.76274 0.29883434 -0.20650091 1.76059414 -0.13961367 0.86322720 0.32709993 0.35826312
1461244624.88246 0.33828277 -0.19393494 1.73435297 -0.14312489 0.86147450 0.33761930 0.35126936
1461244625.00245 0.37339367 -0.18421228 1.71061548 -0.15048315 0.86149410 0.34245280 0.34337852
1461244625.12491 0.40985891 -0.17334554 1.68649736 -0.15857826 0.86157785 0.34546651 0.33643637
1461244625.24237 0.44555826 -0.15641321 1.66105300 -0.15092374 0.86812394 0.35054317 0.31733631
1461244625.36227 0.47898354 -0.13917195 1.63762007 -0.15294021 0.87596621 0.34902936 0.29575495
1461244625.48218 0.51194567 -0.12700540 1.61408864 -0.15536024 0.88124767 0.35563496 0.26979533
1461244625.60475 0.54287708 -0.11698773 1.58778751 -0.14658376 0.88554019 0.36800776 0.24269747
1461244625.72381 0.57167573 -0.10938265 1.55930414 -0.14687080 0.89262971 0.36696648 0.21674124
1461244625.84518 0.59944521 -0.09646404 1.52744323 -0.13865821 0.90352725 0.36100135 0.18463593
1461244625.92190 0.61604853 -0.08759060 1.50583977 -0.12917333 0.91136558 0.35558494 0.16213073
1461244626.00420 0.63282157 -0.07971794 1.48269832 -0.12392719 0.91639090 0.35363537 0.14075440
1461244626.08213 0.64798668 -0.07370887 1.45929146 -0.11838341 0.92061848 0.35268238 0.11858382
1461244626.16181 0.66194328 -0.07026083 1.43555609 -0.12405499 0.92259466 0.35401279 0.09002445
1461244626.24225 0.67343533 -0.06793051 1.41389461 -0.12035554 0.92500332 0.35455020 0.06463398
1461244626.32183 0.68381697 -0.06484405 1.39395129 -0.11075176 0.92815464 0.35377000 0.03331359
1461244626.40409 0.69485898 -0.05986576 1.37552025 -0.11426432 0.92879475 0.35201840 0.01915807
1461244626.48178 0.70473139 -0.05325965 1.35820844 -0.11454969 0.92981696 0.34968039 -0.00651248
1461244626.56166 0.71326884 -0.04606243 1.34106388 -0.10896069 0.93183894 0.34416393 -0.03680968
1461244626.64162 0.72315388 -0.03864717 1.32424606 -0.11267805 0.93025419 0.34478750 -0.05524824
1461244626.72167 0.73298609 -0.03292920 1.30704663 -0.12670300 0.92658152 0.34600906 -0.07530444
1461244626.80164 0.74177251 -0.02674405 1.29052137 -0.12828229 0.92170319 0.35320713 -0.09618526
1461244626.88158 0.74904468 -0.02160493 1.27280525 -0.11383088 0.92056139 0.35320258 -0.12189013
1461244626.96152 0.75325917 -0.01600320 1.25597251 -0.10537570 0.91649656 0.35799256 -0.14412267
1461244627.04145 0.75639077 -0.01063546 1.23785750 -0.10204805 0.91430868 0.35524732 -0.16560547
1461244627.12153 0.75586323 -0.00464621 1.22055393 -0.09503969 0.91150659 0.35262402 -0.18915465
1461244627.20358 0.75363951 0.00143513 1.20386239 -0.08681167 0.90902361 0.34753443 -0.21297802
1461244627.28133 0.75103033 0.00786775 1.18465310 -0.09034539 0.90418827 0.35051945 -0.22675405
1461244627.36122 0.74621732 0.01209639 1.16566031 -0.09276588 0.89814564 0.34955517 -0.25008015
1461244627.44130 0.74188358 0.01466068 1.14694809 -0.08925951 0.89317154 0.34950964 -0.26855233
1461244627.52119 0.73666039 0.01687006 1.12832515 -0.08209642 0.88824873 0.34945438 -0.28662868
1461244627.60789 0.73022544 0.01807624 1.11077173 -0.07640451 0.88215679 0.34746180 -0.30859691
1461244627.68105 0.72287094 0.01978941 1.09341882 -0.06783769 0.87956381 0.34287597 -0.32280277
1461244627.76110 0.71205756 0.02236221 1.07802162 -0.05582394 0.87540582 0.33303156 -0.34588772
1461244627.88106 0.69768611 0.02792430 1.05267064 -0.05239598 0.86176124 0.32677487 -0.38450021
1461244627.96099 0.68589691 0.03173519 1.03608355 -0.05176485 0.85173982 0.32167784 -0.41034503
1461244628.04110 0.67464410 0.03427056 1.02183546 -0.04822606 0.83843734 0.32303744 -0.43628418
1461244628.12086 0.66280107 0.03665605 1.00965911 -0.03452969 0.82173751 0.31953827 -0.47058522
1461244628.20095 0.64963993 0.03712679 0.99869125 -0.02282073 0.81617387 0.31185266 -0.48588821
1461244628.32095 0.63073530 0.03999865 0.98098244 -0.01938449 0.80453045 0.31300468 -0.50436403
1461244628.40317 0.61609638 0.04541893 0.96983422 -0.00971090 0.79472656 0.31918928 -0.51617206
1461244628.48087 0.60057790 0.05041823 0.95746092 -0.00596701 0.78971457 0.31796901 -0.52460557
1461244628.56080 0.58260633 0.05400889 0.94631103 -0.00675503 0.78479171 0.32313215 -0.52881184
1461244628.64075 0.56588044 0.05539855 0.93337165 -0.00811798 0.77968770 0.31469807 -0.54128209
1461244628.72066 0.54814362 0.05589407 0.92305049 -0.00880287 0.77207792 0.31827935 -0.55001496
1461244628.80267 0.53099156 0.05563329 0.91438070 -0.00749604 0.76285961 0.32458124 -0.55913867
1461244628.92056 0.50690247 0.05621285 0.90371134 0.00397666 0.75742480 0.31732760 -0.57060937
1461244629.04058 0.48849953 0.05947039 0.88921886 0.00673998 0.75202585 0.33415314 -0.56811388
1461244629.12049 0.47492503 0.06171558 0.87966938 0.01243958 0.75187921 0.33507342 -0.56766954
1461244629.24038 0.45311355 0.06537551 0.86549674 0.01434989 0.75428093 0.33368723 -0.56524967
1461244629.36023 0.42750048 0.06834609 0.84999543 0.01098664 0.75722854 0.33742761 -0.55913043
1461244629.52030 0.39311759 0.06641534 0.82681277 -0.00729004 0.76254277 0.33817012 -0.55146745
1461244629.72022 0.35356531 0.05785749 0.79217752 -0.03420693 0.77108549 0.34863436 -0.53170587
1461244629.88024 0.31977770 0.05104205 0.76477945 -0.04860478 0.78905477 0.33635265 -0.51175877
1461244629.96007 0.30128818 0.04793629 0.75126416 -0.05863192 0.80108678 0.33442126 -0.49293478
1461244630.08126 0.27157017 0.04367704 0.72918066 -0.08507206 0.81659940 0.34350266 -0.45599790
1461244630.16000 0.25321544 0.03991179 0.71535328 -0.09720448 0.82787553 0.34513437 -0.43134169
1461244630.23996 0.23780159 0.03613654 0.70170469 -0.10371272 0.84008212 0.35124586 -0.40016502
1461244630.31992 0.22461818 0.03109093 0.68744863 -0.11447605 0.85290740 0.35648073 -0.36382097
1461244630.43993 0.20598550 0.02503467 0.66743711 -0.12258634 0.86508314 0.36801668 -0.31806835
1461244630.55997 0.18500099 0.02553889 0.65026224 -0.12609082 0.87072572 0.38081945 -0.28445452
1461244630.67987 0.16060477 0.03084001 0.63185184 -0.13624696 0.87858404 0.38759898 -0.24350335
1461244630.75977 0.14144102 0.03364164 0.61727806 -0.15281927 0.88356921 0.38491374 -0.21861642
1461244630.83980 0.12083142 0.03324174 0.60122648 -0.17362244 0.88797837 0.37873450 -0.19470449
1461244630.91972 0.09966583 0.03100902 0.58511254 -0.18542255 0.89385495 0.36457805 -0.18364271
1461244631.00221 0.08122234 0.02512630 0.56800396 -0.20401327 0.89432137 0.36699651 -0.15453620
1461244631.07962 0.06424816 0.01572337 0.55092674 -0.20926850 0.90388404 0.35094004 -0.12665471
1461244631.15954 0.04639544 0.00766773 0.53617456 -0.19924488 0.91199342 0.34328672 -0.10355529
1461244631.27953 0.01718919 0.00006123 0.51656583 -0.18964710 0.92155016 0.32847412 -0.08297005
1461244631.40171 -0.01467328 -0.00261047 0.49790415 -0.17729479 0.93377333 0.30579516 -0.05588597
1461244631.52039 -0.05101765 -0.00652128 0.48036316 -0.17789551 0.93708794 0.29964173 -0.02083794
1461244631.63936 -0.08591549 -0.01564393 0.46562790 -0.18186438 0.94009972 0.28769178 0.01926916
1461244631.75922 -0.11995509 -0.02510502 0.45165282 -0.19546001 0.93408147 0.29378702 0.05455625
1461244631.88026 -0.15395055 -0.03115400 0.43381885 -0.18685938 0.93453814 0.29278364 0.07745818
1461244631.99922 -0.19001125 -0.03383998 0.41323207 -0.16508280 0.94104803 0.27506469 0.10731116
1461244632.12071 -0.23092454 -0.03315743 0.39027333 -0.16886268 0.94078824 0.26901200 0.11847116
1461244632.24084 -0.27736586 -0.03631869 0.36787255 -0.16876398 0.94095008 0.26770652 0.12027002
1461244632.35905 -0.32235568 -0.04426940 0.34647189 -0.17207707 0.93972482 0.27078123 0.11825508
1461244632.47890 -0.36163433 -0.05253881 0.32451022 -0.15469538 0.93953495 0.27031486 0.14238432
1461244632.60096 -0.40027683 -0.05953603 0.30476720 -0.15001864 0.94020685 0.26400405 0.15429628
1461244632.71925 -0.43836178 -0.06553114 0.28951952 -0.14943317 0.94007213 0.24839190 0.17954273
1461244632.83882 -0.47649584 -0.07331308 0.28066332 -0.16546634 0.93530424 0.25164198 0.18575031
1461244632.95878 -0.50555435 -0.08480442 0.27037491 -0.15575799 0.93534423 0.23267703 0.21617588
1461244633.12151 -0.54272612 -0.10070492 0.24947519 -0.14781606 0.93922957 0.23994708 0.19601944
1461244633.27952 -0.57497635 -0.11140859 0.22312894 -0.14833152 0.94557542 0.21441242 0.19471053
1461244633.43835 -0.60624588 -0.11357293 0.19677023 -0.17488437 0.94655221 0.20267542 0.17993620
1461244633.71867 -0.63572570 -0.12419818 0.16935229 -0.16971049 0.94756083 0.20351328 0.17863136
1461244634.27796 -0.61810266 -0.14419426 0.18543615 -0.13940408 0.94040053 0.23828534 0.19857855
1461244634.51780 -0.58614751 -0.13074472 0.18654527 -0.16840108 0.93407803 0.24737582 0.19479354
1461244634.67778 -0.55281421 -0.11873307 0.17832502 -0.17340951 0.93308584 0.25262283 0.18831269
1461244634.79982 -0.52553301 -0.11374041 0.16497387 -0.16699735 0.93769780 0.25029745 0.17374091
1461244634.95787 -0.49225906 -0.11170199 0.14460486 -0.16407532 0.94346190 0.24237919 0.15559969
1461244635.11778 -0.46392685 -0.10973534 0.12343640 -0.16791837 0.94377207 0.24660477 0.14242119
1461244635.27766 -0.43795011 -0.10713215 0.09618151 -0.17102642 0.94718738 0.24104591 0.12443031
1461244635.43761 -0.41020669 -0.09810006 0.06680714 -0.17417259 0.94939535 0.24173942 0.09937014
1461244635.55753 -0.38844323 -0.09612468 0.04036148 -0.18715147 0.95320076 0.22530442 0.07497044
1461244635.67837 -0.36812924 -0.09522014 0.01670842 -0.19058737 0.95486420 0.22207077 0.05094489
1461244635.83743 -0.34253974 -0.09648629 -0.01071352 -0.17642684 0.95925896 0.21950317 0.02267540
1461244635.95735 -0.32042616 -0.09711667 -0.02952007 -0.17678342 0.96303858 0.20314007 0.00619893
1461244636.07803 -0.29745968 -0.09129627 -0.04812024 -0.18199124 0.96248686 0.20004941 -0.02187377
1461244636.19927 -0.27099774 -0.08159910 -0.06794901 -0.16543698 0.96502347 0.19829299 -0.04516848
1461244636.27713 -0.25455482 -0.07670730 -0.08030868 -0.16198384 0.96431741 0.19678723 -0.07160977
1461244636.35725 -0.23810232 -0.07222722 -0.09142293 -0.15241420 0.96471734 0.19256461 -0.09491696
1461244636.43711 -0.22022201 -0.06636385 -0.10247377 -0.14284100 0.96410138 0.19464591 -0.11053487
1461244636.55708 -0.19659540 -0.05573255 -0.11127154 -0.14435798 0.96148236 0.19514021 -0.12896797
1461244636.67702 -0.17156919 -0.04190243 -0.11690902 -0.14187204 0.95927901 0.19775757 -0.14334592
1461244636.79950 -0.14164946 -0.02571962 -0.11844122 -0.13873649 0.95925429 0.20133198 -0.14159390
1461244636.87694 -0.12092832 -0.01323882 -0.11647556 -0.12571170 0.95878315 0.21272315 -0.14028647
1461244636.95706 -0.10036183 -0.00329915 -0.11558875 -0.09892259 0.96112787 0.21744302 -0.13844156
1461244637.07688 -0.07374786 0.01491112 -0.10590109 -0.07739612 0.96041973 0.22476856 -0.14519941
1461244637.19902 -0.05004682 0.03366653 -0.09726908 -0.06661449 0.96033565 0.23057609 -0.14195994
1461244637.31668 -0.02791006 0.05502859 -0.08602059 -0.07134913 0.95630904 0.24298293 -0.14608770
1461244637.43666 -0.00997906 0.07651623 -0.07454796 -0.07434970 0.95235708 0.25850791 -0.14374206
1461244637.55744 0.00544436 0.09981282 -0.05709342 -0.06646727 0.94733531 0.27877160 -0.14291364
1461244637.67665 0.01562566 0.11951040 -0.03599701 -0.04177690 0.94247754 0.29285199 -0.15565502
1461244637.83671 0.02352289 0.14261155 -0.00173670 -0.04087623 0.93450475 0.31033717 -0.16947229
1461244637.99821 0.02467609 0.15444094 0.02994603 -0.07880370 0.92745945 0.32958781 -0.15805322
1461244638.15636 0.02176083 0.15987726 0.06555875 -0.09945837 0.92381229 0.34053868 -0.14391765
1461244638.31628 0.01208813 0.15799763 0.10551478 -0.11405703 0.92240387 0.34557298 -0.12938856
1461244638.47622 -0.00119700 0.14729198 0.13727884 -0.10265364 0.92633804 0.34312764 -0.11671969
1461244638.67613 -0.01546491 0.13092624 0.15869975 -0.11520863 0.92878875 0.33386376 -0.11230945
1461244638.87598 -0.02524059 0.11637234 0.15013536 -0.12016560 0.94034943 0.30690159 -0.08434802
1461244639.03675 -0.03262131 0.10653583 0.12935159 -0.12652431 0.95040693 0.28027619 -0.04651362
1461244639.19840 -0.03592036 0.09866152 0.10286693 -0.14725932 0.95429291 0.25969380 0.01410185
1461244639.35559 -0.03976439 0.09651619 0.08017233 -0.14705770 0.95471133 0.25152660 0.06028827
1461244639.55561 -0.04643703 0.10569720 0.05051865 -0.15480979 0.94586229 0.26462297 0.10655115
1461244639.83559 -0.04792774 0.12196574 -0.00106149 -0.16369026 0.92984814 0.26399510 0.19721694
1461244639.95554 -0.04858381 0.12179978 -0.02322465 -0.14865185 0.92840682 0.24230427 0.23927400
1461244640.07723 -0.04412905 0.12207882 -0.03984519 -0.15077237 0.91094119 0.23583264 0.30304587
1461244640.19815 -0.04027149 0.12340052 -0.05552885 -0.15048823 0.89568410 0.23349436 0.34725158
1461244640.31535 -0.03279850 0.13099134 -0.07247981 -0.14676977 0.87822980 0.23964475 0.38696440
1461244640.39797 -0.02406279 0.14086044 -0.08306916 -0.14532673 0.86018883 0.24684234 0.42192911
1461244640.63521 0.00264488 0.17060050 -0.12744479 -0.13375863 0.83353217 0.24095327 0.47882594
1461244640.75516 0.01755666 0.17965813 -0.15682173 -0.13061432 0.83359189 0.22464369 0.48744197
1461244640.87507 0.03428457 0.18665177 -0.18098748 -0.14332616 0.81925352 0.21281617 0.51282606
1461244640.95502 0.04436115 0.19110188 -0.19389422 -0.13615585 0.80341737 0.20935466 0.54051156
1461244641.19770 0.06297367 0.21393740 -0.22880319 -0.14999750 0.76736553 0.22639753 0.58085717
1461244641.31489 0.06876104 0.22424306 -0.24751755 -0.14166646 0.75592036 0.23098863 0.59595241
