1461163000.65237 -0.92516917 0.34961625 0.28430866 0.06642918 -0.19719112 -0.17188102 0.96289134
1461163000.83223 -0.97919721 0.37876983 0.28468493 0.07793274 -0.17214526 -0.16466046 0.96808028
1461163001.01307 -1.04188311 0.40795229 0.28284815 0.08668209 -0.15207808 -0.15274835 0.97263889
1461163001.19231 -1.10805959 0.41758061 0.27658276 0.09808727 -0.12754262 -0.15038843 0.97544610
1461163001.41296 -1.20417318 0.44515693 0.25162873 0.11000454 -0.12423244 -0.14440547 0.97550621
1461163001.59248 -1.28887761 0.49254127 0.22257146 0.09965003 -0.12065462 -0.16100101 0.97446960
1461163001.87463 -1.36997861 0.47971680 0.16917894 0.07475839 -0.13393558 -0.12902655 0.97970638
1461163002.15226 -1.39058903 0.28208447 0.08378892 0.08820945 -0.12956824 -0.07677811 0.98465034
1461163002.31226 -1.40235232 0.19288830 0.03711013 0.07137486 -0.10868603 -0.05367393 0.99005661
1461163002.51222 -1.46191051 0.10506643 -0.02575081 0.05671977 -0.09881869 -0.07591453 0.99058302
1461163002.69220 -1.56543440 0.01777439 -0.09673886 0.05509366 -0.09566428 -0.08355799 0.99036917
1461163002.85231 -1.68506474 -0.04293932 -0.16186443 0.06093985 -0.09857397 -0.08104788 0.98994987
1461163003.03221 -1.78335395 -0.07234340 -0.21655892 0.07441358 -0.06778824 -0.08267470 0.99147984
1461163003.23219 -1.91249377 -0.06413899 -0.26940285 0.07937008 -0.04940847 -0.08081142 0.99233498
1461163003.39216 -2.04699523 -0.04352878 -0.30977555 0.08147790 -0.05134209 -0.06984257 0.99289846
1461163003.53256 -2.17858084 -0.01771736 -0.33766193 0.08066091 -0.06864814 -0.08391705 0.99082752
1461163003.67272 -2.29731500 0.02458365 -0.35665030 0.05658950 -0.07185356 -0.09842667 0.99093233
1461163004.05218 -2.58712904 0.10463719 -0.39223994 0.06367186 -0.06259039 -0.09371572 0.99158746
1461163004.21219 -2.70634800 0.16054578 -0.40681590 0.05639953 -0.04238182 -0.10550716 0.99191286
1461163004.39212 -2.84692845 0.20460326 -0.43860513 0.06888718 -0.03755559 -0.08623218 0.99318082
1461163004.57288 -2.98243658 0.26493461 -0.49590994 0.07253707 -0.05139938 -0.09070164 0.99190206
1461163004.75222 -3.11767924 0.34135843 -0.57837734 0.08266315 -0.06172944 -0.09576472 0.99004313
1461163004.83214 -3.18744162 0.38191792 -0.62645068 0.08056020 -0.06838896 -0.10604342 0.98873040
1461163004.95391 -3.30438887 0.44778817 -0.70571493 0.06109779 -0.09415117 -0.10763791 0.98783435
1461163005.27412 -3.56616074 0.57577667 -0.90460884 0.04402731 -0.13384072 -0.10035570 0.98492487
1461163005.43213 -3.68623935 0.65987163 -0.99748979 0.04015881 -0.15160092 -0.11222426 0.98122890
1461163005.59210 -3.81651154 0.74857715 -1.08331541 0.02089235 -0.15888269 -0.12335558 0.97933814
1461163005.79259 -3.97373972 0.81327142 -1.18379668 0.02066365 -0.16221905 -0.08696476 0.98269788
1461163005.99226 -4.10647774 0.85517900 -1.28401928 0.03877912 -0.17623702 -0.09733680 0.97875545
1461163006.21210 -4.22985502 0.91374586 -1.40256435 0.05184960 -0.18722682 -0.10020289 0.97581613
1461163006.37453 -4.32614983 0.97546137 -1.51084708 0.04068195 -0.20361454 -0.11312533 0.97164230
1461163006.57405 -4.45036087 1.03677850 -1.59228882 0.03900173 -0.22881013 -0.11552050 0.96580526
1461163006.91206 -4.60160841 1.10261923 -1.56700723 0.05547809 -0.21734065 -0.12926209 0.96590711
1461163007.09195 -4.70030671 1.11828436 -1.50562807 0.05726184 -0.18448877 -0.12271369 0.97346100
1461163007.25210 -4.79181184 1.12296224 -1.43818926 0.05919749 -0.15010298 -0.10447386 0.98135109
1461163007.45204 -4.90231680 1.11650190 -1.33259050 0.05593527 -0.12685785 -0.09432220 0.98584058
1461163007.63197 -4.97797030 1.09318186 -1.19513517 0.06765467 -0.10286243 -0.08475934 0.98876591
1461163007.79198 -5.03742574 1.05634255 -1.04725694 0.08576559 -0.09034646 -0.06684122 0.98995658
1461163007.91195 -5.07052094 1.02048065 -0.91615708 0.08956871 -0.05992098 -0.03263163 0.99364083
1461163008.05211 -5.11383456 0.97141200 -0.77671378 0.09649024 -0.03282835 -0.02545779 0.99446661
1461163008.23202 -5.17219321 0.92668540 -0.60940729 0.08901580 -0.01951731 -0.04624451 0.99476465
1461163008.41214 -5.20600850 0.89500692 -0.43171786 0.08768627 -0.00682924 -0.04988008 0.99487510
1461163008.53180 -5.20931010 0.87874581 -0.30822120 0.08011363 0.02541379 -0.04766785 0.99532091
1461163008.69185 -5.21021519 0.81587161 -0.16300715 0.10225138 0.04158824 -0.03037986 0.99342445
1461163008.83185 -5.17443433 0.72778368 -0.05887655 0.11589714 0.06711856 -0.00793008 0.99095916
1461163008.95182 -5.10451894 0.63602793 -0.01069131 0.13639898 0.09124613 0.00999560 0.98639219
1461163009.07440 -5.02285451 0.55569311 0.01427275 0.15483006 0.11161286 0.01901097 0.98143202
1461163009.25193 -4.90181627 0.47120704 0.00965204 0.16521090 0.11579224 0.02407112 0.97914151
1461163009.43211 -4.78152932 0.41862750 -0.02910664 0.17603464 0.09672406 0.03697851 0.97892229
1461163009.61187 -4.62501984 0.38616420 -0.05886278 0.17791099 0.10547389 0.02856186 0.97796071
1461163009.77321 -4.46601831 0.37694073 -0.07226782 0.17257580 0.09808271 0.02882241 0.97967681
1461163009.89228 -4.32043999 0.38678426 -0.10435349 0.16852043 0.10874033 0.01362443 0.97958705
1461163010.01178 -4.16272718 0.39288808 -0.16302422 0.17051196 0.11468305 -0.00225452 0.97865642
1461163010.13170 -4.01547461 0.39262311 -0.23694077 0.16536097 0.11821888 -0.01520328 0.97900404
1461163010.27414 -3.86320182 0.37854458 -0.32431487 0.16736979 0.11254578 -0.01541489 0.97932792
1461163010.43176 -3.71333742 0.38169519 -0.43820221 0.15828831 0.10611370 -0.01902961 0.98148997
1461163010.57170 -3.59228100 0.40481776 -0.56685363 0.15388778 0.09796225 -0.03382919 0.98263805
1461163010.69169 -3.52367760 0.43534309 -0.70256333 0.14908530 0.07808002 -0.03865989 0.98497842
1461163010.81171 -3.49129698 0.48837893 -0.83964691 0.12458293 0.04949357 -0.04913664 0.98975506
1461163010.95178 -3.48389335 0.54515960 -1.00624064 0.11688231 0.02466877 -0.04068383 0.99200545
1461163011.11191 -3.49839976 0.63033365 -1.18409948 0.10615450 0.00409851 -0.05885448 0.99259789
1461163011.25179 -3.53322505 0.71498836 -1.34350209 0.09594457 -0.01611225 -0.07902061 0.99211430
1461163011.39170 -3.59043822 0.80590863 -1.51079069 0.08089324 -0.03258611 -0.08572227 0.99249490
1461163011.51167 -3.67297835 0.87516623 -1.65869721 0.07810204 -0.06768416 -0.08189920 0.99126760
1461163011.61180 -3.76009816 0.93163384 -1.77997155 0.06925651 -0.10373719 -0.08383048 0.98864280
1461163011.71173 -3.84576160 0.99363791 -1.90106647 0.05663147 -0.13900524 -0.07854341 0.98554622
1461163011.81224 -3.93062402 1.05993587 -2.02599664 0.04753525 -0.17861866 -0.08373254 0.97919591
1461163011.91171 -4.01132287 1.12253482 -2.15626138 0.04555915 -0.21627700 -0.10294399 0.96982017
1461163012.01160 -4.09122924 1.19107777 -2.28756932 0.02956326 -0.25887888 -0.09884670 0.96038381
1461163012.13237 -4.17797076 1.27194286 -2.42926890 0.01650452 -0.28159683 -0.10486093 0.95364302
1461163012.27386 -4.27873825 1.35859170 -2.57455691 0.02183514 -0.29777484 -0.11314562 0.94765576
1461163012.39182 -4.38228186 1.44447257 -2.68081819 0.02063224 -0.31385813 -0.12034672 0.94158592
1461163012.49170 -4.48872334 1.53364990 -2.75947964 0.00371850 -0.33853308 -0.13511682 0.93119545
1461163012.59176 -4.60272703 1.61860181 -2.82148004 -0.01201109 -0.35489797 -0.15126518 0.92250854
1461163012.71201 -4.74293079 1.68455917 -2.87581789 -0.01783065 -0.37538287 -0.15766191 0.91318809
1461163012.91166 -4.95983163 1.68447865 -2.86968591 -0.01072166 -0.38500940 -0.16387213 0.90818431
1461163013.05198 -5.05683100 1.63061337 -2.75489477 0.01296114 -0.36142202 -0.14955489 0.92023881
1461163013.17158 -5.10387779 1.58367199 -2.60065514 0.01491415 -0.33125756 -0.14074529 0.93286481
1461163013.27354 -5.12065769 1.53694784 -2.45998137 0.02426966 -0.30083574 -0.13969278 0.94307729
1461163013.37480 -5.12922383 1.47954899 -2.30637160 0.01897654 -0.26667830 -0.11974790 0.95612918
1461163013.49166 -5.14757649 1.38964627 -2.13444069 0.03659687 -0.24206957 -0.08487230 0.96584662
1461163013.59163 -5.14791514 1.31701458 -1.99655850 0.04956907 -0.20896307 -0.08455370 0.97299949
1461163013.71157 -5.14261670 1.23711057 -1.83026431 0.05782368 -0.17895121 -0.06218373 0.98018675
1461163013.79165 -5.12545383 1.19264532 -1.70872073 0.06915668 -0.14165844 -0.07261655 0.98482337
1461163013.89201 -5.11216813 1.16185867 -1.54207133 0.06542820 -0.11586208 -0.07026454 0.98861419
1461163014.01210 -5.10075771 1.14772352 -1.33302255 0.05440522 -0.10086324 -0.08584892 0.98969523
1461163014.13162 -5.08407678 1.11234845 -1.12769495 0.06954823 -0.07502840 -0.09000772 0.99067270
1461163014.27354 -5.09425015 1.04451502 -0.91668445 0.08720705 -0.07554466 -0.08789827 0.98942500
1461163014.41195 -5.09580492 0.97437003 -0.72032215 0.08149525 -0.06932802 -0.09870397 0.98934811
1461163014.55221 -5.08294958 0.91539879 -0.51574827 0.07908061 -0.06093188 -0.09327992 0.99062224
1461163014.67388 -5.06956629 0.87867584 -0.33039090 0.07857933 -0.05867929 -0.09254208 0.99086729
1461163014.79185 -5.04720751 0.83227663 -0.15093489 0.08063196 -0.05247218 -0.09789012 0.99053656
1461163014.89227 -5.04629209 0.79145074 -0.00814531 0.07096078 -0.05536088 -0.10851266 0.99001250
1461163014.99158 -5.06492500 0.73972070 0.12520358 0.06789258 -0.08226343 -0.10598180 0.98863096
1461163015.11157 -5.08028746 0.68940497 0.27082155 0.06256070 -0.09341344 -0.09995734 0.98861955
1461163015.25148 -5.10011734 0.64276663 0.45363143 0.06683107 -0.09298144 -0.10086634 0.98828844
1461163015.37399 -5.12265333 0.62249597 0.62187059 0.06588349 -0.08757753 -0.11303328 0.98752874
1461163015.47359 -5.15159537 0.60855273 0.76670202 0.06787699 -0.08080761 -0.12327288 0.98674548
1461163015.55224 -5.18135069 0.58975954 0.88253609 0.07405107 -0.07550476 -0.12925699 0.98595543
1461163015.63206 -5.20587282 0.57547286 0.98928970 0.06001659 -0.06325899 -0.13779752 0.98661449
1461163015.71176 -5.22876207 0.54855194 1.09297411 0.05424808 -0.05109213 -0.12896191 0.98884557
1461163015.79168 -5.26098161 0.51747975 1.19045876 0.05486613 -0.05703342 -0.13558367 0.98760010
1461163015.87339 -5.29091855 0.49204031 1.28018371 0.04946838 -0.06643699 -0.13412120 0.98749709
1461163015.95165 -5.31681089 0.46642099 1.36762877 0.04860742 -0.06908221 -0.14307303 0.98610095
1461163016.03191 -5.34234908 0.44324486 1.45350604 0.05156373 -0.07839905 -0.14234244 0.98535953
1461163016.13147 -5.37762115 0.42481049 1.55761362 0.05183793 -0.09182290 -0.14134704 0.98432840
1461163016.25160 -5.42445674 0.39134812 1.69004045 0.06002333 -0.09897163 -0.13445614 0.98413584
1461163016.35133 -5.47213199 0.36656201 1.79889831 0.06081855 -0.11313629 -0.13569288 0.98238929
1461163016.49139 -5.53335495 0.33039075 1.92888029 0.06258093 -0.12636208 -0.14804030 0.97887707
1461163016.67435 -5.59161279 0.31088107 2.05494826 0.05775870 -0.13217651 -0.16131294 0.97630499
1461163016.91141 -5.66176644 0.31511448 2.18211027 0.04442708 -0.14267290 -0.17752813 0.97270470
1461163017.19151 -5.74760827 0.32467418 2.34704070 0.03939384 -0.14442163 -0.19930731 0.96843539
1461163017.41191 -5.78604109 0.30139211 2.48935069 0.05710782 -0.10567317 -0.17146251 0.97784073
1461163017.85184 -5.91611250 0.28687934 2.72750686 0.06378596 -0.09559600 -0.14948009 0.98206337
1461163018.09176 -5.97419957 0.26101818 2.87824809 0.07597522 -0.07314854 -0.10593724 0.98876406
1461163018.45156 -6.09447012 0.24086505 3.07792179 0.05202522 -0.07562136 -0.12109180 0.98838837
1461163018.75131 -6.17096352 0.21539612 3.29695339 0.04870885 -0.05462317 -0.11053155 0.99117432
1461163018.89153 -6.17988600 0.17392994 3.43407787 0.06610121 -0.01479666 -0.10823184 0.99181528
1461163019.01128 -6.16054907 0.12185856 3.55336449 0.08221718 0.03430184 -0.07020225 0.99354686
1461163019.15198 -6.12517930 0.07027975 3.68841226 0.08340634 0.08445986 -0.04348775 0.99197718
1461163019.25130 -6.08612691 0.03588059 3.79276325 0.08413689 0.12655086 -0.02767402 0.98799798
1461163019.37308 -6.04335273 -0.00751509 3.93012442 0.09148254 0.15819202 -0.01865538 0.98298434
1461163019.49136 -5.98423686 -0.06087409 4.07394371 0.10472177 0.19492578 -0.00580134 0.97519415
1461163019.65146 -5.91715829 -0.15536093 4.26446662 0.11834695 0.22451580 0.00713576 0.96723096
1461163019.89209 -5.83153408 -0.30707282 4.55013841 0.11580134 0.23484951 0.00632696 0.96508846
1461163020.09204 -5.71224087 -0.42709036 4.81981860 0.14732768 0.25673836 0.00477806 0.95517388
1461163020.25163 -5.61121216 -0.53222030 5.03811913 0.15989619 0.29145119 -0.01447430 0.94301639
1461163020.41125 -5.51514146 -0.64789232 5.25810213 0.14592239 0.31432541 -0.01153134 0.93796227
1461163020.55133 -5.40773755 -0.73178267 5.44248432 0.13686135 0.34243993 -0.00683740 0.92949294
1461163020.69171 -5.27814581 -0.80338490 5.63708483 0.13579770 0.36490644 0.00029161 0.92108750
1461163020.83139 -5.15911202 -0.90938843 5.82594971 0.15526324 0.36873861 0.01941067 0.91626873
1461163020.97341 -5.07656858 -1.03832118 6.02620344 0.16856859 0.35418446 0.03420431 0.91922145
1461163021.11190 -4.98830789 -1.14905065 6.22152270 0.17805063 0.34064820 0.04385226 0.92213543
1461163021.25213 -4.87234552 -1.23086239 6.43421751 0.18192878 0.34159010 0.02971630 0.92159376
1461163021.39117 -4.75074622 -1.31931803 6.64023277 0.17346499 0.35123588 0.01774232 0.91990677
1461163021.53119 -4.62224685 -1.43753486 6.83585799 0.16770419 0.35605802 0.01936754 0.91908808
1461163021.67326 -4.48697891 -1.53894585 7.01507806 0.16786038 0.35526818 0.01674144 0.91941674
1461163021.79191 -4.35869151 -1.61122519 7.18428669 0.16684724 0.34435849 0.01460485 0.92377807
1461163021.91104 -4.23239785 -1.68954570 7.34266564 0.16624435 0.34486280 0.02281505 0.92353232
1461163022.03117 -4.13320914 -1.78637733 7.49289891 0.16385363 0.33008012 0.02018244 0.92940399
1461163022.15119 -4.03882395 -1.87702183 7.63577474 0.15591256 0.31688246 0.00852284 0.93552346
1461163022.25112 -3.94628373 -1.93554668 7.76191642 0.15152289 0.30647317 -0.00352495 0.93973538
1461163022.37123 -3.81901716 -2.00596209 7.90947483 0.15478367 0.30778295 -0.01582458 0.93864863
1461163022.49108 -3.69902716 -2.08116049 8.04726166 0.15610339 0.31349883 -0.02382697 0.93636664
1461163022.61449 -3.60263692 -2.16659822 8.18196999 0.15847285 0.29904315 -0.01855323 0.94080568
1461163022.71109 -3.54323992 -2.22712589 8.29662911 0.16435078 0.26509987 -0.00991717 0.95005922
1461163022.81117 -3.48759951 -2.26715299 8.42294535 0.16161691 0.22566102 -0.01308708 0.96061741
1461163022.91158 -3.42239840 -2.30192535 8.55586379 0.14801511 0.19937191 -0.02362056 0.96839271
1461163023.01110 -3.35872605 -2.34336154 8.67906705 0.13749218 0.17023655 -0.03269260 0.97521619
1461163023.11237 -3.30853694 -2.39346048 8.78213051 0.12331875 0.14044719 -0.04284349 0.98144358
1461163023.21146 -3.26785125 -2.43930862 8.87196968 0.10331767 0.11004488 -0.04342448 0.98758792
1461163023.31161 -3.23665247 -2.48609670 8.95348644 0.09811382 0.06796887 -0.04734795 0.99172178
1461163023.41106 -3.19466804 -2.52341199 9.03913844 0.10233724 0.02587212 -0.04829297 0.99323991
1461163023.51295 -3.14174154 -2.54698367 9.13803535 0.09206238 -0.00421665 -0.07053852 0.99324270
1461163023.61269 -3.08099539 -2.57984444 9.23497294 0.08706742 -0.01635241 -0.08371622 0.99254393
1461163023.69205 -3.04363514 -2.60757959 9.30473059 0.07609566 -0.03965684 -0.09040656 0.99220131
1461163023.79144 -3.00089632 -2.64358916 9.38302337 0.06360825 -0.07152781 -0.08665616 0.99162920
1461163023.89138 -2.95487250 -2.67179896 9.45030056 0.04170894 -0.09539293 -0.09289580 0.99021761
1461163023.99107 -2.90251562 -2.70325067 9.52650683 0.03399633 -0.12307613 -0.09209571 0.98752969
1461163024.07395 -2.86530978 -2.72701591 9.57907045 0.03143212 -0.15809459 -0.09970899 0.98187384
1461163024.15111 -2.82589996 -2.74993762 9.62715827 0.02325122 -0.19259897 -0.10991597 0.97482485
1461163024.25106 -2.77730386 -2.78364500 9.67561993 0.00854438 -0.23124697 -0.11791461 0.96568524
1461163024.35179 -2.73994139 -2.81820427 9.71558259 -0.00762542 -0.27334862 -0.12442699 0.95380307
1461163024.47422 -2.69436354 -2.85122663 9.77216542 -0.03118843 -0.31190920 -0.13275430 0.94027455
1461163024.57330 -2.65883363 -2.86071292 9.83399484 -0.04403960 -0.34498271 -0.15503227 0.92466883
1461163024.67122 -2.63055303 -2.86696546 9.90718765 -0.04970912 -0.37618430 -0.17476743 0.90855419
1461163024.79105 -2.60253165 -2.89014591 10.00660920 -0.04627000 -0.39873756 -0.18852957 0.89628347
1461163024.91094 -2.58838347 -2.91678713 10.08386747 -0.05616632 -0.42362722 -0.21863129 0.87726033
1461163025.03141 -2.59304009 -2.93416065 10.14916934 -0.07195992 -0.45662048 -0.22447557 0.85786376
1461163025.15098 -2.60830251 -2.94311523 10.20520662 -0.08922487 -0.49253848 -0.21703359 0.83805798
1461163025.27258 -2.62381185 -2.93451481 10.26623546 -0.10579004 -0.52353258 -0.22524052 0.81485508
1461163025.41115 -2.64877708 -2.91901057 10.33406655 -0.12418111 -0.55428338 -0.24125630 0.78685728
1461163025.57388 -2.69370775 -2.90603164 10.41776162 -0.13906387 -0.56173423 -0.25625928 0.77423968
1461163025.69091 -2.73715791 -2.87675443 10.47538821 -0.16463289 -0.55063459 -0.27563734 0.77053333
1461163025.83099 -2.81864570 -2.83713139 10.53072921 -0.17786750 -0.53724401 -0.28638839 0.77311947
1461163025.93085 -2.89718470 -2.79939024 10.56441099 -0.18771801 -0.52254360 -0.28727744 0.78050100
1461163026.03293 -2.98443909 -2.77360235 10.59518463 -0.18843278 -0.49804400 -0.27061400 0.80200581
1461163026.15123 -3.08189472 -2.73816422 10.61430430 -0.19403898 -0.46855229 -0.26227508 0.82098685
1461163026.29090 -3.19510285 -2.68369317 10.62915854 -0.21293982 -0.44750739 -0.24664800 0.83280162
1461163026.45085 -3.32695990 -2.62537835 10.66515765 -0.21847893 -0.43117913 -0.24476255 0.84050152
1461163026.59089 -3.45355462 -2.57635071 10.71113635 -0.21912390 -0.41536423 -0.24341083 0.84865095
1461163026.75092 -3.61227989 -2.53723315 10.74344613 -0.22456636 -0.40990281 -0.23593859 0.85198745
1461163026.99143 -3.85203790 -2.50884175 10.78988180 -0.22515932 -0.41662778 -0.22596200 0.85127302
1461163027.19077 -4.04480238 -2.46143077 10.82667914 -0.21400861 -0.44337988 -0.26387097 0.82944964
1461163027.39087 -4.24342547 -2.41126805 10.85840356 -0.20726896 -0.46534637 -0.28545866 0.81179165
1461163027.57088 -4.41034089 -2.37161212 10.85858382 -0.20929521 -0.49246066 -0.31058496 0.78563032
1461163027.71083 -4.54252665 -2.33634934 10.85349652 -0.21299803 -0.51801699 -0.32485031 0.76207776
1461163027.83165 -4.65662153 -2.30182668 10.84435294 -0.22055388 -0.54684253 -0.33068436 0.73686301
1461163027.95094 -4.76795302 -2.27254800 10.83744863 -0.22017203 -0.58001101 -0.33286124 0.71015133
1461163028.07222 -4.85339666 -2.25026363 10.80525428 -0.22918270 -0.60910944 -0.33955266 0.67909128
1461163028.17182 -4.91638765 -2.23702291 10.77205661 -0.22614289 -0.63862701 -0.35596834 0.64366255
1461163028.29082 -4.98247798 -2.21093970 10.72510297 -0.22571030 -0.67261717 -0.36971618 0.59995912
1461163028.41084 -5.04981352 -2.16995155 10.67874725 -0.22608088 -0.69864221 -0.37688918 0.56457156
1461163028.53085 -5.11462688 -2.10910121 10.63401156 -0.23221534 -0.71613418 -0.39476130 0.52667959
1461163028.65085 -5.18982063 -2.05122461 10.58050133 -0.22584671 -0.73042680 -0.41076837 0.49672859
1461163028.79110 -5.27506037 -2.00663260 10.49680183 -0.22775828 -0.73981479 -0.41791999 0.47554509
1461163028.91121 -5.36206164 -1.97190803 10.40815236 -0.24310250 -0.74886289 -0.39917296 0.46985795
1461163029.05074 -5.46848817 -1.92605548 10.31083614 -0.25957179 -0.75270301 -0.38829576 0.46399037
1461163029.17238 -5.58814566 -1.88939361 10.24206685 -0.27018725 -0.74834993 -0.36297487 0.48499534
1461163029.27391 -5.71273412 -1.86731143 10.18448239 -0.27998277 -0.74391457 -0.33795005 0.50397473
1461163029.37267 -5.83218117 -1.85938470 10.13259907 -0.28463646 -0.74008199 -0.32040871 0.51826537
1461163029.45095 -5.93373319 -1.85671033 10.09602679 -0.29189955 -0.73454305 -0.29749802 0.53547744
1461163029.55069 -6.05142759 -1.84689471 10.04982582 -0.29773456 -0.73398754 -0.27454186 0.54520014
1461163029.63080 -6.15049976 -1.83125340 10.02841378 -0.29489438 -0.72294980 -0.26705467 0.56485635
1461163029.71072 -6.24593103 -1.80704292 10.01036105 -0.30265220 -0.71196473 -0.25291543 0.58098336
1461163029.79066 -6.34109602 -1.77630324 10.00758730 -0.30214219 -0.69532616 -0.24258737 0.60529578
1461163029.85079 -6.41146963 -1.75066314 10.01110652 -0.29762137 -0.68097729 -0.23961715 0.62472000
1461163029.91127 -6.48350182 -1.72746266 10.01456434 -0.29056664 -0.66898769 -0.23437051 0.64272620
1461163029.99070 -6.57517421 -1.69379981 10.01541142 -0.28564202 -0.65227957 -0.23089229 0.66304506
1461163030.09068 -6.67953556 -1.66291732 10.02105133 -0.28143254 -0.63118566 -0.22888079 0.68557565
1461163030.21069 -6.80878966 -1.62642215 10.02507881 -0.28080838 -0.60756016 -0.22340163 0.70859651
1461163030.33146 -6.94770257 -1.59159256 10.02821687 -0.27371689 -0.59673871 -0.21264169 0.72371644
1461163030.43062 -7.06977927 -1.56933317 10.03955162 -0.26678962 -0.58332252 -0.19550648 0.74184591
1461163030.53077 -7.19668961 -1.55221642 10.04939366 -0.25707314 -0.57189531 -0.17833960 0.75831665
1461163030.65130 -7.34369338 -1.52917015 10.04863195 -0.25947662 -0.56753340 -0.17288098 0.76203011
1461163030.77251 -7.49637056 -1.52769796 10.05599718 -0.25105823 -0.56094852 -0.15511518 0.77346351
1461163030.89112 -7.63147326 -1.52440669 10.08486502 -0.25226639 -0.54281572 -0.13611488 0.78942099
1461163031.01080 -7.75879319 -1.50286046 10.12695094 -0.27394511 -0.51874957 -0.10081059 0.80354849
1461163031.11149 -7.86821030 -1.48951791 10.17721034 -0.25672366 -0.49088615 -0.09721174 0.82684559
1461163031.21065 -7.97718798 -1.47521686 10.23368906 -0.25141129 -0.45989715 -0.08073131 0.84780271
1461163031.31074 -8.08482282 -1.47547694 10.29968770 -0.23415147 -0.43340028 -0.06053662 0.86814319
1461163031.41069 -8.18031700 -1.48515798 10.37236840 -0.22461320 -0.39578627 -0.04332032 0.88939614
1461163031.53067 -8.30726332 -1.51180192 10.44295896 -0.20885557 -0.37091370 -0.02803841 0.90444249
1461163031.65112 -8.45680343 -1.52192661 10.49933246 -0.20172989 -0.36653732 -0.01867923 0.90807848
1461163031.75064 -8.58572692 -1.51901304 10.54238444 -0.20229587 -0.36786385 -0.01629622 0.90746185
1461163031.85100 -8.70807915 -1.50735886 10.59228220 -0.21515298 -0.36077206 -0.00563450 0.90748056
1461163031.95070 -8.82564435 -1.51103658 10.64279712 -0.20856945 -0.35938858 -0.00914162 0.90953563
1461163032.05063 -8.92720504 -1.52513151 10.70606877 -0.21698285 -0.33658564 -0.00145448 0.91631132
1461163032.13069 -9.01138857 -1.55351371 10.75293523 -0.21173790 -0.33028694 0.01582586 0.91968861
1461163032.21057 -9.08920263 -1.58143375 10.79658115 -0.20387585 -0.31702693 0.02485202 0.92591087
1461163032.31063 -9.18640596 -1.59790484 10.84934454 -0.21124146 -0.30664805 0.04267219 0.92710469
1461163032.39061 -9.26386462 -1.60276086 10.89100861 -0.22015884 -0.29955939 0.06068520 0.92634312
1461163032.47247 -9.32651889 -1.60136163 10.94044267 -0.22134752 -0.27949552 0.05977103 0.93237061
1461163032.55065 -9.38257991 -1.59878984 10.99382085 -0.21660897 -0.25519180 0.05108122 0.94092954
1461163032.65063 -9.44243770 -1.58323837 11.05644311 -0.23088558 -0.23813424 0.07621756 0.94030570
1461163032.77239 -9.48476115 -1.57215064 11.13388510 -0.22603545 -0.21730452 0.07104017 0.94691077
1461163032.91066 -9.52150657 -1.57501855 11.21183488 -0.21445906 -0.19629700 0.08365489 0.95314042
1461163033.05059 -9.53843034 -1.59313270 11.28511439 -0.21281337 -0.18056116 0.10748057 0.95423061
1461163033.15060 -9.54317800 -1.62357112 11.33798843 -0.19968419 -0.16450359 0.12119004 0.95832029
1461163033.27255 -9.54754275 -1.66934811 11.39310968 -0.19283199 -0.15278245 0.14394895 0.95851554
1461163033.37246 -9.54194226 -1.71573388 11.43008475 -0.18372429 -0.14365798 0.16406128 0.95848405
1461163033.47273 -9.52042524 -1.76684225 11.46113789 -0.17039034 -0.12578713 0.18119817 0.96037074
1461163033.57278 -9.49326754 -1.81756337 11.48411843 -0.15973669 -0.11285032 0.20858086 0.95824998
1461163033.69111 -9.45415418 -1.87514456 11.50057884 -0.14459726 -0.10137986 0.24527859 0.95323249
1461163033.81055 -9.41744821 -1.91998103 11.51653328 -0.13341112 -0.09114690 0.28578939 0.94457299
1461163033.93051 -9.36868444 -1.95443333 11.52754190 -0.12087085 -0.07454884 0.30628890 0.94128626
1461163034.05057 -9.30834256 -1.98288191 11.54095693 -0.10611247 -0.05695456 0.31737729 0.94062106
1461163034.15133 -9.24937090 -2.00655212 11.54972615 -0.09007096 -0.03906584 0.32480945 0.94066992
1461163034.29054 -9.17525041 -2.03625999 11.55860849 -0.07087887 -0.02101026 0.33655703 0.93875669
1461163034.41053 -9.10948350 -2.06024454 11.56095222 -0.05596752 -0.00220555 0.34452108 0.93710618
1461163034.55081 -9.02954593 -2.07731577 11.55199269 -0.04230993 0.01596156 0.35461774 0.93391721
1461163034.67245 -8.95738786 -2.09280446 11.52934842 -0.03030426 0.02767696 0.35969240 0.93216791
1461163034.77227 -8.89321345 -2.11138789 11.50062683 -0.01643057 0.03511071 0.36436273 0.93044993
1461163034.87242 -8.81968351 -2.12912824 11.46645183 0.00106979 0.04626210 0.37229339 0.92696079
1461163034.97229 -8.74483152 -2.14037214 11.43349318 0.01208823 0.05617787 0.37638538 0.92467939
1461163035.07310 -8.66749550 -2.14559125 11.40147169 0.01990570 0.06745768 0.37756563 0.92330787
1461163035.15088 -8.60070189 -2.14364805 11.37368152 0.02530171 0.07988849 0.38152620 0.92055169
1461163035.23047 -8.53448257 -2.13940548 11.34432734 0.03017697 0.09027440 0.38457683 0.91817239
1461163035.31043 -8.46625433 -2.13115035 11.31618162 0.03107942 0.10222752 0.39016055 0.91452630
1461163035.39042 -8.39677774 -2.12647128 11.28640102 0.03532387 0.11414628 0.38967116 0.91316989
1461163035.45044 -8.34073554 -2.12669563 11.26423440 0.04353360 0.12583371 0.39035590 0.91098462
1461163035.51045 -8.28461830 -2.12770380 11.23847832 0.05280112 0.13764042 0.39187344 0.90813125
1461163035.59038 -8.20950549 -2.12437581 11.20908545 0.06022810 0.15632310 0.39703876 0.90238345
1461163035.65040 -8.15408887 -2.12563324 11.18865160 0.06900956 0.16748681 0.40215044 0.89747472
1461163035.71051 -8.09950911 -2.12931388 11.16906767 0.07833127 0.17913951 0.40666845 0.89240911
1461163035.79044 -8.02877646 -2.13675178 11.14171679 0.09197478 0.19629167 0.41124908 0.88537247
1461163035.85043 -7.97865313 -2.14262800 11.12265431 0.10132964 0.20560820 0.41463248 0.88064606
1461163035.93043 -7.92250715 -2.14778181 11.10379270 0.10597873 0.21015520 0.41925806 0.87682723
1461163036.01052 -7.86993207 -2.15061653 11.08406883 0.10980664 0.21887313 0.42369943 0.87207560
1461163036.11079 -7.81936288 -2.16103566 11.06325187 0.11676228 0.22035254 0.42724558 0.86906418
1461163036.29040 -7.76106103 -2.18274308 11.04695548 0.11375200 0.21024375 0.42440014 0.87335135
1461163036.63051 -7.69978494 -2.19838329 11.02293672 0.10379001 0.20839380 0.42476613 0.87485622
1461163037.09028 -7.72555068 -2.24865884 10.98746403 0.10923486 0.17254560 0.43159179 0.87864913
1461163037.23036 -7.67747164 -2.26808145 10.95977576 0.12249499 0.18750450 0.43397939 0.87263906
1461163037.33031 -7.62486003 -2.27919288 10.93371791 0.14026640 0.20132136 0.45363311 0.85674503
1461163037.45028 -7.55540195 -2.29647703 10.90737688 0.16129969 0.21874348 0.45391681 0.84858308
1461163037.59080 -7.46887325 -2.30319906 10.88393793 0.17538513 0.24144796 0.46151784 0.83543056
1461163037.71033 -7.39018239 -2.31137707 10.86039792 0.19031148 0.26071073 0.46465069 0.82456728
1461163037.83033 -7.30339038 -2.31682082 10.83644740 0.19638651 0.28395398 0.45506242 0.82080489
1461163037.95031 -7.19933945 -2.32489804 10.81107762 0.20630608 0.30571409 0.44739865 0.81474606
1461163038.05092 -7.10685086 -2.33414452 10.79307646 0.21907503 0.32034960 0.45140318 0.80350323
1461163038.19027 -6.97986484 -2.34733393 10.78285278 0.22452069 0.33537019 0.45444338 0.79410233
1461163038.35026 -6.82028593 -2.36133497 10.77596668 0.21955547 0.35563321 0.44579293 0.79157380
1461163038.47202 -6.68859525 -2.37567816 10.75763234 0.22107063 0.37787686 0.43978528 0.78417203
1461163038.59027 -6.55867032 -2.39041146 10.74117363 0.21791468 0.39707480 0.43942560 0.77572543
1461163038.73023 -6.42835694 -2.41835984 10.72149074 0.22407214 0.41280834 0.44157578 0.76445522
1461163038.91017 -6.29769204 -2.45917456 10.71989476 0.23543178 0.41851417 0.44379402 0.75661393
1461163039.13023 -6.15688574 -2.48102812 10.75664849 0.23557382 0.41757183 0.44289270 0.75761785
1461163039.27201 -6.04397183 -2.50055677 10.80083000 0.23613378 0.42751179 0.43750910 0.75502338
1461163039.37189 -5.94506018 -2.51634553 10.83460319 0.24403527 0.44063413 0.44236675 0.74202427
1461163039.47184 -5.83644953 -2.53928868 10.87201501 0.25990662 0.45125556 0.43903073 0.73216732
1461163039.55027 -5.74949810 -2.55706193 10.89967246 0.25920490 0.47262283 0.42821586 0.72530797
1461163039.65018 -5.64561580 -2.57350549 10.93192584 0.26747592 0.49304919 0.42123886 0.71268293
1461163039.75020 -5.54910123 -2.58436498 10.95840348 0.27071260 0.51287900 0.41941313 0.69839992
1461163039.83022 -5.47270373 -2.59411472 10.96898853 0.27868151 0.53297066 0.41901104 0.68022691
1461163039.91015 -5.39304940 -2.60757388 10.97755350 0.28508728 0.55195803 0.41341581 0.66569884
1461163039.99019 -5.30915163 -2.62248492 10.98298422 0.29527468 0.56905141 0.40667032 0.65085529
1461163040.07175 -5.21928361 -2.63705152 10.98971817 0.30044548 0.59077984 0.39833793 0.63406513
1461163040.15017 -5.12498577 -2.64777411 11.00053654 0.31009142 0.60738504 0.40532787 0.60879884
1461163040.23023 -5.03350399 -2.65930883 11.01808815 0.31352916 0.62014818 0.41256207 0.58898916
1461163040.31070 -4.95001215 -2.67221695 11.03079229 0.31445364 0.63863182 0.41754923 0.56473086
1461163040.41023 -4.85158159 -2.69271436 11.04979175 0.31302995 0.65707043 0.41609154 0.54510415
1461163040.51007 -4.75190676 -2.70262787 11.07552137 0.30496444 0.67395507 0.41632863 0.52863194
1461163040.59022 -4.66655720 -2.70083954 11.09613824 0.29821362 0.68927505 0.41793313 0.51117554
1461163040.67208 -4.57510085 -2.70357163 11.12012940 0.29213914 0.70074945 0.41842409 0.49852404
1461163040.75022 -4.48690060 -2.71063734 11.13591962 0.28164117 0.72035907 0.41283543 0.48096567
1461163040.81018 -4.42316299 -2.72285307 11.14033392 0.28744560 0.73177513 0.40929955 0.46298387
1461163040.87002 -4.35927554 -2.74812045 11.14404816 0.29010974 0.74212997 0.39063029 0.46096358
1461163040.93020 -4.30265472 -2.78360182 11.13158860 0.31009594 0.75954178 0.36312824 0.44167259
1461163041.01010 -4.22687801 -2.82647457 11.12091531 0.31872021 0.77473791 0.34121007 0.42634996
1461163041.09035 -4.15385255 -2.87187393 11.10619477 0.33234234 0.78844156 0.31084504 0.41386451
1461163041.17199 -4.07740181 -2.91731803 11.08953468 0.35156238 0.79819006 0.26782257 0.40935021
1461163041.29014 -3.96777553 -2.96586843 11.06365658 0.36678509 0.81165454 0.22212178 0.39667054
1461163041.49061 -3.75316711 -3.00352502 11.03302640 0.37660258 0.80687485 0.20830692 0.40463773
1461163041.57227 -3.66730028 -3.01591514 11.04502532 0.35213798 0.79727284 0.22122659 0.43750846
1461163041.69030 -3.54453261 -3.02224147 11.05371612 0.32066449 0.79043813 0.22989840 0.46853876
1461163041.83004 -3.40682892 -3.01842756 11.06453468 0.28675892 0.78063285 0.23758282 0.50193235
1461163042.05042 -3.20381037 -3.01295922 11.05057719 0.26312882 0.77238694 0.24017025 0.52583257
1461163042.23036 -3.04754918 -3.03655263 11.04570198 0.25876650 0.75336604 0.23657513 0.55633778
1461163042.41011 -2.89025968 -3.05990539 11.05317212 0.24262126 0.73267572 0.23850001 0.58943953
1461163042.61006 -2.72589276 -3.08922407 11.07339780 0.22078130 0.71398423 0.23301191 0.62224399
1461163042.79026 -2.54992133 -3.13059759 11.10973569 0.20245784 0.69181175 0.22344965 0.65610790
1461163042.95023 -2.37814878 -3.19345845 11.14946468 0.20487790 0.66497472 0.22243856 0.68290172
1461163043.08999 -2.24327317 -3.26339027 11.20664634 0.19028297 0.63689441 0.21875222 0.71435661
1461163043.24995 -2.08509320 -3.34508714 11.28526823 0.19141285 0.61322152 0.21288851 0.73620580
1461163043.45001 -1.86172578 -3.43148421 11.39607966 0.19587400 0.61534405 0.21099364 0.73380295
1461163043.59001 -1.70528680 -3.50346249 11.46808634 0.20962444 0.62768591 0.22698186 0.71452588
1461163043.73019 -1.55931211 -3.58142255 11.53096500 0.22381754 0.64218433 0.24021674 0.69267662
1461163043.87182 -1.41675668 -3.65593282 11.59429081 0.23384400 0.65402932 0.24531562 0.67630089
1461163043.99187 -1.27586405 -3.70355271 11.65317074 0.25246581 0.66835126 0.26153710 0.64897300
1461163044.11022 -1.13806349 -3.75052506 11.71486875 0.25497207 0.67846710 0.28370189 0.62784144
1461163044.20986 -1.03287429 -3.78676455 11.76768712 0.23678339 0.68830531 0.30476141 0.61423929
1461163044.28990 -0.94923241 -3.80436591 11.80992019 0.21756749 0.69351980 0.34262676 0.59523238
1461163044.38990 -0.84172693 -3.84639952 11.85480497 0.19871836 0.70726936 0.33564064 0.58959853
1461163044.49008 -0.73960277 -3.88386823 11.89774755 0.18673054 0.71827714 0.34471438 0.57478835
1461163044.59026 -0.63308717 -3.91212246 11.92719247 0.18829001 0.72974784 0.35328781 0.55425868
1461163044.66988 -0.54988422 -3.93645734 11.94194453 0.19679525 0.74320813 0.35802356 0.52984189
1461163044.77189 -0.45102629 -3.97792685 11.95662349 0.19617137 0.75918427 0.35531371 0.50883023
1461163044.85003 -0.38268259 -4.01557870 11.95417583 0.20084269 0.77650773 0.35213576 0.48238819
1461163044.92990 -0.31377569 -4.04630601 11.94905221 0.20868787 0.78756303 0.36050527 0.45412530
1461163045.03050 -0.22473860 -4.07645803 11.94300883 0.21013843 0.79749825 0.36808026 0.42936617
1461163045.11045 -0.14508012 -4.08816829 11.92321968 0.22770250 0.80634454 0.37381080 0.39777574
1461163045.21024 -0.03991391 -4.10001830 11.89536699 0.23732923 0.81724516 0.37519009 0.36744737
1461163045.33028 0.09646596 -4.11545852 11.86096541 0.24371124 0.82295379 0.37734809 0.34779349
1461163045.49024 0.25287631 -4.14144390 11.80535792 0.24303688 0.82677248 0.39163018 0.32249985
1461163045.68981 0.42367592 -4.17406514 11.71470655 0.25958576 0.83363652 0.39832995 0.28106694
1461163045.87234 0.56796494 -4.16820585 11.60790182 0.26061976 0.85018954 0.38758726 0.24296339
1461163046.02989 0.67221136 -4.17217700 11.49779809 0.25383771 0.86711742 0.37698856 0.20384657
1461163046.22984 0.79304898 -4.17213212 11.34934296 0.25862720 0.87792814 0.36843229 0.16313122
1461163046.38982 0.88374013 -4.14544311 11.21256402 0.25080902 0.88911395 0.36185343 0.12503325
1461163046.55038 0.97145605 -4.11600631 11.05972499 0.26071248 0.88986780 0.36333772 0.09027735
1461163046.67058 1.02492313 -4.10621768 10.94213040 0.26668193 0.88997581 0.36417531 0.06480858
1461163046.78980 1.07019024 -4.09540048 10.82349524 0.28251188 0.88904825 0.35851325 0.03533408
1461163046.90980 1.10868715 -4.07433438 10.70679377 0.29171636 0.88895217 0.35307824 0.00116355
1461163047.03007 1.14211026 -4.03660420 10.58979432 0.29334602 0.88947397 0.34811012 -0.04004378
1461163047.13062 1.16584841 -4.00277408 10.49025834 0.29320026 0.88897945 0.34336246 -0.07649423
1461163047.22984 1.18460333 -3.97597970 10.39073531 0.28370738 0.89142097 0.33390233 -0.11570654
1461163047.34990 1.20207643 -3.94543921 10.28139915 0.27136794 0.88712333 0.33694135 -0.16075501
1461163047.47156 1.21126603 -3.90739278 10.16357710 0.27185774 0.87857578 0.33764493 -0.20048406
1461163047.58982 1.20385677 -3.86913669 10.04346366 0.26518138 0.87455631 0.32609532 -0.24185108
1461163047.76972 1.19759588 -3.78121984 9.85313910 0.27487992 0.86349284 0.31506591 -0.28205430
1461163047.94979 1.19160820 -3.69524254 9.65973632 0.27238009 0.85192192 0.33332179 -0.29821923
1461163048.13001 1.15543794 -3.65326522 9.45330872 0.27655058 0.85122146 0.32084536 -0.30983877
1461163048.30982 1.10932561 -3.59407613 9.24414781 0.29255992 0.85410611 0.30004138 -0.30803671
1461163048.44972 1.06490248 -3.54952636 9.07249977 0.27875556 0.86993165 0.27976774 -0.29537141
1461163048.59098 1.03927297 -3.49101105 8.91293551 0.26445376 0.88103350 0.29441543 -0.25915967
1461163048.74960 0.97745702 -3.41108739 8.73852665 0.24489703 0.88959011 0.30656233 -0.23382563
1461163048.90969 0.87144822 -3.30661548 8.58593931 0.22231282 0.89386204 0.31782544 -0.22488808
1461163049.04973 0.74671652 -3.21578453 8.46058630 0.21035595 0.89614738 0.31935528 -0.22512763
1461163049.14962 0.66322183 -3.16350007 8.36719446 0.21895132 0.90088701 0.31125325 -0.20876861
1461163049.24962 0.58560280 -3.11349165 8.28029084 0.21485069 0.90281687 0.31879480 -0.19269342
1461163049.34966 0.51522236 -3.06064230 8.19805931 0.20784617 0.90198216 0.33430901 -0.17738555
1461163049.44970 0.43677238 -3.00687379 8.11641866 0.19771181 0.90265751 0.33999257 -0.17471266
1461163049.54970 0.34952824 -2.94967193 8.03713635 0.18919486 0.90333573 0.34185212 -0.17699432
1461163049.62969 0.26790545 -2.90113658 7.97180605 0.18140359 0.90480271 0.33657353 -0.18746480
1461163049.71014 0.18799598 -2.85314396 7.90529620 0.17189663 0.90624871 0.33439357 -0.19325053
1461163049.78962 0.10948834 -2.81244800 7.83698702 0.16965991 0.90721094 0.32606533 -0.20460992
1461163049.88963 0.02347598 -2.76371816 7.74493583 0.16284568 0.90748881 0.32892976 -0.20432954
1461163050.00990 -0.07495281 -2.70902612 7.62332847 0.15582315 0.90898405 0.33190704 -0.19825451
1461163050.12980 -0.17374750 -2.66090691 7.48869335 0.15826781 0.91698697 0.30852516 -0.19722686
1461163050.24963 -0.26621962 -2.60102882 7.35298579 0.16060787 0.92235701 0.29447808 -0.19169071
1461163050.39017 -0.36672883 -2.52642778 7.20273061 0.17163163 0.92329305 0.28730621 -0.18848786
1461163050.52959 -0.44414782 -2.45200516 7.05679148 0.17499449 0.91766512 0.29926941 -0.19417900
1461163050.69051 -0.50817989 -2.37193222 6.87178581 0.14738401 0.91729958 0.31979589 -0.18593018
1461163050.88955 -0.58306006 -2.26218443 6.62118757 0.12516689 0.92204402 0.30755435 -0.19894319
1461163051.11039 -0.66136922 -2.15899819 6.35141440 0.10914304 0.92036993 0.30396545 -0.22048130
1461163051.36957 -0.72621728 -2.05336155 6.04560610 0.11276434 0.92491250 0.29673550 -0.20921069
1461163051.62950 -0.77704852 -1.92764422 5.78723849 0.11921859 0.92815176 0.29229355 -0.19719461
1461163051.78964 -0.79952063 -1.86045494 5.62787723 0.10869991 0.93148358 0.30436991 -0.16697793
1461163051.92978 -0.82898725 -1.84084415 5.48223109 0.09755925 0.93759696 0.29989698 -0.14647844
1461163052.07141 -0.86928093 -1.82366424 5.33525452 0.10642874 0.94253864 0.27886197 -0.15009940
1461163052.22954 -0.90240681 -1.77719355 5.18129163 0.11795243 0.94431104 0.26990775 -0.14667546
1461163052.38993 -0.93469339 -1.69889707 5.02785699 0.11745803 0.94384339 0.26860753 -0.15235898
1461163052.51028 -0.96628455 -1.62937902 4.91751801 0.12807947 0.93795048 0.27611811 -0.16614254
1461163052.62955 -1.01092170 -1.55647186 4.81621758 0.13862289 0.92564112 0.29274188 -0.19563845
1461163052.70955 -1.04543591 -1.50275402 4.75806205 0.14673116 0.91058317 0.31502534 -0.22375724
1461163052.80954 -1.08956364 -1.44401564 4.67785432 0.15866290 0.89830923 0.32205823 -0.25326883
1461163052.90987 -1.14659874 -1.38421336 4.60139491 0.16420909 0.88541087 0.32356563 -0.29049657
1461163053.00982 -1.21324269 -1.31943213 4.53033382 0.17062033 0.87034337 0.32382366 -0.32943794
1461163053.10969 -1.28250380 -1.25674942 4.45935541 0.18281863 0.85328713 0.32230116 -0.36687925
1461163053.20968 -1.36175247 -1.20305641 4.39471703 0.18413809 0.83165548 0.32999280 -0.40687477
1461163053.30954 -1.44527625 -1.16103609 4.32436727 0.18692782 0.81970304 0.32394619 -0.43382460
1461163053.40944 -1.52872005 -1.12224268 4.26021917 0.18725827 0.80517246 0.31747383 -0.46458801
1461163053.50953 -1.61185210 -1.08374858 4.19842308 0.17957979 0.79255078 0.31047397 -0.49317368
1461163053.60949 -1.69670897 -1.03680750 4.15366585 0.17309055 0.77348789 0.31001766 -0.52501924
1461163053.70965 -1.78503465 -0.98610547 4.11820164 0.15916662 0.75559136 0.31912918 -0.54945815
1461163053.78955 -1.86467864 -0.95283889 4.09181840 0.14781188 0.74000147 0.31076883 -0.57790329
1461163053.90948 -1.97844710 -0.90542496 4.03843247 0.13640906 0.72453910 0.32100552 -0.59446709
1461163054.03019 -2.09654016 -0.86313440 3.97676845 0.12386691 0.71786929 0.32107409 -0.60517113
1461163054.14951 -2.20272368 -0.81083582 3.89688005 0.11708258 0.73070063 0.33013766 -0.58598412
1461163054.27120 -2.31291314 -0.74047549 3.81851798 0.11682682 0.74438320 0.33852924 -0.56359835
1461163054.37118 -2.41078549 -0.67731154 3.75339870 0.11593636 0.75722519 0.34555096 -0.54199936
1461163054.44934 -2.48917812 -0.63280981 3.69785806 0.11292783 0.77033780 0.35025539 -0.52071887
1461163054.53019 -2.55900517 -0.59086938 3.64269391 0.11459880 0.78086919 0.36464765 -0.49410779
1461163054.61010 -2.63211003 -0.55328238 3.58578124 0.11555798 0.78991190 0.37610256 -0.47035349
1461163054.70938 -2.71785938 -0.51484695 3.50648573 0.10732246 0.80696093 0.38757616 -0.43252822
1461163054.80934 -2.80941176 -0.47966543 3.43090250 0.11068100 0.81849414 0.37556581 -0.42043713
1461163054.90955 -2.89445055 -0.42855878 3.35665622 0.11201766 0.83011911 0.37227796 -0.39970417
1461163055.02965 -2.98747663 -0.35591722 3.27093108 0.11167763 0.83587430 0.37803562 -0.38200961
1461163055.12939 -3.04825806 -0.29421866 3.19274080 0.10922499 0.84197346 0.38545549 -0.36135115
1461163055.22955 -3.09586988 -0.23124014 3.11769826 0.10897338 0.84083498 0.40974218 -0.33650065
1461163055.32945 -3.14431299 -0.18066344 3.03276203 0.11028028 0.84860978 0.41232111 -0.31255560
1461163055.44934 -3.20174490 -0.12419619 2.94829866 0.11679163 0.85233698 0.41514995 -0.29585790
1461163055.57156 -3.25110099 -0.06802013 2.86074302 0.11491782 0.85942563 0.42040767 -0.26728049
1461163055.68939 -3.29402891 -0.01507140 2.76528496 0.11425301 0.86955971 0.41537975 -0.24139555
1461163055.78992 -3.30951880 0.01879252 2.69668804 0.12609341 0.87416897 0.42141721 -0.20575858
1461163055.90926 -3.33776500 0.03957902 2.60341733 0.12474819 0.88140943 0.42110402 -0.17385828
1461163056.02929 -3.36803275 0.05691111 2.51795296 0.13554835 0.88973248 0.40743243 -0.15492441
1461163056.19081 -3.38646987 0.10023632 2.41715990 0.13557817 0.89681461 0.40392980 -0.11909168
1461163056.32941 -3.39356778 0.15794720 2.32594973 0.11711708 0.90151096 0.40765610 -0.08589579
1461163056.44934 -3.38858358 0.20774221 2.22968780 0.09697680 0.90687754 0.40794118 -0.04186418
1461163056.58934 -3.38973348 0.24740588 2.10786616 0.08741815 0.91216327 0.40012308 -0.01475641
1461163056.68931 -3.37221819 0.25669273 2.01613230 0.08952647 0.91748372 0.38724721 0.01575554
1461163056.80978 -3.34521006 0.26920667 1.91237353 0.10502807 0.92060776 0.37356594 0.04357696
1461163056.90932 -3.30291312 0.27761006 1.82765150 0.10438103 0.92123580 0.36537971 0.08322781
1461163056.98921 -3.26033096 0.28204072 1.75617670 0.09941512 0.92183242 0.35417681 0.12206724
1461163057.06949 -3.21236243 0.28232489 1.67994418 0.10210360 0.92329350 0.33314189 0.16161820
1461163057.14934 -3.16656258 0.28205258 1.60401405 0.09999764 0.92245389 0.31565454 0.19859886
1461163057.22927 -3.12645062 0.28248497 1.52450587 0.10953792 0.91832570 0.30206681 0.23116010
1461163057.32922 -3.08371033 0.27987241 1.41883786 0.11254266 0.91060854 0.29543681 0.26616409
1461163057.42931 -3.04776180 0.25699998 1.31077727 0.11486601 0.90464006 0.28378161 0.29647960
1461163057.52930 -3.01776108 0.22621839 1.20218988 0.13053238 0.89978997 0.26353589 0.32231683
1461163057.64927 -2.99199109 0.21497716 1.07809469 0.14583248 0.89168002 0.25961481 0.34093954
1461163057.74931 -2.96378859 0.22509179 0.96815491 0.15937368 0.88310763 0.25391593 0.36089839
1461163057.87138 -2.92868640 0.27075438 0.82336200 0.16505030 0.87261201 0.25148675 0.38478709
1461163057.98937 -2.90789670 0.33542906 0.64816394 0.15118804 0.87457505 0.23227143 0.39788269
1461163058.10937 -2.92536319 0.38303397 0.45647258 0.16017725 0.88267011 0.21408933 0.38652618
1461163058.22966 -2.96250828 0.41926200 0.26225956 0.17051768 0.88146583 0.22459875 0.37881012
1461163058.32961 -3.00004401 0.43231653 0.08292783 0.19546384 0.88135524 0.21667097 0.37156497
1461163058.42927 -3.04546738 0.45980766 -0.10604673 0.20139208 0.88731361 0.19849103 0.36430358
1461163058.52924 -3.11277260 0.49659686 -0.30091187 0.21459153 0.89438102 0.17757422 0.35000066
1461163058.60929 -3.19172303 0.51644621 -0.45504593 0.21966590 0.90178673 0.15413760 0.33877602
1461163058.70927 -3.30136894 0.53466852 -0.62570746 0.22416920 0.90436917 0.13209151 0.33825495
1461163058.80930 -3.41105475 0.53486849 -0.78380553 0.23172018 0.90364665 0.10731721 0.34381901
1461163058.92931 -3.54657016 0.54511411 -0.96919566 0.24231015 0.90376624 0.09678986 0.33929943
1461163059.04919 -3.68133179 0.58597916 -1.15262238 0.25594150 0.90076337 0.08083979 0.34144433
1461163059.14927 -3.80242327 0.65963986 -1.30006370 0.26280061 0.90040851 0.07462357 0.33857301
1461163059.24921 -3.91977013 0.76261405 -1.44474084 0.26656072 0.90130230 0.07478950 0.33317575
1461163059.34924 -4.04185143 0.87153304 -1.58287291 0.25697724 0.90789592 0.08198690 0.32088293
1461163059.44923 -4.16341552 0.97471751 -1.71229010 0.25091699 0.90981683 0.10166558 0.31454430
1461163059.54922 -4.29328636 1.05633781 -1.83867907 0.27268699 0.90421366 0.10552010 0.31129564
1461163059.64915 -4.42642179 1.16038932 -1.95902018 0.27752728 0.90532462 0.11723841 0.29936783
1461163059.77086 -4.57974867 1.29463264 -2.08640033 0.27389423 0.90399132 0.12985942 0.30152640
1461163059.84923 -4.67551531 1.38271153 -2.15323769 0.25598336 0.90336380 0.13921042 0.31468528
1461163059.97109 -4.81074446 1.48175717 -2.23823317 0.24562453 0.89771417 0.14820145 0.33438630
1461163060.07133 -4.90628964 1.54090611 -2.29427391 0.24196302 0.88414054 0.16501157 0.36403376
1461163060.17109 -4.99674596 1.60676263 -2.35529203 0.25826146 0.86632936 0.18729283 0.38431219
1461163060.27105 -5.08159817 1.69355661 -2.41436778 0.25244978 0.85747938 0.20200067 0.40024237
1461163060.37107 -5.15815823 1.79303172 -2.47026045 0.23618080 0.84927359 0.20996451 0.42292778
1461163060.47103 -5.22478652 1.90176077 -2.52520884 0.21793314 0.84073251 0.21398307 0.44708526
1461163060.57097 -5.29195371 1.99641051 -2.57476373 0.19387685 0.83090194 0.21520536 0.47507935
1461163060.68958 -5.38048860 2.08624267 -2.62780415 0.17089568 0.81658704 0.22103680 0.50509703
1461163060.78910 -5.44555495 2.13510817 -2.66188025 0.16144542 0.79652250 0.22935025 0.53561716
1461163060.90966 -5.51668285 2.17608303 -2.70328413 0.17276783 0.77210743 0.23048566 0.56646072
1461163061.02936 -5.59070740 2.22807191 -2.74670068 0.16621048 0.74793387 0.21920052 0.60408620
1461163061.15012 -5.67166601 2.29376288 -2.80103245 0.14612143 0.72604782 0.20852039 0.63876626
1461163061.28925 -5.75779200 2.33747299 -2.86488107 0.14327509 0.70580849 0.19124407 0.66688255
1461163061.48956 -5.84093075 2.36735466 -2.90476596 0.14033878 0.67965511 0.18651404 0.69540382
1461163061.76901 -5.82874825 2.37996533 -2.83649172 0.13039245 0.65201888 0.16480397 0.72849766
1461163061.92906 -5.75382065 2.37154271 -2.71064063 0.10611658 0.62851448 0.17111996 0.75128342
1461163062.10906 -5.61564671 2.28510280 -2.55665876 0.10692491 0.62501270 0.16660101 0.75509621
1461163062.24910 -5.47905647 2.17113873 -2.42792509 0.10316860 0.61777933 0.13656952 0.76749835
1461163062.36944 -5.36598468 2.04901333 -2.31420835 0.10785503 0.59975597 0.11103010 0.78506840
1461163062.50904 -5.22172868 1.90182118 -2.18956714 0.11716326 0.58030748 0.09285904 0.80055805
1461163062.64891 -5.04300648 1.76576408 -2.07074164 0.14015406 0.56538614 0.08169160 0.80871617
1461163062.77151 -4.89503980 1.63929465 -1.97162250 0.17113176 0.54848802 0.07013081 0.81544864
1461163062.90906 -4.73092806 1.49687963 -1.87333192 0.19778779 0.53254554 0.07608905 0.81944231
1461163063.02909 -4.61108666 1.37080274 -1.78106974 0.21304164 0.50161062 0.07191749 0.83536095
1461163063.14902 -4.47797869 1.28425326 -1.68158369 0.21413808 0.46636476 0.07805847 0.85472550
1461163063.28961 -4.28322548 1.25299630 -1.56895498 0.19322943 0.45066924 0.07826869 0.86800555
1461163063.42898 -4.05607206 1.23769521 -1.46749770 0.15439425 0.46499481 0.06497815 0.86932162
1461163063.58909 -3.81190623 1.14589469 -1.38046343 0.15616356 0.46609669 0.05135905 0.86932679
1461163063.72897 -3.58768117 1.04498848 -1.31418864 0.14451783 0.46263929 0.04853261 0.87334075
1461163063.84925 -3.36574050 0.97339565 -1.26045264 0.15133149 0.45855496 0.05794186 0.87376706
1461163063.97153 -3.14600218 0.91833107 -1.20340551 0.15851689 0.44106611 0.05672974 0.88154116
1461163064.08899 -2.94339359 0.86511063 -1.16680934 0.16402114 0.43302945 0.06098018 0.88423073
1461163064.18906 -2.79910153 0.82986736 -1.12441461 0.13432798 0.41647605 0.06432541 0.89686450
1461163064.28903 -2.67497933 0.77957540 -1.07192895 0.12042609 0.37742394 0.05688358 0.91641311
1461163064.40894 -2.50744382 0.73207943 -1.01580772 0.11447915 0.36169763 0.06041036 0.92326591
1461163064.54898 -2.29208273 0.69112863 -0.94776745 0.10863755 0.35559459 0.04880388 0.92702134
1461163064.67156 -2.11446411 0.64528838 -0.89649610 0.11058115 0.36880887 0.03095807 0.92238464
1461163064.78904 -1.98051699 0.58642159 -0.83793671 0.10632931 0.35452103 0.03801004 0.92820480
1461163064.90893 -1.85579820 0.52879825 -0.77792479 0.08577549 0.34051494 0.04180430 0.93538470
1461163065.00894 -1.75281616 0.48571284 -0.71517949 0.07898495 0.31800728 0.03851684 0.94400699
1461163065.10891 -1.64454116 0.45432114 -0.64232228 0.07551660 0.29006424 0.03371117 0.95342726
1461163065.20891 -1.52811529 0.42347211 -0.57047966 0.07583795 0.25937519 0.03662721 0.96209748
1461163065.30883 -1.41079917 0.38284488 -0.50700708 0.07200433 0.24284724 0.02146892 0.96715029
1461163065.38899 -1.33995216 0.34367992 -0.45410139 0.05930763 0.21629125 -0.00273312 0.97452205
1461163065.47076 -1.27473333 0.29820366 -0.40281443 0.05324261 0.19074991 -0.02311295 0.97992116
1461163065.57082 -1.18596670 0.23957194 -0.34881776 0.05834545 0.17021837 -0.01720366 0.98352710
1461163065.67055 -1.08353537 0.19005266 -0.29556064 0.06080166 0.15714634 0.00001214 0.98570187
1461163065.76906 -0.96550974 0.14634591 -0.23794735 0.06729704 0.14650518 0.00674650 0.98689504
1461163065.84888 -0.85718633 0.12314286 -0.18997283 0.07243220 0.14257461 0.01236313 0.98705279
1461163065.92881 -0.74769640 0.10865573 -0.14818019 0.07411418 0.14253999 0.00095874 0.98700989
1461163066.00915 -0.66041840 0.09953130 -0.10772962 0.07256926 0.13018697 -0.00969022 0.98878266
1461163066.08901 -0.60072130 0.10426508 -0.07164284 0.04369324 0.10349549 -0.01823480 0.99350243
1461163066.18946 -0.53924070 0.09962726 -0.03260930 0.03327563 0.08131942 -0.01573712 0.99600815
1461163066.28882 -0.49466282 0.09427447 -0.00499309 0.01314326 0.05153118 -0.03055720 0.99811725
1461163066.40900 -0.43779879 0.05506773 0.00720841 0.01036633 0.02957312 -0.04680722 0.99841227
1461163066.48879 -0.39066043 0.01264003 0.01181363 0.02678989 0.02922242 -0.05380576 0.99776415
1461163066.57077 -0.34105056 -0.02381074 0.01263985 0.04977345 0.01944321 -0.04674122 0.99747673
1461163066.67103 -0.26471107 -0.03794699 0.00962929 0.05240316 0.01337517 -0.03615114 0.99788181
1461163066.74882 -0.20779419 -0.03145194 0.00147533 0.03278027 0.00060303 -0.03517149 0.99884336
1461163066.82989 -0.15767155 -0.02394230 -0.01227270 0.02197635 -0.01268614 -0.01324092 0.99959031
1461163066.90902 -0.11011376 -0.01557018 -0.02144426 0.00605945 -0.01246042 -0.00798379 0.99987213
1461163067.04887 -0.05727348 -0.01601342 -0.02458192 0.00746388 -0.01766745 0.01332664 0.99972724
1461163067.20882 -0.00006446 0.00000599 -0.00000062 0.00001928 -0.00000159 -0.00002271 1.00000000
