1464106956.46632 0.48823257 0.34853618 0.11107880 0.00623947 -0.02374163 -0.11598549 0.99294752
1464106956.58403 0.44286710 0.40170538 0.10591674 0.00735262 -0.01423791 -0.11911035 0.99275170
1464106956.70398 0.37996264 0.45512734 0.10445892 0.00804588 -0.00468565 -0.11512389 0.99330750
1464106956.78400 0.33005566 0.48348441 0.10368915 0.01524258 0.00474832 -0.11414535 0.99333577
1464106956.90401 0.24746571 0.51632551 0.09719820 0.01914112 0.02230927 -0.10388722 0.99415460
1464106956.98397 0.18843622 0.53313844 0.08929492 0.01072999 0.03618578 -0.08886251 0.99532854
1464106957.10712 0.09354450 0.54037562 0.07238828 0.00378697 0.04710104 -0.07142250 0.99632624
1464106957.18429 0.03045208 0.53376020 0.05783967 0.00015506 0.04971828 -0.06013355 0.99695137
1464106957.30417 -0.05714210 0.50798085 0.03261269 -0.00340651 0.05801268 -0.04076683 0.99747731
1464106957.42417 -0.13627195 0.46760635 0.00631448 -0.01451474 0.06175028 -0.01109301 0.99792443
1464106957.54412 -0.20194925 0.40551407 -0.01693915 -0.00618231 0.05536108 0.00605828 0.99842888
1464106957.66406 -0.24343657 0.33987641 -0.04005787 -0.00788628 0.04203926 0.01983637 0.99888789
1464106957.78416 -0.25933855 0.27399977 -0.05701691 -0.01514538 0.03037622 0.03213270 0.99890710
1464106957.94419 -0.24418478 0.18602897 -0.06453089 -0.01113062 0.01285412 0.04449222 0.99886502
1464106958.07084 -0.21080723 0.12091400 -0.05463660 0.01605647 -0.00072784 0.04437976 0.99888543
1464106958.22427 -0.15220398 0.07582263 -0.01900323 0.02888911 -0.02498294 0.03179587 0.99876438
1464106958.38425 -0.08011349 0.06473740 0.03458753 0.03787419 -0.04878142 0.01859068 0.99791799
1464106958.50740 -0.00772157 0.06415391 0.07506750 0.03807917 -0.04953696 0.01839177 0.99787665
1464106958.62428 0.07765652 0.06454707 0.10776145 0.04376079 -0.03986037 0.01790253 0.99808599
1464106958.74407 0.16069673 0.06915692 0.13214545 0.04773398 -0.03697560 0.01970247 0.99798100
1464106958.86695 0.23442311 0.08294725 0.14701350 0.04722000 -0.04461457 0.01584977 0.99776179
1464106958.98445 0.29857470 0.10344813 0.15430223 0.04239219 -0.05690557 0.00799836 0.99744708
1464106959.10437 0.36447445 0.12514587 0.15617889 0.04477054 -0.05178050 0.00435242 0.99764494
1464106959.22992 0.42351048 0.15126570 0.15278419 0.04557047 -0.03981804 -0.00004177 0.99816725
1464106959.38433 0.47814163 0.19781730 0.14315708 0.03379966 -0.01198393 0.00813207 0.99932369
1464106959.54461 0.49596149 0.25062096 0.12248149 0.03144564 0.00854251 0.01169318 0.99940055
1464106959.70433 0.47472413 0.31698284 0.09436967 0.02668524 0.00521072 0.00478049 0.99961887
1464106959.82471 0.44025411 0.37416720 0.06310984 0.01262507 -0.00319824 0.00078885 0.99991487
1464106959.94423 0.39135317 0.42508115 0.02540563 0.00781548 -0.00862670 -0.00094019 0.99993180
1464106960.06612 0.32814482 0.45975243 -0.02157973 0.00423491 -0.01565000 -0.00750274 0.99984041
1464106960.18428 0.25900903 0.47352940 -0.07529957 -0.00312685 -0.00937291 -0.00380700 0.99994394
1464106960.30429 0.18488995 0.46520284 -0.13822829 -0.01202775 -0.00891835 0.00297202 0.99988347
1464106960.42441 0.11478105 0.43850467 -0.20580710 -0.01474064 -0.00850066 0.01800800 0.99969303
1464106960.54752 0.04962981 0.40052098 -0.27061864 -0.01818582 -0.00537778 0.04034881 0.99900567
1464106960.66528 -0.00448604 0.34824472 -0.33826574 -0.01136040 -0.01020836 0.05317343 0.99846849
1464106960.86753 -0.05627315 0.28234949 -0.45128992 -0.01045211 -0.02016845 0.04937087 0.99852216
1464106961.06537 -0.05483639 0.21545102 -0.54296051 0.00032116 -0.01238708 0.02297876 0.99965916
1464106961.22704 -0.02098098 0.13996234 -0.61069170 0.02355417 0.00879503 0.01515050 0.99956906
1464106961.42477 0.02825393 0.04960325 -0.68003982 0.02888596 0.03484476 0.02021313 0.99877068
1464106961.82469 0.04011977 -0.02765547 -0.74746625 0.06470247 0.03380372 0.02733317 0.99695727
1464106962.06456 0.02458033 0.06840991 -0.67874881 0.07220338 0.02427672 0.04186550 0.99621513
1464106962.22449 0.00335380 0.14736864 -0.60822180 0.08272596 0.01266161 0.04028427 0.99567730
1464106962.38462 -0.01417502 0.22353846 -0.53505786 0.09888929 0.00510707 0.03238154 0.99455833
1464106962.58481 -0.01624806 0.31070536 -0.43884789 0.10930062 0.01445730 0.02164797 0.99366782
1464106962.78698 0.00948392 0.37747341 -0.32794125 0.09577438 0.02448424 0.01591128 0.99497468
1464106962.98719 0.05561448 0.41704030 -0.20172497 0.09393102 0.03503431 0.00341279 0.99495624
1464106963.14595 0.08887899 0.44611325 -0.08117604 0.07582672 0.03244105 0.00212013 0.99659088
1464106963.30536 0.11783772 0.46999158 0.03952215 0.05695062 0.01697347 -0.00391543 0.99822502
1464106963.46471 0.14642704 0.48085849 0.14387085 0.04512822 0.00747270 -0.00392847 0.99894553
1464106963.62773 0.18236576 0.47190799 0.23148764 0.03611368 0.01821036 0.00056489 0.99918160
1464106963.74502 0.20114113 0.44994538 0.28509663 0.03877286 0.03865641 0.02088843 0.99828153
1464106963.86479 0.20364997 0.42592358 0.32358754 0.03509017 0.06393879 0.05796284 0.99565095
1464106963.98723 0.18722419 0.39654571 0.34841876 0.03975641 0.09034847 0.09445517 0.99062344
1464106964.10488 0.14601341 0.36620330 0.36120571 0.04906555 0.09263342 0.10402585 0.98903501
1464106964.22516 0.09136443 0.34592237 0.36268044 0.04974461 0.09592161 0.11544557 0.98741928
1464106964.34483 0.02351514 0.33123102 0.35662170 0.04927742 0.09542763 0.11841522 0.98713886
1464106964.46605 -0.04841617 0.32198470 0.34493547 0.04892867 0.09773892 0.12168621 0.98653209
1464106964.58486 -0.12018067 0.31728053 0.32991240 0.04507685 0.10821208 0.13049421 0.98449453
1464106964.70486 -0.19448537 0.31418054 0.31276733 0.04047258 0.10746306 0.13542705 0.98411035
1464106965.02508 -0.34660796 0.32641949 0.24630732 0.02534031 0.08491591 0.11380699 0.98954289
1464106965.22492 -0.39833984 0.35181854 0.18172887 0.01919506 0.04896557 0.09375947 0.99420475
1464106965.34499 -0.40532882 0.38442224 0.12335584 0.01514674 0.02429624 0.07577485 0.99671382
1464106965.46493 -0.39869996 0.42905456 0.05657387 -0.00159133 -0.00233684 0.05776709 0.99832608
1464106965.58489 -0.37307893 0.46509544 -0.01488143 -0.00802657 -0.02203924 0.04639197 0.99864790
1464106965.70810 -0.33127377 0.49281210 -0.08778896 -0.00710257 -0.04117663 0.03702898 0.99844023
1464106965.82506 -0.27562686 0.51522857 -0.15723392 -0.00885546 -0.05361053 0.03062022 0.99805305
1464106965.98556 -0.20586995 0.53576805 -0.21958054 -0.00865165 -0.06872914 0.01512374 0.99748320
1464106966.14510 -0.13081866 0.54930322 -0.24448661 -0.01275982 -0.06463389 0.01294654 0.99774347
1464106966.30518 -0.04606078 0.55642695 -0.23241206 -0.01948015 -0.05763839 0.00038865 0.99814738
1464106966.46526 0.05330340 0.54798888 -0.19933718 -0.02201081 -0.04679607 -0.00057369 0.99866177
1464106966.62504 0.14903474 0.52403734 -0.15626889 -0.01480016 -0.04489391 -0.00751256 0.99885387
1464106966.78767 0.24034932 0.49268768 -0.11062646 -0.00879906 -0.03416331 -0.00877606 0.99933899
1464106966.94741 0.32126804 0.45941243 -0.06722966 -0.01467462 -0.01956387 0.00091804 0.99970049
1464106967.10519 0.39573406 0.41850666 -0.01779715 -0.01872426 -0.00157923 -0.00432492 0.99981408
1464106967.26553 0.46234080 0.36536602 0.03245391 -0.01816980 0.00313097 -0.00392794 0.99982230
1464106967.38787 0.50754243 0.32062995 0.06594823 -0.01516703 0.00863662 -0.01422215 0.99974652
1464106967.50523 0.54843943 0.27026877 0.09371216 -0.01556336 0.01890140 -0.01462577 0.99959322
1464106967.62523 0.57528464 0.20994350 0.11830417 -0.00663398 0.02834900 -0.00876776 0.99953762
1464106967.74521 0.58658214 0.14539073 0.13623266 0.00304957 0.03915588 0.00159991 0.99922718
1464106967.86540 0.58423223 0.07810903 0.14743907 0.01923797 0.04893567 0.01852785 0.99844475
1464106967.99188 0.56329373 0.01641377 0.15345408 0.03036733 0.05179211 0.02658567 0.99784197
1464106968.10524 0.52495677 -0.04047524 0.15535637 0.05311668 0.05307519 0.02105397 0.99695455
1464106968.22524 0.46460049 -0.07986296 0.15742810 0.06136222 0.04279555 0.02053454 0.99698623
1464106968.34570 0.39129161 -0.10463945 0.16147589 0.07206281 0.03574429 0.02057982 0.99654692
1464106968.46530 0.30951443 -0.11112887 0.17044398 0.07600689 0.03406480 0.02117320 0.99630028
1464106968.54533 0.25080140 -0.10449281 0.18140334 0.07480174 0.03063721 0.02335366 0.99645405
1464106968.62575 0.19189253 -0.09061730 0.19265457 0.06886890 0.02658062 0.01500276 0.99715870
1464106968.70533 0.13514235 -0.06890099 0.20232162 0.05852687 0.02086214 0.01033062 0.99801436
1464106968.78538 0.08082164 -0.04038418 0.20887029 0.04104567 0.01136343 0.00937132 0.99904870
1464106969.02529 -0.03125421 0.05268236 0.18849636 0.01871961 -0.01173141 0.00072084 0.99975569
1464106969.14540 -0.06786296 0.10845961 0.16062726 0.01287174 -0.02411477 -0.01221378 0.99955171
1464106969.26530 -0.08951091 0.16852299 0.12160360 0.00197452 -0.03868806 -0.03000484 0.99879880
1464106969.42533 -0.09027504 0.23518080 0.05569417 0.00395037 -0.04938684 -0.04790617 0.99762234
1464106969.58887 -0.06646752 0.28412016 -0.02309863 0.01189909 -0.04278330 -0.05811486 0.99732175
1464106969.74564 -0.04273766 0.32259219 -0.11961143 0.03157288 -0.04899577 -0.06076442 0.99644882
1464106969.98542 -0.00847467 0.37095271 -0.23544396 0.02656029 -0.02023588 -0.03822244 0.99871122
1464106970.18545 0.03184035 0.40459398 -0.31850073 0.03298310 0.00883194 -0.03327019 0.99886296
1464106970.42545 0.06407523 0.47952640 -0.43830776 0.02601510 0.03516814 -0.03385449 0.99846897
1464106970.90573 0.14325548 0.59928655 -0.74011155 0.02251533 0.07396414 -0.00497710 0.99699428
1464106971.10559 0.24404546 0.63312213 -0.86019239 0.03826094 0.07965252 0.01078528 0.99602975
1464106971.26563 0.35738172 0.66786705 -0.96904944 0.03939124 0.07469313 0.00620578 0.99640893
1464106971.58852 0.62988865 0.74790817 -1.16056860 0.04685953 0.11958531 0.02904596 0.99129202
1464106971.70566 0.75962083 0.78163929 -1.20338836 0.04665180 0.14217564 0.03952994 0.98795095
1464106971.86561 0.94590581 0.81882672 -1.24772519 0.04861563 0.15486957 0.03775525 0.98601546
1464106972.02547 1.13838047 0.85484616 -1.28604115 0.05433787 0.16544583 0.03210911 0.98419717
1464106972.18567 1.32179973 0.85410254 -1.33159920 0.06208112 0.17451197 0.02830177 0.98228841
1464106972.34572 1.49409057 0.85389757 -1.37571690 0.06228758 0.18027487 0.03059273 0.98116528
1464106972.50568 1.68196352 0.86885545 -1.40668980 0.07019152 0.18509745 0.03695436 0.97951338
1464106972.66789 1.87883790 0.89722319 -1.43075297 0.07493064 0.18561539 0.03585058 0.97910524
1464106972.86575 2.11829074 0.89945957 -1.46549892 0.06539740 0.19115178 0.03234536 0.97884522
1464106973.02553 2.30200550 0.90595166 -1.47088844 0.04941817 0.21589190 0.04616309 0.97407264
1464106973.18816 2.49527519 0.91293482 -1.43135053 0.05248058 0.24014646 0.05474899 0.96776961
1464106973.30564 2.65232098 0.91359802 -1.38597832 0.05437285 0.27014154 0.05514951 0.95970082
1464106973.46578 2.85130161 0.88967303 -1.31792631 0.05036262 0.29136588 0.05664377 0.95360422
1464106973.58793 2.99544022 0.87105246 -1.28351752 0.04171110 0.31900171 0.07463688 0.94388952
1464106973.70585 3.14214963 0.85810346 -1.25050067 0.03871991 0.35425247 0.09619678 0.92938266
1464106973.82588 3.29645342 0.85209504 -1.20850614 0.04491387 0.38956669 0.10622065 0.91374926
1464106973.94596 3.45999190 0.84723344 -1.16361983 0.04832628 0.42377154 0.12987916 0.89510539
1464106974.06738 3.60855158 0.84261997 -1.11616038 0.03338891 0.43515708 0.14632727 0.88775663
1464106974.22604 3.78542218 0.82534753 -1.06609836 0.01736621 0.45910252 0.15067467 0.87534018
1464106974.38858 3.94599615 0.80149199 -1.00917701 0.00658808 0.47841552 0.15913450 0.86356899
1464106974.50597 4.06567699 0.79442705 -0.95704337 0.00260890 0.50000600 0.16911277 0.84934567
1464106974.62595 4.19166662 0.78778655 -0.89719968 -0.00310211 0.52801624 0.18253081 0.82938033
1464106974.74592 4.31994818 0.76279895 -0.83977216 -0.00266237 0.55589854 0.19023966 0.80918391
1464106974.86599 4.44888531 0.72884313 -0.79757096 -0.00383971 0.59016173 0.19776484 0.78267711
1464106974.98593 4.57542337 0.69933720 -0.75922474 0.00080545 0.61481040 0.20976078 0.76026834
1464106975.14634 4.74540973 0.69069909 -0.71210842 0.00432001 0.63502369 0.21307486 0.74251286
1464106975.34600 4.97286806 0.69739132 -0.66553430 0.01153026 0.64926430 0.20216361 0.73311172
1464106975.54601 5.19253125 0.66947367 -0.65971261 0.01088276 0.65122619 0.20521789 0.73052833
1464106975.70603 5.35853327 0.65166507 -0.67305413 0.01554745 0.65854755 0.20527534 0.72383385
1464106975.86922 5.53167665 0.67365607 -0.67782414 0.01646433 0.65370953 0.20501954 0.72825804
1464106976.02606 5.72841705 0.70165820 -0.68895332 0.01343361 0.64383123 0.17813320 0.74402247
1464106976.26606 6.00945878 0.68420876 -0.76470836 0.01926608 0.63404816 0.15111652 0.75813953
1464106976.46614 6.24598745 0.68559989 -0.84377458 0.04800381 0.64366501 0.15483899 0.74794110
1464106976.62615 6.47329771 0.72183523 -0.90822619 0.06284801 0.64850863 0.15847290 0.74187130
1464106976.82611 6.72720996 0.74160393 -1.02117942 0.06500189 0.63250176 0.13708641 0.75955486
1464106977.10615 7.05427271 0.80418869 -1.17140557 0.05344709 0.62686358 0.11895973 0.76813674
1464106977.34625 7.37360928 0.90578742 -1.26643671 0.04218948 0.62008954 0.11011697 0.77561798
1464106977.54680 7.61444132 0.92581219 -1.37157635 0.03464470 0.59950072 0.10510198 0.79268670
1464106977.74632 7.83694689 0.97253148 -1.46390176 0.04536320 0.57304129 0.09244283 0.81303148
1464106977.90629 8.02334376 1.01123518 -1.52792408 0.06774048 0.54647070 0.08243946 0.83065320
1464106978.02612 8.14627963 1.00501102 -1.57643322 0.06990647 0.50945808 0.06003557 0.85554736
1464106978.18860 8.29243229 0.99185010 -1.63867544 0.08607826 0.46187138 0.03761948 0.88195813
1464106978.30628 8.39952127 1.01388604 -1.67370731 0.09151879 0.41948761 0.02258237 0.90285353
1464106978.42667 8.51747374 1.05999748 -1.69705432 0.09005927 0.37690445 0.00770516 0.92183133
1464106978.54636 8.65534769 1.09929136 -1.72178721 0.08691223 0.34589579 0.00216907 0.93423640
1464106978.70697 8.84047965 1.11457099 -1.76732155 0.08226899 0.31207077 -0.01008294 0.94643647
1464106978.86629 9.00905748 1.10448153 -1.82268099 0.09748066 0.28381072 -0.01844283 0.95373417
1464106979.02633 9.18867833 1.12187389 -1.86046069 0.12608419 0.26037355 -0.02376298 0.95694499
1464106979.14636 9.32516558 1.13532749 -1.88678849 0.15078786 0.23597478 -0.01342969 0.95989508
1464106979.30636 9.48819213 1.13013869 -1.92588446 0.15658398 0.19740116 0.00077492 0.96773635
1464106979.46637 9.64123219 1.12109776 -1.94887165 0.15046244 0.15640320 0.04198081 0.97526238
1464106979.58650 9.76173185 1.13228348 -1.94494120 0.15693711 0.11867785 0.09039242 0.97627635
1464106979.74679 9.95726241 1.14955136 -1.92435258 0.16933668 0.09399078 0.13224820 0.97211174
1464106979.90646 10.16436485 1.13625264 -1.91801219 0.18150099 0.08419759 0.17818569 0.96344072
1464106980.06649 10.36888177 1.10745914 -1.92931800 0.19091758 0.07511354 0.24981414 0.94630932
1464106980.18886 10.53065085 1.10868968 -1.93320355 0.20802791 0.06348344 0.31189342 0.92488742
1464106980.34656 10.75765030 1.13124925 -1.94045457 0.21808292 0.04746796 0.34996253 0.90978726
1464106980.46750 10.91943985 1.14019321 -1.96213136 0.19384981 0.03190891 0.36721990 0.90914995
1464106980.62656 11.10852004 1.12269516 -1.98325383 0.17788891 0.00004285 0.38812593 0.90427529
1464106980.79131 11.29667537 1.12543943 -1.98305893 0.18097325 -0.03334495 0.42996409 0.88389348
1464106980.94646 11.50868456 1.15528470 -1.95821018 0.17747488 -0.05336235 0.45291540 0.87207956
1464106981.10662 11.72181010 1.17984889 -1.94698239 0.15037186 -0.06441701 0.46644003 0.86929422
1464106981.26907 11.92249426 1.16269310 -1.96112645 0.14954731 -0.08245003 0.49664564 0.85098807
1464106981.38912 12.07961464 1.15378207 -1.96667482 0.17160608 -0.09279218 0.52597859 0.82782092
1464106981.50657 12.25656618 1.16064737 -1.96692467 0.18904534 -0.09529125 0.55969094 0.80120378
1464106981.62660 12.43103083 1.16474614 -1.98224961 0.18277128 -0.10238916 0.58594268 0.78280412
1464106981.74665 12.59579414 1.15695219 -2.00097086 0.17205115 -0.09895528 0.60609290 0.77023221
1464106981.90672 12.79291039 1.13944379 -2.01987997 0.15384517 -0.11052824 0.63099103 0.75230678
1464106982.06690 13.00028258 1.15226553 -2.01401088 0.15149257 -0.12766798 0.65582930 0.72844960
1464106982.18966 13.16620213 1.17477488 -1.98253881 0.14536009 -0.12434855 0.65890124 0.72750054
1464106982.30672 13.33496787 1.18486084 -1.96530787 0.12917174 -0.11987960 0.64696718 0.74187399
1464106982.46666 13.55949900 1.16987581 -1.96686205 0.12253850 -0.11162739 0.63415433 0.75522972
1464106982.58858 13.72484814 1.16277029 -1.96473539 0.12965118 -0.11807053 0.62977216 0.75672779
1464106982.70671 13.90697343 1.17924056 -1.96506853 0.14307836 -0.12253901 0.64053332 0.74446614
1464106982.82704 14.07461407 1.19505471 -1.97731566 0.13898567 -0.13366813 0.63467846 0.74833085
1464106982.94669 14.23455546 1.19868251 -2.00245603 0.12143241 -0.14060250 0.62124675 0.76127366
1464106983.06679 14.38912091 1.19544861 -2.02126699 0.11382659 -0.14202367 0.61779373 0.76498608
1464106983.22919 14.59987891 1.18402845 -2.03005781 0.11593555 -0.15874872 0.62940614 0.75180164
1464106983.34687 14.75797745 1.19285833 -2.00615864 0.13118978 -0.17174416 0.63632583 0.74052861
1464106983.46686 14.93175074 1.19690696 -1.99160388 0.13742833 -0.17931780 0.63422970 0.73939926
1464106983.58744 15.10929266 1.18390134 -1.98869749 0.13569641 -0.17093008 0.62406009 0.75027887
1464106983.70680 15.28000314 1.17106593 -1.98994256 0.13566157 -0.16692741 0.62577201 0.74976034
1464106983.82706 15.45031584 1.16394307 -1.99134198 0.14443554 -0.19235534 0.62322858 0.74412629
1464106983.94672 15.64182970 1.18714826 -1.98698784 0.15669774 -0.19114472 0.62149761 0.74340449
1464106984.06678 15.82806315 1.20355578 -1.98925445 0.15320801 -0.18310690 0.61930401 0.74797173
1464106984.18908 16.01512378 1.19853779 -2.00783319 0.15181853 -0.18190934 0.61078707 0.75551259
1464106984.31120 16.19306759 1.19040016 -2.02204518 0.15205707 -0.17486951 0.61398738 0.75453218
1464106984.42701 16.38952690 1.18817430 -2.02300474 0.16279160 -0.17260557 0.62181797 0.74635690
1464106984.54896 16.57176032 1.21444466 -2.01237581 0.17741771 -0.17245381 0.61659596 0.74739017
1464106984.66707 16.76056125 1.23986442 -2.00420157 0.17485990 -0.16579663 0.61722896 0.74897523
1464106984.78959 16.94963902 1.25057282 -2.01274779 0.16499149 -0.15587766 0.60897728 0.76001752
1464106984.90704 17.12049195 1.24203481 -2.03914151 0.16275673 -0.14989098 0.61027987 0.76065855
1464106985.02706 17.29183501 1.24513291 -2.06374496 0.16963739 -0.15356679 0.61130673 0.75759124
1464106985.14706 17.46846821 1.26376231 -2.09338418 0.18042853 -0.16322223 0.61451217 0.75045243
1464106985.26708 17.64360993 1.28375044 -2.13784606 0.18374576 -0.17094169 0.62039245 0.74305427
1464106985.38893 17.81209018 1.28427544 -2.19364660 0.17475457 -0.17886929 0.61251387 0.74986223
1464106985.54708 18.00290369 1.28280075 -2.24621262 0.16621594 -0.18248223 0.61951095 0.74517023
1464106985.70718 18.20871676 1.31577612 -2.26159072 0.16201991 -0.19377890 0.62180465 0.74132198
1464106985.82700 18.38618842 1.34269075 -2.25887313 0.16829765 -0.18984076 0.62565773 0.73769153
1464106985.94699 18.55306904 1.35611144 -2.26329664 0.16337869 -0.18690879 0.61801418 0.74594301
1464106986.06928 18.72609692 1.36149814 -2.27605904 0.15756971 -0.17589775 0.61454468 0.75270618
1464106986.19078 18.90079286 1.36067078 -2.29310792 0.16291517 -0.17302057 0.61631984 0.75078118
1464106986.30868 19.08284980 1.37379745 -2.30541480 0.17915543 -0.17520227 0.62267907 0.74126802
1464106986.42720 19.27464560 1.39353337 -2.32215766 0.18643525 -0.17830036 0.61890904 0.74189115
1464106986.54723 19.44008344 1.40478173 -2.35907475 0.18272736 -0.18503967 0.60719323 0.75079119
1464106986.66717 19.60816003 1.40944759 -2.39323331 0.18305379 -0.18269869 0.60712065 0.75134347
1464106986.78950 19.76382706 1.41358380 -2.41826409 0.17460567 -0.18250446 0.60870396 0.75211999
1464106986.90720 19.92363611 1.42981878 -2.42258417 0.17253773 -0.18513941 0.61186001 0.74938739
1464106987.02728 20.09900779 1.44555623 -2.41481560 0.17881459 -0.19297850 0.60521313 0.75133329
1464106987.14738 20.27595190 1.46749350 -2.41119445 0.17686073 -0.18906232 0.60240450 0.75503943
1464106987.26726 20.45090958 1.46555831 -2.42045831 0.17598415 -0.18036784 0.59352032 0.76434982
1464106987.38738 20.62006120 1.45716579 -2.43737453 0.17985349 -0.18002861 0.59767729 0.76027908
1464106987.50715 20.80494149 1.46031191 -2.44446870 0.18891552 -0.18053968 0.60671243 0.75074388
1464106987.62726 20.96834572 1.47648667 -2.45088167 0.19613030 -0.19084249 0.60788954 0.74537397
1464106987.74881 21.14667313 1.48320053 -2.47281861 0.18697295 -0.19697044 0.60739392 0.74653626
1464106987.86738 21.32106530 1.46804848 -2.50123718 0.19239132 -0.19730970 0.59788056 0.75272392
1464106987.99001 21.49016293 1.45642271 -2.52073167 0.19642532 -0.19500255 0.59991807 0.75065931
1464106988.10744 21.65908482 1.46723996 -2.52065092 0.19865790 -0.19992464 0.59790362 0.75038419
1464106988.22749 21.84252508 1.50125014 -2.50276037 0.20102619 -0.19141960 0.59585031 0.75359765
1464106988.34739 22.02758707 1.52469908 -2.48699887 0.19655388 -0.18222836 0.59276162 0.75946893
1464106988.46758 22.22633258 1.51510962 -2.48512953 0.20170784 -0.16773220 0.59508374 0.75964149
1464106988.59032 22.39891099 1.50063211 -2.50430212 0.20940969 -0.16195890 0.59671383 0.75752854
1464106988.70761 22.57197423 1.50032360 -2.51233005 0.21798774 -0.16585423 0.59759205 0.75356317
1464106988.82754 22.74996155 1.51504808 -2.51944546 0.22916681 -0.17378589 0.59902855 0.74729234
1464106988.94760 22.92658475 1.52593561 -2.53327006 0.22534276 -0.18120444 0.59874815 0.74691783
1464106989.10739 23.14998987 1.51556429 -2.56152940 0.22236351 -0.18018337 0.60006666 0.74699961
1464106989.26756 23.35607972 1.51554539 -2.57880671 0.21640902 -0.17903301 0.60839195 0.74227593
1464106989.39047 23.52560671 1.53598827 -2.56631223 0.22494580 -0.17796868 0.61010108 0.73858189
1464106989.51033 23.70145109 1.55873212 -2.54360820 0.22998273 -0.17460532 0.60958861 0.73825650
1464106989.62750 23.87925705 1.56564823 -2.53201920 0.22175183 -0.17202124 0.59808710 0.75068411
1464106989.74759 24.04860814 1.55268006 -2.52848325 0.22263636 -0.16178729 0.59541738 0.75480863
1464106989.90751 24.27655799 1.54110622 -2.52812094 0.22426081 -0.15181345 0.60681080 0.74728871
1464106990.02887 24.45032670 1.55105911 -2.52724907 0.23728136 -0.15418865 0.61223425 0.73830390
1464106990.15017 24.62103827 1.55775352 -2.52277726 0.23794504 -0.16591387 0.60915188 0.73809805
1464106990.26758 24.79184865 1.55042428 -2.54054159 0.22998982 -0.17356542 0.60390303 0.74315601
1464106990.39018 24.96418891 1.53742594 -2.56277936 0.23435382 -0.17316903 0.62157507 0.72714180
1464106990.50760 25.12114296 1.52668209 -2.57367339 0.24312820 -0.17612185 0.64452920 0.70317272
1464106990.62760 25.28213091 1.54260904 -2.56397342 0.23533274 -0.17933992 0.66726769 0.68352727
1464106990.74766 25.45471640 1.56345562 -2.54496408 0.23892394 -0.17866692 0.69842342 0.65053686
1464106990.86770 25.62656795 1.57439092 -2.53922061 0.23220887 -0.17664829 0.70636417 0.64492176
1464106990.98780 25.79091793 1.57141774 -2.54489919 0.22551888 -0.17124738 0.70785423 0.64711510
1464106991.10759 25.95654815 1.56516196 -2.55928216 0.22404721 -0.17545627 0.72021702 0.63269692
1464106991.22940 26.13079080 1.57429919 -2.56814416 0.23322246 -0.17738147 0.73757614 0.60837862
1464106991.34759 26.30789495 1.59150850 -2.58132509 0.24017502 -0.18746821 0.74429567 0.59430260
1464106991.46787 26.48007455 1.60575508 -2.61000756 0.23060868 -0.18856861 0.73432715 0.60993865
1464106991.58765 26.65036147 1.60860176 -2.64087332 0.22722366 -0.18338752 0.72743936 0.62094316
1464106991.74770 26.87226052 1.61561257 -2.67201878 0.22427329 -0.17918996 0.73097492 0.61908651
1464106991.86773 27.04322736 1.63506611 -2.67649833 0.22934781 -0.18190170 0.72611309 0.62215041
1464106991.99028 27.23394988 1.66537248 -2.66919780 0.24089285 -0.17638156 0.71446015 0.63277712
1464106992.10781 27.42884094 1.68397540 -2.67034160 0.23812402 -0.15892339 0.70835486 0.64519276
1464106992.22773 27.61937149 1.68155156 -2.68651288 0.24576177 -0.13846913 0.71052092 0.64466074
1464106992.35073 27.79961919 1.67438167 -2.70425873 0.25380840 -0.13326584 0.70635923 0.64720797
1464106992.46778 27.98311831 1.68652674 -2.71746916 0.26720631 -0.12741422 0.69697266 0.65314280
1464106992.59028 28.16242158 1.70170857 -2.73581836 0.27416033 -0.12756674 0.67045265 0.67753678
1464106992.71093 28.33692926 1.71811746 -2.76227641 0.27049920 -0.12971495 0.62599274 0.71981755
1464106992.82888 28.49818375 1.72652272 -2.78549007 0.26253695 -0.10400308 0.59075250 0.75582352
1464106992.95105 28.65092521 1.74306182 -2.79947385 0.23837507 -0.07506786 0.53826946 0.80486529
1464106993.06835 28.82105138 1.77145819 -2.80042677 0.23847894 -0.05586762 0.50894193 0.82521798
1464106993.19035 29.00305506 1.79707686 -2.79371023 0.23776305 -0.03561660 0.48457189 0.84106497
1464106993.30792 29.18992499 1.81621761 -2.78648517 0.23888358 -0.02350914 0.45416624 0.85797143
1464106993.42788 29.37102164 1.81339739 -2.79311362 0.24121985 -0.00577747 0.42459285 0.87263997
1464106993.54802 29.54171259 1.80472637 -2.80509988 0.24403674 0.00691774 0.39485786 0.88571185
1464106993.66840 29.71949803 1.80848103 -2.81310634 0.25643539 0.01551637 0.35395334 0.89928703
1464106993.79052 29.90242976 1.82810659 -2.81724374 0.26712615 0.01921192 0.31713053 0.90978170
1464106993.90798 30.07492853 1.83729908 -2.83158897 0.25374603 0.02557148 0.28476859 0.92404865
1464106994.02777 30.22524190 1.83024361 -2.84390782 0.23175137 0.03230623 0.21704045 0.94770304
1464106994.14801 30.36772776 1.82563679 -2.85086183 0.20073762 0.03703699 0.14516964 0.96812109
1464106994.26801 30.51946763 1.83262692 -2.84830140 0.20161309 0.02917685 0.10364574 0.97352886
1464106994.39077 30.68961224 1.85417114 -2.83260148 0.19962552 0.04107667 0.05652441 0.97737779
1464106994.50806 30.87120816 1.86560324 -2.82334132 0.21289495 0.05801711 0.03517121 0.97471675
1464106994.62798 31.04752953 1.85913374 -2.82958138 0.22031356 0.08270176 -0.00432919 0.97190720
1464106994.78840 31.25949008 1.84104471 -2.85362229 0.22263022 0.09240003 -0.04152940 0.96962536
1464106994.94795 31.48303943 1.84962243 -2.87151542 0.23958710 0.10441590 -0.06797348 0.96284731
1464106995.02793 31.59188449 1.87166478 -2.87966158 0.22124303 0.08892259 -0.11249867 0.96461824
1464106995.14839 31.75299747 1.88350926 -2.91005658 0.22013415 0.08823063 -0.14577140 0.96047229
1464106995.26815 31.90362749 1.87248258 -2.94173430 0.22606743 0.10095959 -0.19254915 0.94953963
1464106995.42812 32.08400371 1.86026121 -2.97461373 0.23515434 0.10404740 -0.24791593 0.93403119
1464106995.59086 32.27692106 1.88571180 -2.97479408 0.23802661 0.11321889 -0.29904685 0.91711275
1464106995.74814 32.48954346 1.91586536 -2.95585744 0.23169260 0.13073622 -0.34628827 0.89961715
1464106995.90818 32.70728390 1.89541711 -2.96949711 0.23010429 0.14930545 -0.39722762 0.87576830
1464106996.06819 32.89900398 1.88483540 -2.98055418 0.23044787 0.12885159 -0.43048963 0.86311629
1464106996.19081 33.04975348 1.89075245 -2.99073420 0.25452648 0.13361082 -0.46080990 0.83965389
1464106996.34868 33.27586273 1.90932591 -3.00865195 0.25920067 0.15032586 -0.49621010 0.81485746
1464106996.50818 33.47646301 1.91087204 -3.03361749 0.25426937 0.12922412 -0.53439382 0.79565788
1464106996.66828 33.66518122 1.90337848 -3.05075635 0.25899587 0.11124384 -0.56565573 0.77497067
1464106996.78817 33.81307499 1.92085904 -3.04616487 0.27021791 0.10249006 -0.59355771 0.75111072
1464106996.90827 33.98648527 1.95562565 -3.01802159 0.24755755 0.09153409 -0.60826046 0.74856929
1464106997.02828 34.14877900 1.97664043 -2.99090149 0.23382569 0.06496239 -0.62544332 0.74157002
1464106997.14954 34.30242259 1.98487426 -2.97518034 0.22248236 0.03894472 -0.63041271 0.74267404
1464106997.30831 34.50645680 1.98632119 -2.96442902 0.21348883 0.02212684 -0.62299617 0.75220256
1464106997.46834 34.72803118 1.99993937 -2.95681490 0.22327679 0.03050850 -0.62404038 0.74819136
1464106997.59132 34.90008936 2.01879911 -2.96095796 0.21684159 0.02859986 -0.62864107 0.74630569
1464106997.74843 35.10814323 2.01606208 -2.98519728 0.22186495 0.01241210 -0.63704889 0.73809931
1464106997.90866 35.29930958 2.01281854 -3.00048912 0.21890248 -0.00286420 -0.63466669 0.74112866
1464106998.06833 35.50432361 2.03825755 -2.98850965 0.22843941 -0.00272207 -0.63802258 0.73534701
1464106998.19105 35.68421461 2.06713961 -2.97281706 0.21060634 -0.00014789 -0.63948358 0.73939550
1464106998.34837 35.91070887 2.07611825 -2.97274416 0.20831197 -0.01349771 -0.64541221 0.73475643
1464106998.51034 36.11194455 2.06043468 -2.98154746 0.19875512 -0.02616004 -0.63759620 0.74383005
1464106998.62847 36.27097569 2.05355817 -2.98731087 0.21313038 -0.00987858 -0.63107594 0.74580226
1464106998.74847 36.44407818 2.06542739 -2.99723632 0.22282496 0.00392200 -0.63559873 0.73915351
1464106998.86845 36.62422273 2.09234863 -3.01719508 0.21997775 -0.01699296 -0.63929145 0.73663253
1464106999.02845 36.83259260 2.09731263 -3.04902898 0.20994881 -0.02516011 -0.63520572 0.74283387
1464106999.19115 37.03303442 2.11115490 -3.06402362 0.20593943 -0.04014072 -0.62411165 0.75263692
1464106999.34990 37.25117720 2.14118548 -3.05191756 0.20509988 -0.03760558 -0.62635190 0.75113458
1464106999.46862 37.42649732 2.15593320 -3.03786564 0.20119130 -0.03314566 -0.62420907 0.75417933
1464106999.58865 37.59966928 2.15642936 -3.03199467 0.18991716 -0.04161787 -0.62330639 0.75742232
1464106999.70860 37.75984508 2.15336361 -3.03439523 0.17653716 -0.05292569 -0.61300623 0.76828176
1464106999.82869 37.91811019 2.14327062 -3.02994811 0.18704989 -0.04937474 -0.59188344 0.78246308
1464106999.94935 38.09298990 2.14750453 -3.02595034 0.19534780 -0.03487961 -0.57551827 0.79334820
1464107000.06863 38.28248563 2.16138703 -3.03195365 0.19764958 -0.02762058 -0.56579788 0.80002782
1464107000.22844 38.48493134 2.16148966 -3.05063225 0.20037686 -0.04677925 -0.55899979 0.80323101
1464107000.34861 38.64232708 2.16275959 -3.06185089 0.19001710 -0.05555029 -0.53621258 0.82053868
1464107000.46870 38.79703999 2.17467519 -3.05963573 0.18273871 -0.06186707 -0.51139735 0.83740778
1464107000.59044 38.96404832 2.19771492 -3.03788933 0.18333536 -0.06339505 -0.48910194 0.85038139
1464107000.70868 39.16448733 2.22074666 -3.01437909 0.17015339 -0.05775919 -0.47235636 0.86289696
1464107000.79191 39.27401650 2.22520360 -3.00110859 0.14209876 -0.06490678 -0.46767082 0.86998797
1464107000.90871 39.45610983 2.21409015 -2.99537183 0.13673847 -0.04997871 -0.44783373 0.88218460
1464107001.03219 39.63505373 2.19951974 -2.99672096 0.14347905 -0.02840011 -0.41414096 0.89838436
1464107001.14878 39.82077624 2.20201525 -2.98787646 0.14137581 -0.00287048 -0.40804297 0.90194544
1464107001.26879 40.01349101 2.21170733 -2.97272008 0.15074853 0.01825013 -0.38809384 0.90902419
1464107001.39084 40.20706896 2.20850628 -2.97336021 0.14349909 0.01550234 -0.37513646 0.91566387
1464107001.50875 40.37339375 2.19273145 -2.97674820 0.14055678 0.01944107 -0.38289475 0.91282936
1464107001.63260 40.54957650 2.18397224 -2.97821813 0.13941688 0.01607029 -0.37926914 0.91458165
1464107001.74874 40.73825947 2.20569295 -2.95991800 0.13185601 0.01459718 -0.36986823 0.91956425
1464107001.82882 40.87905106 2.22301153 -2.93728823 0.13598280 0.03159809 -0.35858759 0.92299793
1464107001.90889 41.02416514 2.24123427 -2.91717500 0.11579389 0.04821511 -0.35133654 0.92780909
1464107001.99137 41.16003662 2.24872075 -2.90390195 0.09281477 0.04390970 -0.34867803 0.93160130
1464107002.06883 41.30253397 2.23894595 -2.89948474 0.08220377 0.05752440 -0.34674657 0.93257724
1464107002.19175 41.48442789 2.21458796 -2.89682000 0.07953811 0.06801041 -0.32966037 0.93828158
1464107002.30890 41.67659293 2.21424124 -2.88578807 0.09021857 0.08282549 -0.32349540 0.93827036
1464107002.42889 41.87539104 2.22632344 -2.87851810 0.10811498 0.09594467 -0.31532401 0.93791073
1464107002.54879 42.06332934 2.22828806 -2.88891181 0.11975246 0.09031163 -0.30049411 0.94191637
1464107002.66975 42.23964800 2.21746093 -2.90843653 0.11668987 0.08299334 -0.31803353 0.93720342
1464107002.79142 42.41851454 2.21281309 -2.92184238 0.11123592 0.07490123 -0.32225909 0.93710483
1464107002.90984 42.59322716 2.23381933 -2.92709643 0.10518475 0.06654037 -0.33697323 0.93325108
1464107003.02891 42.79333212 2.25625979 -2.91441081 0.12096966 0.08050484 -0.33161250 0.93215796
1464107003.10959 42.93047049 2.26311891 -2.90894662 0.12389890 0.08950372 -0.32713641 0.93253414
1464107003.22888 43.12151772 2.25796149 -2.91305177 0.11075604 0.08371256 -0.33348423 0.93247712
1464107003.34928 43.30541121 2.24650128 -2.92183480 0.10120993 0.08341769 -0.33296729 0.93377236
1464107003.46895 43.49281574 2.24600829 -2.94650880 0.10985573 0.09304002 -0.32175209 0.93581562
1464107003.58898 43.68757141 2.27508914 -2.96229454 0.11666600 0.09799103 -0.31448845 0.93695455
1464107003.70902 43.87796944 2.29049345 -2.99220021 0.12584991 0.10363333 -0.28912626 0.94330692
1464107003.79126 43.98877230 2.28771821 -3.01498230 0.11991467 0.08099666 -0.30812402 0.94027634
1464107003.90904 44.16209605 2.27274821 -3.05275734 0.12844823 0.08442351 -0.31235893 0.93744633
1464107004.02905 44.33084195 2.28167724 -3.07757700 0.13157882 0.08073733 -0.31453543 0.93660876
1464107004.14905 44.51115318 2.31569496 -3.07611583 0.12950884 0.07731979 -0.31748000 0.93619205
1464107004.26891 44.71217861 2.33651166 -3.05517751 0.13075397 0.08523003 -0.32159505 0.93392498
1464107004.39156 44.88994412 2.33961189 -3.06784118 0.11967304 0.07117162 -0.32718054 0.93464745
1464107004.50906 45.07044823 2.32355624 -3.08505703 0.11923610 0.07238613 -0.31995120 0.93710951
1464107004.62893 45.24897495 2.31696932 -3.09871868 0.12969667 0.08609735 -0.31400419 0.93657215
1464107004.74897 45.43911499 2.33601186 -3.10401363 0.13850443 0.09475982 -0.32278201 0.93147672
1464107004.86894 45.60967590 2.36268730 -3.12177167 0.13292885 0.08627450 -0.32374393 0.93277891
1464107004.94937 45.71870585 2.36545736 -3.13904706 0.13421298 0.06163370 -0.32163878 0.93527357
1464107005.11143 45.95129121 2.36236399 -3.17869115 0.13016559 0.06061548 -0.33037109 0.93286528
1464107005.22913 46.12341966 2.37662588 -3.19579780 0.13357798 0.06880496 -0.32212194 0.93469795
1464107005.34918 46.30809903 2.40793340 -3.19203787 0.13611507 0.07565197 -0.32053562 0.93434811
1464107005.46924 46.50772169 2.43050263 -3.18529845 0.13486206 0.09548616 -0.31572823 0.93435021
1464107005.54920 46.63584794 2.44440752 -3.18402517 0.10624387 0.07642583 -0.32169203 0.93775560
1464107005.67027 46.85083717 2.42914827 -3.19690284 0.10793146 0.09868571 -0.32178176 0.93545092
1464107005.78926 47.02958199 2.42052377 -3.21683351 0.10991569 0.12483081 -0.30814725 0.93668622
1464107005.91163 47.22263234 2.44235930 -3.22022883 0.10517977 0.13346521 -0.30595236 0.93675899
1464107006.03182 47.42422227 2.46740453 -3.22729397 0.10384585 0.14060579 -0.29471250 0.93946293
1464107006.14922 47.60420810 2.46393999 -3.23684789 0.10839085 0.12816838 -0.29065390 0.94198970
1464107006.26927 47.78953356 2.44336858 -3.25540964 0.12055684 0.13560044 -0.29840024 0.93703568
1464107006.38923 47.97569160 2.44584109 -3.27279891 0.12335199 0.13963830 -0.29933276 0.93578060
1464107006.50926 48.15892791 2.48145832 -3.25880908 0.11153693 0.13330682 -0.30276051 0.93708317
1464107006.62921 48.35663123 2.51114327 -3.23917250 0.10693381 0.13530321 -0.30607008 0.93625814
1464107006.74930 48.55294742 2.51484410 -3.22853736 0.09566151 0.12775675 -0.30057237 0.94031023
1464107006.86931 48.76080813 2.49499365 -3.24304655 0.09864920 0.13152567 -0.29312623 0.94183138
1464107006.95219 48.87972807 2.48427431 -3.24542627 0.10932164 0.16061391 -0.27837845 0.94061543
1464107007.06927 49.07900464 2.50083713 -3.25062655 0.10980949 0.17313126 -0.27690689 0.93877048
1464107007.18934 49.28358122 2.53045214 -3.25794292 0.10643062 0.18001842 -0.27168304 0.93939034
1464107007.31239 49.47825733 2.53791458 -3.27562496 0.09948363 0.17546708 -0.26935837 0.94167955
1464107007.38939 49.61034347 2.52964773 -3.29059227 0.10157594 0.20027717 -0.26288515 0.93832978
1464107007.51230 49.80185830 2.53298167 -3.30850528 0.08792560 0.20879450 -0.25255911 0.94068477
1464107007.58939 49.93439762 2.55395969 -3.31622944 0.07916256 0.22406861 -0.23630762 0.94217050
1464107007.74948 50.21623351 2.60881409 -3.30202518 0.06766752 0.23179851 -0.23585267 0.94130976
1464107007.86938 50.42153775 2.63334400 -3.28236412 0.04624349 0.23571141 -0.22814986 0.94353024
1464107007.99074 50.63488397 2.62206204 -3.28480718 0.04103844 0.26007996 -0.21869347 0.93959961
1464107008.11288 50.84274334 2.61254259 -3.29401636 0.03858866 0.28256990 -0.19848190 0.93769403
1464107008.22951 51.04510073 2.62841768 -3.29083719 0.03419601 0.29640616 -0.18972245 0.93540334
1464107008.38953 51.31679219 2.66330938 -3.29161654 0.03986894 0.30973527 -0.17466140 0.93379223
1464107008.58944 51.61608607 2.66259996 -3.31581478 0.02139566 0.30921603 -0.16702963 0.93596409
1464107008.74949 51.86476194 2.67114741 -3.32385398 0.00531733 0.33451493 -0.14858232 0.93058841
1464107008.94999 52.18668253 2.71884686 -3.29192924 -0.00864426 0.35941179 -0.14718194 0.92145858
1464107009.11242 52.45493578 2.71653446 -3.27480373 -0.01607430 0.38866966 -0.13287960 0.91160327
1464107009.22963 52.63835307 2.69647377 -3.27848282 -0.02499843 0.41244144 -0.11263284 0.90364870
1464107009.38955 52.87475659 2.69806724 -3.27098209 -0.01630244 0.44298933 -0.09515086 0.89131420
1464107009.54965 53.13031510 2.72408068 -3.24091322 -0.00875483 0.46206444 -0.06282524 0.88457492
1464107009.74951 53.45234824 2.69096814 -3.21955222 -0.01673171 0.47791525 -0.05179090 0.87671818
1464107009.91209 53.68784314 2.67095807 -3.19915825 -0.02829681 0.48777987 -0.04215441 0.87148901
1464107010.02963 53.87284356 2.69102471 -3.16375050 -0.03308519 0.50345222 -0.03097926 0.86283342
1464107010.14963 54.06808105 2.70421883 -3.12159995 -0.03860790 0.52200996 -0.03362353 0.85140148
1464107010.26968 54.25695900 2.68912524 -3.08880170 -0.04542357 0.53373088 -0.02436065 0.84408211
1464107010.38974 54.43769424 2.65461039 -3.06961922 -0.04635485 0.55543012 -0.00362100 0.83026231
1464107010.54971 54.67503735 2.63553610 -3.03230742 -0.04671226 0.57746579 0.00816911 0.81503650
1464107010.71307 54.92356449 2.64016277 -2.97019460 -0.04017511 0.59150057 0.01798941 0.80510212
1464107010.86978 55.15718422 2.60983715 -2.92530826 -0.03941395 0.59978684 0.01753041 0.79899622
1464107011.02979 55.37385463 2.57931233 -2.89082512 -0.05557846 0.60470400 0.02450773 0.79413064
1464107011.18978 55.61956950 2.58363129 -2.84933957 -0.05345822 0.63098800 0.03258052 0.77326248
1464107011.34984 55.90264269 2.59465307 -2.81077974 -0.05202445 0.65293236 0.02989957 0.75503563
1464107011.47019 56.10705356 2.58565796 -2.80426078 -0.06382715 0.67314191 0.05334774 0.73481977
1464107011.58989 56.29843216 2.57180196 -2.81334641 -0.07570513 0.69138018 0.07709392 0.71436595
1464107011.70978 56.49828372 2.58083963 -2.81741326 -0.07991028 0.70318219 0.08661667 0.70117523
1464107011.82975 56.69385625 2.60957015 -2.81917252 -0.06229173 0.71256208 0.08851400 0.69321013
1464107012.02972 57.02187733 2.59491596 -2.80639687 -0.04973658 0.69274138 0.04771197 0.71788524
1464107012.34995 57.49120543 2.55655196 -2.77486941 -0.04770411 0.68250000 0.02670466 0.72883807
1464107012.59005 57.86520810 2.51388586 -2.67015839 -0.02990460 0.66896239 0.00334542 0.74268691
1464107012.82995 58.16519984 2.42249001 -2.55225897 -0.01004118 0.64263527 -0.00006483 0.76610644
1464107013.06993 58.45005414 2.36351154 -2.37073442 0.02542295 0.61466445 0.00203787 0.78837627
1464107013.23074 58.60504569 2.27667068 -2.25249617 0.05544108 0.57615376 -0.01341850 0.81534844
1464107013.39005 58.73330310 2.19401839 -2.13003792 0.06355567 0.52599238 -0.02326043 0.84779222
1464107013.55065 58.86787581 2.15091842 -1.96871298 0.06229303 0.48187642 -0.03072729 0.87348184
1464107013.71010 59.02435197 2.09723102 -1.79955846 0.08039494 0.46024201 -0.04377762 0.88306142
1464107013.87003 59.16260532 2.00511834 -1.64935589 0.08226042 0.43132092 -0.05576525 0.89670827
1464107014.07001 59.33963371 1.91716356 -1.47291846 0.08232454 0.41330500 -0.05002285 0.90548294
1464107014.27012 59.54506604 1.83302647 -1.26725825 0.10639233 0.40500596 -0.02175495 0.90784226
1464107014.43019 59.69162892 1.72365418 -1.13278934 0.12743165 0.39258261 -0.04020657 0.90995797
1464107014.67015 59.91997912 1.64713759 -0.90074853 0.11475594 0.36376947 -0.03411124 0.92376364
1464107014.87020 60.13636227 1.57522910 -0.67225949 0.12592943 0.37907001 -0.03798979 0.91597188
1464107015.02999 60.33575058 1.49700908 -0.50095547 0.10377834 0.39090952 -0.03270575 0.91397491
1464107015.23029 60.59842931 1.40949077 -0.31772151 0.09448365 0.40586874 -0.02197150 0.90876876
1464107015.43028 60.88330011 1.37005526 -0.12341228 0.10422863 0.41662227 0.00114026 0.90308415
1464107015.59025 61.10914321 1.31003673 0.00126081 0.09705547 0.43475121 -0.00398626 0.89529645
1464107015.75029 61.32318305 1.25200123 0.10172084 0.07724228 0.43476277 0.00240038 0.89722305
1464107015.91559 61.54293479 1.24313543 0.21063389 0.04940948 0.43569236 0.01241416 0.89865275
1464107016.07037 61.79028536 1.25379100 0.33922540 0.04614587 0.44277043 0.00961430 0.89539515
1464107016.19026 61.92656702 1.24129015 0.41326451 0.02797214 0.41600013 0.01878403 0.90874012
1464107016.35031 62.09751568 1.20414790 0.48876866 0.03323452 0.39393977 0.02215301 0.91826802
1464107016.51031 62.24216406 1.19764725 0.54044247 0.02876835 0.37196531 0.02573673 0.92744370
1464107016.71038 62.42768619 1.25521083 0.60277107 0.03378102 0.36724670 0.02979595 0.92903224
1464107016.87037 62.57526391 1.31050740 0.64261857 0.03124696 0.35135374 0.03198730 0.93517431
1464107017.07037 62.73515598 1.34068425 0.66994478 0.05051914 0.32961289 0.04062303 0.94188796
1464107017.31296 62.96085787 1.41519157 0.72181508 0.05442862 0.32829177 0.05013258 0.94167339
1464107017.51643 63.13782378 1.50819334 0.74770198 0.04226810 0.32523396 0.04888541 0.94342276
1464107017.71305 63.31569464 1.57807525 0.77592608 0.04446546 0.31393518 0.05686833 0.94669611
1464107017.91333 63.49965830 1.66053653 0.76776129 0.05489962 0.31878240 0.05283588 0.94476038
1464107018.07058 63.65115823 1.74106402 0.75807855 0.05067458 0.33283925 0.05446311 0.94004462
1464107018.23054 63.82056842 1.82994839 0.77895163 0.04438393 0.34388438 0.06242218 0.93588304
1464107018.35058 63.95001317 1.89443782 0.78633019 0.03761411 0.36155029 0.06356421 0.92942249
1464107018.47057 64.07529303 1.96022483 0.79055690 0.03573302 0.37648803 0.07291394 0.92285615
1464107018.63075 64.23198295 2.04433288 0.80552622 0.03218466 0.37662396 0.07227713 0.92298134
1464107018.79078 64.38563016 2.11703489 0.80684177 0.04577831 0.38127399 0.06701948 0.92089244
1464107018.95056 64.54360797 2.19235925 0.83528870 0.04441731 0.37835928 0.07269126 0.92173062
1464107019.15064 64.73382887 2.28929670 0.85665715 0.03282426 0.38049411 0.06740207 0.92173953
1464107019.35064 64.92489724 2.38241586 0.88442297 0.03638215 0.38506318 0.07451808 0.91915708
1464107019.51330 65.07076225 2.45108261 0.89772085 0.04046825 0.37894982 0.07079640 0.92181735
1464107019.71330 65.25247624 2.53096080 0.92466524 0.04329651 0.38297213 0.07241975 0.91989844
1464107019.87065 65.41390798 2.60370992 0.95375156 0.03048393 0.39346590 0.07627305 0.91566246
1464107019.99074 65.53745997 2.66358273 0.96425150 0.03287463 0.41663220 0.08774510 0.90423319
1464107020.15075 65.69444952 2.74567124 0.98436586 0.03007920 0.43001372 0.11382213 0.89511338
1464107020.31331 65.84736309 2.82474348 0.99447867 0.02558369 0.44146031 0.11575477 0.88941503
1464107020.51340 66.03756700 2.91367640 1.01056248 0.02268043 0.45949861 0.12493082 0.87905570
1464107020.63078 66.16326926 2.97455260 1.02232106 0.00804716 0.48390452 0.13910511 0.86395684
1464107020.79077 66.33903886 3.04366163 1.03695147 0.02041312 0.51473448 0.13627059 0.84620449
1464107021.07087 66.60058722 3.16666670 1.07508985 0.01705030 0.51811786 0.15060591 0.84177255
1464107021.35093 66.85899225 3.28817329 1.10874676 0.02081823 0.53043213 0.15626941 0.83293951
1464107021.55100 67.06420739 3.37651544 1.14438956 0.00676068 0.54915704 0.14876906 0.82234336
1464107021.79108 67.31401860 3.48086302 1.20220961 0.00631899 0.54917485 0.15773597 0.82066218
1464107021.99099 67.49379780 3.56734576 1.22215494 0.01435115 0.56190038 0.15314626 0.81277809
1464107022.19102 67.67876400 3.65687145 1.27297363 -0.00657183 0.56522207 0.17197284 0.80678756
1464107022.35100 67.85673220 3.70975841 1.30988230 -0.00277311 0.58687666 0.16338401 0.79301561
1464107022.51337 68.03136220 3.75306413 1.33842864 0.01086978 0.60222958 0.15410785 0.78323186
1464107022.71518 68.26148519 3.82999548 1.37641996 0.00471327 0.61609628 0.16088309 0.77105109
1464107022.87111 68.43215146 3.85981490 1.38515251 0.02091549 0.62275836 0.15636415 0.76634511
1464107023.07099 68.64269236 3.87117761 1.40630137 0.00314493 0.60904518 0.15537795 0.77776074
1464107023.23119 68.85341463 3.87884427 1.42801474 0.01148981 0.61687930 0.15150039 0.77225355
1464107023.39200 69.09135575 3.87009104 1.44232790 0.01857565 0.62110687 0.13174372 0.77235018
1464107023.55115 69.28999766 3.84923832 1.42603165 0.01852452 0.63422504 0.13079622 0.76177936
1464107023.71126 69.48514619 3.85028158 1.42558567 0.01896534 0.63669471 0.12688394 0.76036874
1464107023.91344 69.75237492 3.89087995 1.43836080 0.02465097 0.63846655 0.12912031 0.75834078
1464107024.07118 69.93622429 3.89543461 1.42824942 0.01858656 0.63305631 0.13029073 0.76283588
1464107024.27136 70.14316047 3.89973777 1.42254893 0.01627225 0.62999184 0.13412848 0.76475816
1464107024.51346 70.37867253 3.95711732 1.43954722 0.02002528 0.64359653 0.12907216 0.75413717
1464107024.75128 70.61962521 4.06400304 1.48251593 0.01575577 0.65234614 0.12813411 0.74684532
1464107024.95408 70.76872390 4.13538416 1.51133530 0.00809165 0.64867142 0.15714194 0.74462495
1464107025.19131 70.96344299 4.23609208 1.52211140 -0.00524561 0.63968980 0.16316006 0.75109802
1464107025.39131 71.14112510 4.30581429 1.52048745 0.01305699 0.66276396 0.15278965 0.73295892
1464107025.59136 71.33451328 4.37877029 1.55097566 0.02312452 0.67631726 0.12622186 0.72534700
1464107025.95245 71.66599051 4.48230504 1.60751171 0.06837934 0.69440510 0.11475141 0.70707703
1464107026.35135 72.02528487 4.65848868 1.66540388 0.06502042 0.70133815 0.10116867 0.70261088
1464107026.59157 72.25286742 4.74427205 1.68577888 0.06979590 0.72566536 0.09214883 0.67826758
1464107026.99143 72.62086939 4.89623289 1.74360505 0.09205713 0.73507923 0.10022401 0.66418307
1464107027.39415 72.98180337 5.05422747 1.80989686 0.08416106 0.74481058 0.11334196 0.65217154
1464107027.83157 73.38207817 5.23424315 1.88096924 0.09223113 0.74520814 0.10199498 0.65249924
1464107028.23152 73.75618452 5.42349178 1.95149705 0.06135953 0.74767279 0.10508107 0.65282339
1464107028.67155 74.14245666 5.62249698 1.98615026 0.07434686 0.76258648 0.11637239 0.63197458
1464107029.03260 74.47398809 5.77752873 2.00449583 0.05301046 0.77466127 0.12526043 0.61757561
1464107029.39252 74.79020940 5.95272398 2.01150950 0.05436293 0.78607137 0.14174671 0.59920309
1464107029.75175 75.09915269 6.14655135 1.96982444 0.03237409 0.79796291 0.16232786 0.57953152
1464107029.99179 75.31477662 6.28608943 1.90493722 0.01338476 0.81810667 0.18270240 0.54510747
1464107030.27178 75.54123195 6.44307360 1.80569916 0.00337154 0.84033088 0.19723178 0.50490819
1464107030.55430 75.73337859 6.59808264 1.68045134 -0.00700106 0.86377680 0.20371230 0.46080574
1464107030.83191 75.94627306 6.71698162 1.58761410 -0.02763596 0.87746371 0.22327415 0.42360636
1464107031.07187 76.18127681 6.81025826 1.52316709 -0.01148399 0.90442302 0.22013144 0.36527972
1464107031.35198 76.39702622 6.89623881 1.39981434 -0.02274171 0.90982158 0.25024759 0.33027815
1464107031.67199 76.60814106 7.00677888 1.20079966 -0.01479839 0.92301127 0.23081096 0.30750204
1464107032.11199 76.90900041 7.05253383 1.03331920 -0.03036648 0.91046063 0.24845740 0.32925406
1464107032.39201 77.13435529 7.12407184 1.01129494 -0.06228807 0.91177703 0.26555804 0.30702080
1464107032.63201 77.32151569 7.12480641 1.01387632 -0.06487190 0.91956242 0.27367867 0.27440223
1464107032.91203 77.46530482 7.09919931 1.05496447 -0.06041116 0.93229205 0.26514504 0.23849557
1464107033.15210 77.57126481 7.09442300 1.14568888 -0.07218018 0.92606987 0.28993921 0.23047748
1464107033.39221 77.69932441 7.06397030 1.24842958 -0.06268697 0.92473561 0.30973705 0.21212578
1464107033.71208 77.89146151 6.98769083 1.37129815 -0.07148485 0.92397764 0.30923277 0.21337839
1464107033.95216 78.04098153 6.99426311 1.37634724 -0.07107109 0.93022070 0.31365551 0.17680093
1464107034.19212 78.19348336 7.01247170 1.37487427 -0.05127851 0.92151847 0.35757699 0.14252341
1464107034.47221 78.26445088 7.06545050 1.31757741 -0.04945100 0.91721138 0.38148177 0.10367998
1464107034.75230 78.26105127 7.16293453 1.20913430 -0.05945735 0.91304366 0.39770794 0.06815053
1464107034.99230 78.21731935 7.21692962 1.06868110 -0.05608762 0.91299166 0.40295677 0.03043428
1464107035.23228 78.14592299 7.25908221 0.94368937 -0.05632408 0.91356109 0.40268038 -0.00906935
1464107035.51240 78.06017080 7.31275078 0.83274952 -0.05030735 0.90351820 0.42277040 -0.04887967
1464107035.91242 77.93792582 7.38393976 0.64561256 -0.05904784 0.89459041 0.43312668 -0.09285810
1464107036.27237 77.88130665 7.45096762 0.45945657 -0.05259766 0.88245168 0.44583350 -0.14051693
1464107036.59243 77.68480648 7.47730774 0.36138673 -0.04707308 0.87112828 0.45370838 -0.18184704
1464107036.87252 77.50220770 7.51867322 0.25037041 -0.05281004 0.86785667 0.44123879 -0.22213560
1464107037.03238 77.38684596 7.55207990 0.18517358 -0.06399473 0.87392272 0.41224248 -0.24943916
1464107037.23253 77.28050845 7.55903332 0.09303784 -0.07757389 0.87914357 0.38494009 -0.27001851
1464107037.55260 77.07936827 7.57041952 -0.01452073 -0.08029985 0.87109756 0.37109510 -0.31149544
1464107037.79254 76.92393313 7.60413291 -0.09774421 -0.08397453 0.86150736 0.35771320 -0.35042062
1464107038.03265 76.77193332 7.63565373 -0.21479799 -0.09295855 0.84730631 0.34005188 -0.39723474
1464107038.23262 76.65036709 7.64655944 -0.30019726 -0.10060934 0.83628480 0.32325900 -0.43128773
1464107038.47266 76.50491958 7.67412391 -0.35506003 -0.10486866 0.82346572 0.31097825 -0.46281670
1464107038.71535 76.32843347 7.71024955 -0.42442532 -0.10652464 0.81092580 0.30575686 -0.48740598
1464107038.91505 76.14501168 7.71060387 -0.48520946 -0.11094628 0.79614035 0.29131377 -0.51864030
1464107039.07537 76.00008423 7.69162565 -0.54011640 -0.11669492 0.78436775 0.26686388 -0.54766158
1464107039.23266 75.85587295 7.68252073 -0.59702635 -0.13091730 0.76942413 0.24750347 -0.57409860
1464107039.39286 75.69914819 7.70479763 -0.65164906 -0.14237948 0.75463913 0.24200887 -0.59302577
1464107039.51562 75.56926018 7.71870899 -0.69496064 -0.15707813 0.73516709 0.23530588 -0.61602512
1464107039.63270 75.43849768 7.71408996 -0.74125846 -0.16996511 0.71318414 0.22119221 -0.64308184
1464107039.71520 75.35555799 7.69600779 -0.77195111 -0.18133743 0.69701556 0.20386893 -0.66311652
1464107039.83282 75.23852407 7.66712978 -0.81371401 -0.18430961 0.67622874 0.18913190 -0.68773089
1464107039.99263 75.07957825 7.64751536 -0.84713533 -0.18463346 0.65265286 0.16754149 -0.71546110
1464107040.19289 74.86203759 7.63562305 -0.86359457 -0.17658238 0.63115233 0.15150012 -0.73994129
1464107040.39285 74.64603966 7.62164202 -0.87477374 -0.19849479 0.64501225 0.16820150 -0.71851741
1464107040.51543 74.52419321 7.63816187 -0.88969803 -0.22341390 0.65886428 0.20496893 -0.68845611
1464107040.67290 74.36097045 7.67777881 -0.89101458 -0.25206923 0.63708465 0.23976484 -0.68782052
1464107040.83284 74.16315220 7.70089523 -0.90772322 -0.27579075 0.62585888 0.21960651 -0.69571051
1464107041.03369 73.90422503 7.69937873 -0.95911055 -0.26169177 0.61938843 0.18271138 -0.71728094
1464107041.27294 73.62666490 7.70455171 -1.01367783 -0.22515729 0.61767863 0.16095168 -0.73611946
1464107041.43326 73.43991939 7.74393363 -1.02234511 -0.23282015 0.64767052 0.18385845 -0.70179324
1464107041.55327 73.28225266 7.75651859 -1.03883363 -0.26793871 0.67589037 0.18571315 -0.66097783
1464107041.79302 72.97164869 7.72010351 -1.08201925 -0.23456106 0.67326082 0.15210878 -0.68451727
1464107042.03290 72.67448633 7.73793249 -1.11909564 -0.20309991 0.68154950 0.10504014 -0.69513112
1464107042.23296 72.39476566 7.72683924 -1.16790915 -0.20840609 0.68110599 0.09062006 -0.69602409
1464107042.43312 72.16617634 7.63509671 -1.19895565 -0.20152766 0.68207695 0.06439107 -0.70000816
1464107042.63307 71.94380996 7.57020618 -1.17413706 -0.17531882 0.66174486 0.06413655 -0.72611539
1464107042.75313 71.79335355 7.55556221 -1.15508048 -0.14507150 0.67598540 0.09132443 -0.71669928
1464107042.99315 71.46352554 7.47276423 -1.10291461 -0.13018431 0.67394275 0.10127771 -0.72013613
1464107043.23310 71.13017463 7.38003479 -1.03332243 -0.18399188 0.65352569 0.12159805 -0.72406151
1464107043.47345 70.78438397 7.37036058 -0.93601645 -0.24050499 0.62686420 0.16881402 -0.72159577
1464107043.75321 70.38979075 7.33739868 -0.88261126 -0.27883365 0.63159392 0.17522443 -0.70188127
1464107043.95319 70.12536412 7.34932129 -0.84451093 -0.27288356 0.61851533 0.23857387 -0.69717706
1464107044.11596 69.89059769 7.35944592 -0.81543230 -0.27113870 0.64366747 0.24304714 -0.67313006
1464107044.27417 69.65605313 7.32411184 -0.80646361 -0.27567852 0.67049884 0.23274830 -0.64827532
1464107044.47324 69.38708948 7.31347123 -0.79840321 -0.26080619 0.69555021 0.23834899 -0.62560354
1464107044.71624 69.02716598 7.33644322 -0.76521602 -0.27646042 0.68395310 0.25024097 -0.62702253
1464107044.95322 68.65819447 7.27728849 -0.77873137 -0.27990821 0.68046217 0.25243018 -0.62841200
1464107045.23341 68.22506905 7.28736592 -0.73747197 -0.25918094 0.68123784 0.25556030 -0.63516075
1464107045.55514 67.70607670 7.20473669 -0.71779162 -0.26943492 0.68799665 0.24002508 -0.62964545
1464107045.87336 67.18427841 7.23747161 -0.68031238 -0.27467032 0.67722762 0.25437084 -0.63341491
1464107046.19351 66.65758956 7.16913983 -0.71014276 -0.27688590 0.68331842 0.23621408 -0.63293999
1464107046.55357 66.03947774 7.18067683 -0.68351585 -0.27142591 0.67169557 0.24010142 -0.64614577
1464107046.95591 65.38531553 7.17761053 -0.71656844 -0.27510145 0.66784286 0.24545752 -0.64657229
1464107047.31628 64.79084159 7.15798810 -0.76451836 -0.27995458 0.65622035 0.25052490 -0.65439862
1464107047.67453 64.19275459 7.19803071 -0.77217539 -0.27242913 0.64590828 0.25676863 -0.66532302
1464107048.03371 63.61214446 7.19569502 -0.84473337 -0.26893125 0.66212524 0.26570974 -0.64704288
1464107048.35370 63.06487662 7.23045225 -0.92264117 -0.27817557 0.65906946 0.28277512 -0.63897107
1464107048.67372 62.55285136 7.25904994 -0.97250712 -0.25422199 0.65730920 0.27441596 -0.65422601
1464107048.91378 62.16066467 7.23058834 -1.02042186 -0.28395728 0.65601753 0.26546041 -0.64694670
1464107049.19382 61.72530319 7.26206198 -1.06798568 -0.26463520 0.66698015 0.27939329 -0.63800085
1464107049.43367 61.32037687 7.28889736 -1.11605651 -0.27562865 0.65216654 0.28346206 -0.64680515
1464107049.71694 60.89656923 7.28209311 -1.16169791 -0.25216642 0.65619727 0.26985648 -0.65802335
1464107049.91700 60.56821159 7.31163609 -1.16493541 -0.26318534 0.64296989 0.27453373 -0.66479653
1464107050.11386 60.22614450 7.26388984 -1.21195823 -0.26725828 0.65462904 0.26014290 -0.65754050
1464107050.27393 60.00373396 7.27634136 -1.22989803 -0.25863483 0.66464266 0.26622280 -0.64844705
1464107050.43392 59.74294416 7.32031033 -1.22888633 -0.26125752 0.65394836 0.27878166 -0.65297537
1464107050.55397 59.53894593 7.32137489 -1.24582929 -0.27646530 0.64383623 0.28320287 -0.65485722
1464107050.67397 59.34510274 7.29715769 -1.26380411 -0.27599560 0.63192732 0.28270123 -0.66676406
1464107050.83394 59.10420902 7.27977314 -1.27199571 -0.26220373 0.62844860 0.27708912 -0.67788139
1464107051.03414 58.78339841 7.30549238 -1.25615773 -0.25948600 0.62724258 0.26849582 -0.68347916
1464107051.27403 58.40882379 7.25809015 -1.26797578 -0.27425264 0.63147139 0.26233161 -0.67617416
1464107051.55399 57.97263403 7.26707186 -1.22695710 -0.26057894 0.62185676 0.26673580 -0.68865434
1464107051.79407 57.60658857 7.23643343 -1.20445129 -0.27657800 0.59550006 0.26689590 -0.70544373
1464107051.99482 57.32049368 7.18987987 -1.15257534 -0.25848549 0.56701984 0.27440191 -0.73237787
1464107052.27406 56.91917556 7.17185983 -1.04736965 -0.25850374 0.55580850 0.27090062 -0.74220319
1464107052.51784 56.53001362 7.08167870 -1.01615927 -0.27074537 0.57317426 0.26428022 -0.72685912
1464107052.71681 56.23925881 7.10424346 -0.95002062 -0.25058510 0.58012187 0.28309626 -0.72147227
1464107052.91697 55.91433506 7.10489742 -0.89072690 -0.26090857 0.57610008 0.30341239 -0.71272459
1464107053.15413 55.55660250 7.02438237 -0.81595285 -0.25301118 0.55814375 0.30060847 -0.73081834
1464107053.31694 55.32606089 7.03387661 -0.72951165 -0.22481515 0.54368140 0.32990451 -0.73826262
1464107053.55425 54.94176096 6.94735447 -0.61533939 -0.24249453 0.52350804 0.32541023 -0.74916214
1464107053.79422 54.59111451 6.88384052 -0.54482290 -0.25707927 0.54625047 0.33116484 -0.72515552
1464107054.11702 54.08755197 6.87058322 -0.41218851 -0.24174613 0.55179816 0.35549529 -0.71463326
1464107054.39428 53.65882082 6.80003602 -0.32339289 -0.22662565 0.56679196 0.33935022 -0.71570183
1464107054.59553 53.34226871 6.79458989 -0.23206706 -0.22118613 0.58073146 0.34399175 -0.70391572
1464107054.75437 53.09352211 6.72103431 -0.18703034 -0.23631309 0.60773040 0.31749264 -0.68848988
1464107054.91755 52.86316218 6.67000325 -0.15392116 -0.25425941 0.64857420 0.26055641 -0.66844148
1464107055.03449 52.68390428 6.66992667 -0.10906226 -0.27194302 0.67090478 0.21323307 -0.65609864
1464107055.23512 52.39509728 6.63716148 -0.04888591 -0.30023114 0.68452092 0.18408922 -0.63828170
1464107055.51655 51.93745166 6.54741701 0.02820967 -0.30902044 0.68580790 0.18381439 -0.63276074
1464107055.75443 51.55466450 6.53423792 0.12602794 -0.30085060 0.70317237 0.17657797 -0.61956255
1464107055.95447 51.24240400 6.44934712 0.15172028 -0.31829013 0.72860276 0.15160152 -0.58723624
1464107056.23448 50.80941860 6.45270096 0.21829013 -0.31099613 0.74777409 0.16535886 -0.56282480
1464107056.59465 50.22877212 6.38362993 0.26947214 -0.31034883 0.75878246 0.16632072 -0.54796916
1464107056.83460 49.84170729 6.39180124 0.34296896 -0.29416260 0.76710939 0.17190866 -0.54356136
1464107057.07471 49.45818384 6.31930081 0.37186082 -0.31316501 0.78231061 0.16275481 -0.51325302
1464107057.39464 48.97419364 6.31661783 0.42487674 -0.30977654 0.79411167 0.16396621 -0.49652818
1464107057.63468 48.57400922 6.26982282 0.45279807 -0.32470662 0.78288637 0.16852844 -0.50324219
1464107057.91771 48.15458159 6.23424979 0.48860276 -0.30857791 0.79366476 0.16239399 -0.49850186
1464107058.15474 47.77870813 6.20368760 0.52385912 -0.31159215 0.80364749 0.15485022 -0.48278614
1464107058.43478 47.36906008 6.18167153 0.55576711 -0.29586864 0.81578251 0.17528465 -0.46501176
1464107058.71756 46.90380686 6.20187919 0.59062807 -0.31043575 0.80757137 0.19353275 -0.46260480
1464107059.03498 46.40339808 6.14387232 0.59687526 -0.30936270 0.80084053 0.17542255 -0.48184655
1464107059.35478 45.87442533 6.13231757 0.61461409 -0.30485891 0.80461351 0.17229132 -0.47955588
1464107059.71492 45.31495839 6.14916680 0.60329115 -0.30111257 0.81424917 0.17533574 -0.46431335
1464107060.03521 44.77681286 6.12928438 0.57218557 -0.30485654 0.80251279 0.19001668 -0.47637105
1464107060.35493 44.24065675 6.15043220 0.59690665 -0.28425270 0.79526328 0.18767725 -0.50153163
1464107060.63507 43.77540765 6.08580858 0.59541713 -0.29631982 0.77171724 0.20019535 -0.52589817
1464107060.83515 43.45532848 6.10954757 0.62180186 -0.27629097 0.74438389 0.21335240 -0.56924220
1464107061.07505 43.03341993 6.11834653 0.62169260 -0.28341384 0.72745733 0.23509930 -0.57897387
1464107061.31736 42.64731905 6.07126324 0.64397772 -0.26907726 0.70305614 0.22016206 -0.62035326
1464107061.51866 42.30128652 6.08608436 0.68472305 -0.26338268 0.69479507 0.22268275 -0.63111154
1464107061.67519 42.02848505 6.01017089 0.68708635 -0.29977648 0.68910445 0.20065944 -0.62849416
1464107062.03537 41.49883657 5.97091460 0.76226363 -0.29028151 0.68077059 0.20070135 -0.64187772
1464107062.31826 40.97146504 5.93667478 0.79438970 -0.31182294 0.65268122 0.20753022 -0.65856274
1464107062.63507 40.44154617 5.94259153 0.86360894 -0.28439437 0.66252508 0.21427865 -0.65898788
1464107062.99529 39.83820065 5.85024857 0.88636829 -0.29885723 0.66536126 0.21263595 -0.65020358
1464107063.31816 39.27803659 5.89433699 0.90094816 -0.31377085 0.67413070 0.22712408 -0.62889610
1464107063.63621 38.75462009 5.84272410 0.89390377 -0.30358464 0.66269369 0.20894146 -0.65193320
1464107063.91737 38.24723822 5.84186481 0.92333381 -0.30240624 0.65817333 0.21216415 -0.65600664
1464107064.19586 37.79398797 5.80144843 0.90123231 -0.31126402 0.66323535 0.21100417 -0.64707869
1464107064.40034 37.44078110 5.84300892 0.91273443 -0.32190522 0.65223221 0.21632460 -0.65128629
1464107064.59542 37.09665731 5.80616753 0.88922268 -0.32137474 0.64226697 0.22009666 -0.66012793
1464107064.83539 36.71411486 5.81648725 0.89544158 -0.30247278 0.64452448 0.21687082 -0.66788132
1464107065.11839 36.23950425 5.79272443 0.88949279 -0.30975469 0.65124807 0.20257751 -0.66248799
1464107065.39596 35.80312400 5.81744005 0.87406714 -0.28523547 0.67040227 0.23022135 -0.64513537
1464107065.87560 35.01976433 5.79568315 0.82005471 -0.29190692 0.66830107 0.22144770 -0.64739860
1464107066.27559 34.36705353 5.78736189 0.81787225 -0.30340088 0.68490249 0.20932713 -0.62852100
1464107066.67571 33.74369705 5.80701589 0.83337724 -0.30674056 0.69058495 0.22562692 -0.61489442
1464107067.03565 33.15220405 5.75110319 0.84373505 -0.30514766 0.66652978 0.23402661 -0.63863487
1464107067.35577 32.60481463 5.75560882 0.89678118 -0.29813549 0.67426850 0.21829662 -0.63939332
1464107067.83574 31.81233593 5.71919483 0.94607562 -0.30826661 0.66069725 0.22622121 -0.64596811
1464107068.43588 30.80152384 5.65763552 1.04918996 -0.30872692 0.63141560 0.22140540 -0.67600420
1464107068.96018 29.95685267 5.60925117 1.11012848 -0.31332219 0.63462862 0.22919822 -0.66823940
1464107069.35583 29.36880399 5.52482570 1.10316200 -0.30576036 0.63282094 0.23700764 -0.67072769
1464107069.67588 28.76262132 5.56626217 1.11319688 -0.29822551 0.64664136 0.22627524 -0.66461719
1464107069.95593 28.31367406 5.53352150 1.08958018 -0.30456457 0.65941094 0.23128953 -0.64724245
1464107070.15596 27.95701648 5.56019492 1.09423794 -0.32390281 0.64897452 0.23285628 -0.64784025
1464107070.31580 27.67556862 5.52396646 1.07722755 -0.32266722 0.64426835 0.23177308 -0.65351771
1464107070.47602 27.41662560 5.50395162 1.07382272 -0.31331608 0.64122063 0.22964737 -0.66176372
1464107070.72211 26.99985803 5.53108648 1.10045996 -0.31540476 0.64247232 0.22309947 -0.66179739
1464107070.95720 26.59775119 5.46419543 1.07000944 -0.31876800 0.65307416 0.22012577 -0.65071173
1464107071.19616 26.19605617 5.49635227 1.08500579 -0.31211362 0.64580827 0.22480620 -0.65952933
1464107071.59662 25.51781516 5.44127017 1.05458265 -0.32072271 0.62870083 0.23114159 -0.66966094
1464107072.03618 24.75911370 5.43291126 1.06000259 -0.31734072 0.64631955 0.22809277 -0.65539271
1464107072.43619 24.09176334 5.46785068 1.05956894 -0.31720162 0.65455110 0.23288132 -0.64553255
1464107072.75626 23.56151276 5.42646991 1.06119305 -0.30063333 0.63363402 0.24305599 -0.67011291
1464107073.15936 22.86683819 5.39457452 1.05913133 -0.30616180 0.65107493 0.23321694 -0.65419894
1464107073.71629 21.90413969 5.38208957 1.05688089 -0.31598165 0.63710015 0.25234895 -0.65618519
1464107074.19640 21.05611525 5.37523728 1.07355336 -0.30327920 0.63899480 0.23455756 -0.66685090
1464107074.59957 20.38730410 5.37727993 1.06162355 -0.30937061 0.64476375 0.24305948 -0.65535610
1464107074.91882 19.81763124 5.32652044 1.01356026 -0.32499536 0.63011398 0.23434758 -0.66514329
1464107075.19658 19.33207494 5.36437241 1.02029153 -0.31914037 0.63574637 0.22097515 -0.66719260
1464107075.47782 18.85492656 5.30804614 0.98581123 -0.31215367 0.63432513 0.22331653 -0.67105993
1464107075.71930 18.43900976 5.36425804 0.99734710 -0.31432817 0.62425696 0.23158412 -0.67666080
1464107075.95699 18.01704884 5.31524373 0.95020248 -0.32114739 0.60790024 0.23384730 -0.68748607
1464107076.31953 17.39593621 5.35320446 0.94245579 -0.31565078 0.61537993 0.22048764 -0.68779163
1464107076.83666 16.50725732 5.37392312 0.85909695 -0.31627653 0.63883251 0.23466778 -0.66090333
1464107077.31677 15.70159012 5.36902018 0.79264409 -0.31060007 0.62187871 0.23343574 -0.67992810
1464107077.71907 14.99399228 5.33011105 0.71414327 -0.31530663 0.62622442 0.22368258 -0.67704565
1464107078.03673 14.43465101 5.38244676 0.68694274 -0.32588740 0.62155839 0.22498048 -0.67590410
1464107078.23711 14.09921233 5.33856402 0.64590028 -0.33213120 0.59945328 0.22231011 -0.69348601
1464107078.47918 13.70276876 5.39084302 0.65354445 -0.32212111 0.59678134 0.22225915 -0.70049332
1464107078.67688 13.33899315 5.36210643 0.63702609 -0.32297432 0.60021895 0.20503113 -0.70241515
1464107078.83699 13.07651516 5.34225030 0.61446060 -0.31298207 0.61645457 0.21876343 -0.68859897
1464107079.07831 12.67453871 5.36361229 0.62317183 -0.33685952 0.60258230 0.21612433 -0.69044225
1464107079.27819 12.32712647 5.31864945 0.61265965 -0.34672265 0.58820562 0.21326414 -0.69879607
1464107079.51979 11.94222645 5.30951619 0.64588118 -0.32193222 0.58446230 0.21157530 -0.71414240
1464107079.71979 11.58951534 5.30236471 0.67492146 -0.33143973 0.58802684 0.20047532 -0.71005760
1464107079.91945 11.25728709 5.24958663 0.66986739 -0.32561916 0.59523576 0.21395964 -0.70277153
1464107080.15704 10.86789068 5.28212197 0.69895774 -0.33066229 0.58782319 0.22174908 -0.70423980
1464107080.35699 10.51845860 5.25191421 0.69689807 -0.35123965 0.57189551 0.21956976 -0.70806451
1464107080.55768 10.19870105 5.20857258 0.70670157 -0.33747081 0.55947063 0.21834069 -0.72486785
1464107080.80027 9.78163342 5.23991007 0.77018285 -0.31867868 0.55439143 0.21647111 -0.73772237
1464107080.99705 9.43012865 5.16703311 0.77558772 -0.32509765 0.54980719 0.20401739 -0.74188980
1464107081.24035 9.02524268 5.17801029 0.79335702 -0.32097608 0.55126517 0.21783660 -0.73866656
1464107081.43702 8.65430271 5.18506926 0.80294199 -0.33011891 0.53953486 0.22189614 -0.74208203
1464107081.59847 8.38054188 5.13057547 0.79205115 -0.33390678 0.51652964 0.21428345 -0.75880564
1464107081.79725 8.03831267 5.13329080 0.81626995 -0.31731466 0.51513034 0.20520244 -0.76931404
1464107081.95725 7.75877139 5.14242792 0.84416336 -0.32115182 0.51202340 0.19525255 -0.77237943
1464107082.07727 7.54613879 5.10783775 0.84432790 -0.32172562 0.51776869 0.18812412 -0.77007631
1464107082.19740 7.34429320 5.08618633 0.84537286 -0.31302550 0.52453652 0.20332633 -0.76520251
1464107082.31995 7.14547177 5.08948238 0.85958739 -0.31452172 0.52033530 0.20908548 -0.76590504
1464107082.43730 6.93348523 5.11403456 0.88345718 -0.31492360 0.51841126 0.21644026 -0.76500099
1464107082.55736 6.71409901 5.10416854 0.89390980 -0.31751478 0.51478985 0.21633964 -0.76640260
1464107082.72019 6.43942726 5.06106889 0.90175451 -0.30980966 0.50347012 0.22143084 -0.77556702
1464107082.95736 6.05023338 5.04562624 0.96419612 -0.29984845 0.48977472 0.21159977 -0.79084585
1464107083.15748 5.70863812 5.01106456 1.02988704 -0.28416617 0.48156081 0.20363483 -0.80366761
1464107083.32280 5.46161484 4.96532020 1.07086197 -0.26108748 0.46358325 0.23634137 -0.81306006
1464107083.43745 5.28972894 4.94588685 1.12593918 -0.26213528 0.42185675 0.23130158 -0.83655338
1464107083.59977 5.04184904 4.94968659 1.20646808 -0.25838373 0.38542416 0.21893791 -0.85834274
1464107083.71998 4.84297651 4.92411548 1.24362336 -0.26065720 0.38529753 0.20879992 -0.86023615
1464107083.80092 4.71830363 4.88861492 1.26780587 -0.27182624 0.35218404 0.20281196 -0.87232116
1464107083.91959 4.54168843 4.86104010 1.29303748 -0.25352556 0.35813840 0.21709483 -0.87196990
1464107084.03768 4.36170819 4.85437545 1.33805950 -0.24095877 0.35723418 0.21561366 -0.87626101
1464107084.11745 4.23370568 4.86512450 1.37632669 -0.22947579 0.35754117 0.22178784 -0.87767609
1464107084.19735 4.09940927 4.86744879 1.41080740 -0.22478294 0.36917779 0.21900977 -0.87476574
1464107084.27780 3.96612544 4.84444957 1.44057360 -0.22942317 0.36724540 0.21296121 -0.87586720
1464107084.35751 3.83630050 4.80487401 1.45972331 -0.24023169 0.35919183 0.20423123 -0.87838464
1464107084.47911 3.64891752 4.76173177 1.47825908 -0.24287523 0.36978626 0.21759689 -0.87001226
1464107084.67752 3.33609195 4.76130322 1.52860990 -0.24571674 0.37458156 0.22577087 -0.86506616
1464107084.83752 3.04998114 4.76405702 1.56069297 -0.25559885 0.37939523 0.22317192 -0.86076871
1464107084.99760 2.77369391 4.71002489 1.56471382 -0.25731446 0.37679444 0.22176461 -0.86176312
1464107085.15755 2.51196128 4.69091864 1.58954856 -0.24603053 0.38019049 0.22639597 -0.86236247
1464107085.35758 2.15374531 4.70321878 1.64090450 -0.24678611 0.39520567 0.22405379 -0.85598422
1464107085.51978 1.86453851 4.65378741 1.64798299 -0.25519227 0.40318825 0.21136411 -0.85301896
1464107085.63759 1.66065458 4.63837473 1.64545071 -0.24473489 0.42044128 0.23187046 -0.84235981
1464107085.87769 1.25449426 4.65851835 1.66857370 -0.27123915 0.40797308 0.23088408 -0.84064251
1464107086.07844 0.89268904 4.62458419 1.65253550 -0.28648822 0.39872010 0.21692038 -0.84373712
1464107086.35776 0.43419621 4.63017348 1.64911811 -0.26669321 0.41369497 0.22041907 -0.84210845
1464107086.59907 0.00581862 4.62718212 1.65203242 -0.26179802 0.43319396 0.20062159 -0.83878231
1464107086.87914 -0.44393532 4.59382433 1.62534222 -0.27581087 0.44393228 0.21905842 -0.82393319
1464107087.12027 -0.86383508 4.61928941 1.61068983 -0.29184731 0.44831322 0.21705250 -0.81653451
1464107087.35785 -1.25748665 4.59172107 1.57705157 -0.27598442 0.45949262 0.22894850 -0.81257720
1464107087.67780 -1.80426433 4.62540655 1.59720840 -0.26686958 0.46494814 0.21575257 -0.81612173
1464107087.95834 -2.27041372 4.55930491 1.57282398 -0.27090528 0.48668437 0.22000571 -0.80084090
1464107088.19790 -2.67475644 4.59102607 1.59504929 -0.29166770 0.47655702 0.21903752 -0.79990369
1464107088.39784 -3.02348119 4.53373598 1.58651550 -0.29906003 0.47784828 0.21069410 -0.79864393
1464107088.59794 -3.33272561 4.50979575 1.60857539 -0.29268216 0.47612008 0.20918032 -0.80242783
1464107088.79797 -3.67126072 4.53358465 1.66199228 -0.27953968 0.47701598 0.20616843 -0.80734620
1464107088.99915 -4.00024864 4.45398504 1.68917972 -0.27863592 0.49603831 0.19557613 -0.79878533
1464107089.15803 -4.23780621 4.41445108 1.70689941 -0.30697405 0.51103399 0.17688768 -0.78314873
1464107089.35803 -4.55323584 4.42865682 1.76045050 -0.32657745 0.51056913 0.17804454 -0.77522028
1464107089.47805 -4.75163935 4.39237014 1.77044168 -0.34728683 0.51915125 0.15588288 -0.76522830
1464107089.64117 -4.98404800 4.34466161 1.76596026 -0.36568967 0.51492887 0.14695775 -0.76126391
1464107089.79813 -5.21113417 4.33186608 1.79244109 -0.38156380 0.54579004 0.12483020 -0.73548604
1464107090.07812 -5.63916476 4.30848921 1.87013359 -0.38084244 0.55392927 0.10615387 -0.73270237
1464107090.31990 -5.96629384 4.24639052 1.89454708 -0.39860624 0.56859278 0.08761109 -0.71424058
1464107090.55850 -6.31119081 4.24337396 1.98523733 -0.40783000 0.56752664 0.08946408 -0.70963680
1464107090.72028 -6.55063740 4.19343662 2.03310433 -0.43429832 0.57329851 0.07069159 -0.69117038
1464107090.92050 -6.79188793 4.12114696 2.11164538 -0.45461755 0.56005794 0.06939716 -0.68908782
1464107091.12104 -7.03687914 4.09669295 2.20673674 -0.46055261 0.56856617 0.04077683 -0.68041242
1464107091.23830 -7.18273990 4.06205189 2.24928387 -0.46061340 0.58499228 0.00754403 -0.66750462
1464107091.32076 -7.26755296 4.02690621 2.26298269 -0.48340299 0.58366781 -0.02892046 -0.65177990
1464107091.43951 -7.40045340 4.01163713 2.27635014 -0.45123257 0.61608665 0.00450447 -0.64560524
1464107091.63829 -7.60593211 3.97126742 2.29715556 -0.43176319 0.64557691 0.00777836 -0.62988134
1464107091.83856 -7.79563143 3.90399550 2.30714481 -0.42545122 0.66408532 0.00794477 -0.61475104
1464107092.04282 -7.93667703 3.81864528 2.33198135 -0.42668227 0.67216424 -0.00373067 -0.60508145
1464107092.19892 -8.05018933 3.75843740 2.35260333 -0.42828505 0.68934432 -0.01095209 -0.58417153
1464107092.35827 -8.15825582 3.69582780 2.35218230 -0.41174843 0.72055890 -0.01248201 -0.55776546
1464107092.47827 -8.22442597 3.64487151 2.32948411 -0.41140204 0.74655413 -0.01936530 -0.52252299
1464107092.63824 -8.32088237 3.59752514 2.29460037 -0.39294086 0.77689696 -0.02494949 -0.49133097
1464107092.83839 -8.45740864 3.54550165 2.27130555 -0.36972775 0.79892607 -0.01697985 -0.47405718
1464107093.08065 -8.59168497 3.47338839 2.25808968 -0.35190053 0.81514054 -0.00590664 -0.46008372
1464107093.28073 -8.72271675 3.42575284 2.26042654 -0.33672108 0.83249072 0.00891713 -0.43988476
1464107093.43843 -8.81975388 3.37453068 2.23261109 -0.32219038 0.86003215 0.00798116 -0.39556840
1464107093.64042 -8.92044607 3.31779359 2.17821019 -0.29887897 0.88644943 0.00367730 -0.35336278
1464107093.88126 -9.08288301 3.25346507 2.11696712 -0.28660337 0.90221849 0.00753739 -0.32218550
1464107094.15925 -9.28135695 3.16526941 2.07417979 -0.27665711 0.90419122 0.01212355 -0.32519547
1464107094.35843 -9.41707815 3.11622376 2.01525436 -0.26373455 0.91965551 0.00138446 -0.29099125
1464107094.55911 -9.51727808 3.07727506 1.92573208 -0.23843969 0.94093640 0.00967932 -0.24019058
1464107094.75872 -9.64282421 3.06508119 1.81976411 -0.22301387 0.95119693 0.01910160 -0.21242493
1464107094.92099 -9.77090652 3.05054054 1.71426735 -0.23132771 0.95325704 0.03527616 -0.19116510
1464107095.15880 -9.93365207 3.02986904 1.56127677 -0.22522050 0.95668728 0.03300188 -0.18148293
1464107095.35860 -10.08446576 3.09124350 1.42999243 -0.21042587 0.96279866 0.03034543 -0.16678986
1464107095.47855 -10.19048357 3.13381402 1.32912222 -0.20879765 0.96586405 0.00734671 -0.15315419
1464107095.59869 -10.28726926 3.15837892 1.20668799 -0.19818073 0.97063602 -0.01556278 -0.13545451
1464107095.72168 -10.35152099 3.17475173 1.08202057 -0.18550839 0.97651208 -0.02313226 -0.10712468
1464107095.83876 -10.40286309 3.20945108 0.95877233 -0.16931114 0.98261043 -0.01896888 -0.07382857
1464107095.99867 -10.47957623 3.27058496 0.78900042 -0.15804803 0.98624089 -0.02122263 -0.04358135
1464107096.15875 -10.55374834 3.31116139 0.60919051 -0.16128856 0.98638745 -0.00646419 -0.03136912
1464107096.35874 -10.64758994 3.32693143 0.40517109 -0.15829783 0.98674807 -0.01681859 -0.03141929
1464107096.52126 -10.73273716 3.34086950 0.23913715 -0.15877438 0.98650072 -0.02119284 -0.03402769
1464107096.63883 -10.77279592 3.34831341 0.10814837 -0.14781408 0.98863610 -0.02378839 -0.01355615
1464107096.75883 -10.79452054 3.35023374 -0.01964282 -0.13599953 0.99002993 -0.03383863 0.01413576
1464107096.88168 -10.81983529 3.36781202 -0.15663854 -0.12163960 0.99160718 -0.03247016 0.02940582
1464107096.99883 -10.84361124 3.37983422 -0.30720465 -0.11044697 0.99178448 -0.04431750 0.04691450
1464107097.15884 -10.87557042 3.39267204 -0.52384968 -0.10119261 0.99223082 -0.04456692 0.05702489
1464107097.32155 -10.90550042 3.37980089 -0.71871862 -0.09456751 0.99190980 -0.04965372 0.06860348
1464107097.47874 -10.94906560 3.37022740 -0.90914553 -0.09692876 0.99142451 -0.04734830 0.07375910
1464107097.63883 -11.00140282 3.37240460 -1.11674706 -0.10847379 0.99018812 -0.04762098 0.07411591
1464107097.75887 -11.03772304 3.37845077 -1.28431676 -0.09976113 0.99069823 -0.05224068 0.07639140
1464107097.87880 -11.05841686 3.37744475 -1.44167405 -0.08438046 0.99073714 -0.04598798 0.09594245
1464107097.99944 -11.07088489 3.37411204 -1.59517754 -0.07383298 0.98939986 -0.04515382 0.11660935
1464107098.11895 -11.08163047 3.37058288 -1.75918174 -0.06394218 0.98758271 -0.04807363 0.13520619
1464107098.23879 -11.09012588 3.35835117 -1.93504611 -0.05846001 0.98610905 -0.05881258 0.14391823
1464107098.35900 -11.09578337 3.36353820 -2.12473144 -0.06014140 0.98351170 -0.05603454 0.16108347
1464107098.47888 -11.10462498 3.36250974 -2.29230515 -0.05952559 0.98232010 -0.05738081 0.16796237
1464107098.59886 -11.11651409 3.35927057 -2.44642131 -0.05080597 0.98205632 -0.05933981 0.17164766
1464107098.72149 -11.13562456 3.36703531 -2.61166473 -0.05078925 0.98341333 -0.04487304 0.16824115
1464107098.83899 -11.15382916 3.36801548 -2.78806854 -0.05629179 0.98272267 -0.05646934 0.16702875
1464107098.95932 -11.16253706 3.36982934 -2.96363604 -0.04931880 0.98135234 -0.05102400 0.17863874
1464107099.07960 -11.15817589 3.35731167 -3.12372860 -0.04250540 0.97777939 -0.05317731 0.19827487
1464107099.19893 -11.14931538 3.33584360 -3.28384476 -0.03133879 0.97479689 -0.06316333 0.21165845
1464107099.32512 -11.13772107 3.31239383 -3.45809688 -0.01731511 0.97306970 -0.06657103 0.22000875
1464107099.39917 -11.13370726 3.29540820 -3.58173570 -0.00709475 0.97302762 -0.08037597 0.21611714
1464107099.52162 -11.11608822 3.28637251 -3.75737748 -0.00729260 0.96961867 -0.07370484 0.23313953
1464107099.63918 -11.10479637 3.26733518 -3.90927652 -0.00605928 0.96698646 -0.07081576 0.24471535
1464107099.76225 -11.10405873 3.24739539 -4.04657362 -0.00206906 0.96662292 -0.07807200 0.24400944
1464107099.87923 -11.10678529 3.25421589 -4.17740450 0.00690336 0.96799957 -0.06929631 0.24109582
1464107099.99904 -11.11235848 3.27120211 -4.30683354 0.01100037 0.96692494 -0.07498348 0.24354186
1464107100.12149 -11.10880489 3.28597203 -4.44263039 0.01575959 0.96250396 -0.07506989 0.26019660
1464107100.23918 -11.08910292 3.28039946 -4.57620986 0.01830217 0.95504763 -0.06136181 0.28945429
1464107100.35924 -11.05974259 3.24453375 -4.69306524 0.02339953 0.94594180 -0.06893873 0.31606016
1464107100.51924 -11.00555411 3.21523246 -4.83529005 0.04231953 0.93725309 -0.06010729 0.34081200
1464107100.75929 -10.91320697 3.20308395 -5.04077459 0.05585158 0.93209216 -0.07260876 0.35044654
1464107100.95925 -10.81940303 3.21617436 -5.21238018 0.05403786 0.92755457 -0.06520299 0.36396565
1464107101.15924 -10.73173092 3.23970749 -5.37175610 0.05964342 0.92528284 -0.05043593 0.37114761
1464107101.32423 -10.63845978 3.26763269 -5.50235451 0.07018590 0.91604804 -0.04790853 0.39196262
1464107101.43955 -10.55427620 3.26776338 -5.59809756 0.08467094 0.90343284 -0.05181013 0.41707990
1464107101.55934 -10.46445123 3.26086048 -5.67873995 0.09811111 0.88674557 -0.05598127 0.44824391
1464107101.72158 -10.33459984 3.27809166 -5.76598088 0.10835144 0.86337371 -0.03568009 0.49150050
1464107101.87931 -10.18641662 3.32803703 -5.86050519 0.12439739 0.84760106 -0.03771698 0.51446591
1464107101.99937 -10.05977522 3.36285515 -5.94075877 0.13410268 0.83873537 -0.05987620 0.52436085
1464107102.11982 -9.92291364 3.38288401 -6.01589761 0.14734233 0.82241405 -0.06387597 0.54575199
1464107102.23937 -9.80151019 3.39588440 -6.08083144 0.15902662 0.80450178 -0.06114496 0.56898921
1464107102.39933 -9.65090223 3.42318855 -6.16464921 0.17744451 0.78887439 -0.06249363 0.58505144
1464107102.55945 -9.49028377 3.46282060 -6.24236400 0.17937678 0.77591594 -0.05384668 0.60239436
1464107102.67947 -9.36220084 3.47181605 -6.32221563 0.19767386 0.76190398 -0.06369573 0.61349020
1464107102.79942 -9.23994215 3.45256578 -6.37838628 0.21197742 0.73884522 -0.06358409 0.63649853
1464107102.91931 -9.13722110 3.41971371 -6.41701451 0.23309663 0.71388784 -0.06558989 0.65706018
1464107103.07949 -8.99996958 3.37909965 -6.45843593 0.25597026 0.69029335 -0.07336874 0.67274910
1464107103.27945 -8.82879749 3.33553650 -6.50505384 0.27577747 0.67155576 -0.09233208 0.68149427
1464107103.48207 -8.68796043 3.29876288 -6.58343454 0.30144256 0.65471151 -0.11017396 0.68435877
1464107103.67956 -8.53011454 3.26956874 -6.64659529 0.32002328 0.63697398 -0.10790256 0.69296918
1464107103.83956 -8.41101342 3.22248051 -6.68902513 0.33327642 0.61080660 -0.10415104 0.71062978
1464107104.03972 -8.26815473 3.15304386 -6.72671815 0.34485177 0.57883754 -0.09485798 0.73282079
1464107104.35966 -8.02467154 3.06535860 -6.79968775 0.33417000 0.58059834 -0.08802475 0.73721613
1464107104.67969 -7.78464421 2.98955554 -6.86548647 0.33346981 0.57194950 -0.07292153 0.74589148
1464107104.95959 -7.58878614 2.88183612 -6.88528244 0.34911345 0.53369032 -0.07417406 0.76667637
1464107105.36094 -7.28214431 2.71920499 -6.88712200 0.36353037 0.50424304 -0.07197104 0.78000308
1464107105.92052 -6.83111570 2.53154844 -6.91081202 0.37131211 0.49726810 -0.07541559 0.78048974
1464107106.36290 -6.39882097 2.50508948 -6.80989025 0.34893306 0.49968971 -0.06822711 0.78987402
1464107106.72167 -5.97034647 2.39479865 -6.67942280 0.35109844 0.47899375 -0.07101543 0.80140606
1464107107.04018 -5.55387419 2.38841533 -6.54278765 0.34357430 0.46092431 -0.07223213 0.81503865
1464107107.24035 -5.29906070 2.33064401 -6.45511883 0.33383953 0.41444330 -0.06865718 0.84384484
1464107107.40054 -5.11634044 2.32787427 -6.35341275 0.29871591 0.38727158 -0.04123841 0.87125709
1464107107.55990 -4.91239274 2.34404556 -6.22641615 0.24563161 0.38589390 -0.02655014 0.88884538
1464107107.88007 -4.52237431 2.22494831 -6.00018716 0.23579284 0.35646590 -0.01133734 0.90399406
1464107108.12230 -4.23339555 2.20018972 -5.82327387 0.21069364 0.33119308 0.02963507 0.91926117
1464107108.40007 -3.87633580 2.09120212 -5.62000164 0.23653781 0.30383374 0.02454514 0.92256840
1464107108.64002 -3.63353303 2.01695047 -5.43385410 0.22102370 0.25517783 0.02581773 0.94093902
1464107108.95995 -3.26397436 1.90338466 -5.12969401 0.21949866 0.23902503 -0.00581991 0.94586125
1464107109.28139 -2.93678317 1.77229300 -4.82843071 0.22485364 0.20307646 0.01726834 0.95283923
1464107109.52013 -2.67793469 1.65478231 -4.57801756 0.24302743 0.17695331 -0.00388495 0.95373482
1464107109.80015 -2.43648109 1.51671182 -4.30861109 0.24185762 0.14024005 0.00306241 0.96011887
1464107110.16007 -2.10322726 1.37223878 -3.87878844 0.22834709 0.14500425 -0.01991161 0.96251489
1464107110.44031 -1.85942454 1.23302083 -3.59354499 0.22954921 0.15799113 0.01133104 0.96032160
1464107110.68030 -1.62269654 1.14033603 -3.30803270 0.21816977 0.16499619 0.01413421 0.96175799
1464107110.92036 -1.39976407 0.98223639 -3.08214841 0.23610921 0.16256907 0.00713867 0.95800458
1464107111.12042 -1.23521995 0.91745425 -2.84966817 0.22713722 0.16881119 0.02721981 0.95873382
1464107111.28023 -1.11432530 0.84283898 -2.64790785 0.20714258 0.15436640 0.00187112 0.96605355
1464107111.44038 -1.00922593 0.75425605 -2.46521662 0.18462595 0.14358101 -0.01946413 0.97206939
1464107111.60159 -0.91561077 0.70203709 -2.28628504 0.14384701 0.12592940 -0.02142128 0.98132102
1464107111.76038 -0.80417487 0.65569022 -2.10350611 0.14762545 0.11260087 -0.00052505 0.98261259
1464107111.92040 -0.68892988 0.60203750 -1.92969644 0.14172508 0.10566380 -0.00659883 0.98422844
1464107112.04042 -0.62062262 0.55963220 -1.81409846 0.11625202 0.08867839 -0.03798305 0.98852360
1464107112.20047 -0.53574093 0.52018993 -1.66449846 0.10027273 0.06652645 -0.04681198 0.99162909
1464107112.32278 -0.47257572 0.51497501 -1.53388057 0.06488591 0.05502237 -0.03233383 0.99584983
1464107112.48425 -0.38750568 0.48441696 -1.35068975 0.06199128 0.04116449 -0.01875759 0.99705101
1464107112.64242 -0.30696902 0.43679645 -1.19854078 0.03536309 0.02729743 -0.02595177 0.99866451
1464107112.80053 -0.23715989 0.38442126 -1.06418355 0.02314705 0.00274397 -0.01430593 0.99962594
1464107112.96059 -0.16632400 0.34786277 -0.91775457 0.00765923 -0.00146781 -0.00239380 0.99996673
1464107113.12291 -0.10565981 0.30645854 -0.76149238 -0.00237173 -0.02095490 -0.00714940 0.99975205
1464107113.28236 -0.06470445 0.25491100 -0.64495711 -0.01918559 -0.03815617 -0.04984505 0.99784342
1464107113.52345 -0.03861042 0.19299750 -0.51278423 -0.05011669 -0.04715485 -0.07033798 0.99514688
1464107113.72303 -0.04985207 0.12168370 -0.40514514 -0.06816247 -0.05912089 -0.07157565 0.99334562
1464107113.88050 -0.07232086 0.04025163 -0.31612882 -0.06992085 -0.05725275 -0.07831761 0.99282403
1464107114.00054 -0.09382211 -0.02425744 -0.26314232 -0.07502553 -0.06584307 -0.08317543 0.99152292
1464107114.12061 -0.11084313 -0.09258789 -0.22694124 -0.06564124 -0.08184635 -0.08744323 0.99062914
1464107114.28045 -0.12023484 -0.17276947 -0.19791838 -0.05832690 -0.09865900 -0.08973435 0.98934934
1464107114.44065 -0.10517818 -0.24376679 -0.17422203 -0.04340723 -0.10958106 -0.07880887 0.98989745
1464107114.56068 -0.07316293 -0.29152672 -0.15745017 -0.02350576 -0.11653610 -0.06802451 0.99057533
1464107114.68057 -0.02108703 -0.32595101 -0.13887112 -0.00658421 -0.12473247 -0.07167958 0.98957592
1464107114.80182 0.05609489 -0.34569686 -0.12103151 0.00389947 -0.12342974 -0.07140678 0.98977319
1464107114.92328 0.13720208 -0.35035942 -0.10387419 0.00441592 -0.12016742 -0.05739597 0.99108324
1464107115.04076 0.21394673 -0.34420704 -0.09027104 0.01047177 -0.11109229 -0.04029067 0.99293782
1464107115.16071 0.28494159 -0.32453111 -0.08044351 0.00954253 -0.10560922 -0.03220377 0.99384030
1464107115.28080 0.34834270 -0.29705199 -0.07099513 0.02252065 -0.10038905 -0.01671860 0.99455284
1464107115.40112 0.40468542 -0.26144328 -0.06167141 0.03199361 -0.08592664 -0.01598188 0.99565938
1464107115.52348 0.44832611 -0.21692815 -0.05370586 0.03901782 -0.07334179 -0.02506082 0.99622816
1464107115.68082 0.48177296 -0.15079972 -0.04917188 0.04809225 -0.06030462 -0.04346456 0.99607295
1464107115.84075 0.47943645 -0.07134982 -0.04568360 0.05158491 -0.05620142 -0.05406995 0.99561882
1464107115.96090 0.45379848 -0.00625795 -0.03999401 0.05090591 -0.05667288 -0.06216642 0.99515431
1464107116.08077 0.40420241 0.05891792 -0.03459919 0.04058015 -0.06067237 -0.07449939 0.99454611
1464107116.20094 0.33751195 0.11541241 -0.02825891 0.03225944 -0.05626552 -0.07838979 0.99481082
1464107116.28093 0.28516499 0.15126799 -0.02222950 0.02418379 -0.05441710 -0.08247596 0.99481236
1464107116.36071 0.22855745 0.18290803 -0.01798737 0.01698699 -0.05737359 -0.09067860 0.99408104
1464107116.44068 0.17221525 0.20728250 -0.01779454 0.00664623 -0.04641405 -0.08842859 0.99497837
1464107116.52275 0.11219255 0.22074181 -0.02169268 0.00111680 -0.03502566 -0.07963199 0.99620816
1464107116.60402 0.04437531 0.22200232 -0.02838603 -0.00393399 -0.03670147 -0.07652245 0.99638438
1464107116.68095 -0.02041496 0.20916639 -0.03639123 -0.00607774 -0.03337942 -0.06283114 0.99744730
1464107116.76078 -0.07886394 0.18370861 -0.04370084 0.00114687 -0.02138202 -0.04797521 0.99861898
1464107116.88094 -0.15576392 0.13795511 -0.05663136 -0.00071432 -0.01795399 -0.03105185 0.99935626
1464107117.00088 -0.21180134 0.08436548 -0.07477922 -0.01166359 -0.01281997 -0.02351706 0.99957319
1464107117.12092 -0.24889274 0.02012946 -0.09588946 -0.00658884 -0.02041729 -0.01683040 0.99962816
1464107117.24129 -0.25580220 -0.05142189 -0.11757467 -0.00460907 -0.02185128 -0.01644294 0.99961538
1464107117.36103 -0.23358365 -0.12193586 -0.13717242 -0.00973661 -0.02045010 -0.02800772 0.99935107
1464107117.48101 -0.19815879 -0.18790971 -0.14943982 -0.01729914 -0.02731529 -0.04550319 0.99844082
1464107117.60268 -0.14915032 -0.24327718 -0.14699818 -0.02553415 -0.03605737 -0.04368373 0.99806794
1464107117.72333 -0.08427445 -0.28785343 -0.13745676 -0.02588165 -0.04015637 -0.02999814 0.99840759
1464107117.84101 -0.00730341 -0.31779201 -0.12596770 -0.00029421 -0.03719182 -0.00648135 0.99928708
1464107117.96099 0.06173151 -0.31977646 -0.11201192 0.01368617 -0.03173407 0.00583863 0.99938559
1464107118.12360 0.12515874 -0.28908271 -0.09055408 0.01806444 -0.03067358 0.00772153 0.99933637
1464107118.36167 0.14318704 -0.23516774 -0.03587014 0.01706121 -0.03957182 -0.00564245 0.99905513
1464107118.56118 0.11702333 -0.19948703 0.03548964 0.01269662 -0.03122208 -0.02349602 0.99915560
1464107118.76430 0.07914355 -0.17925878 0.10378965 0.00859932 -0.01083235 -0.02945578 0.99947039
1464107119.00110 0.03744011 -0.18125590 0.14453267 0.02154681 0.01284781 -0.01600416 0.99955717
1464107119.24121 0.00297823 -0.17570743 0.10762945 0.04421973 0.02549870 -0.00409661 0.99868796
1464107119.40123 -0.00932473 -0.15170524 0.03294767 0.05144394 0.02412965 -0.00451560 0.99837412
1464107119.56393 -0.00973775 -0.11348214 -0.06512582 0.05357682 0.02098748 -0.01250530 0.99826483
1464107119.72205 -0.00679653 -0.06237912 -0.17618250 0.04525575 0.00301138 -0.02089356 0.99875238
1464107119.92177 -0.00999714 0.00208043 -0.31495752 0.04401952 -0.00242125 -0.01723261 0.99887910
1464107120.12127 -0.04035059 0.06826223 -0.45125935 0.04450107 -0.00678096 -0.02752285 0.99860711
1464107120.32132 -0.09648188 0.13924618 -0.59697326 0.03585229 -0.01803778 -0.03310844 0.99864562
1464107120.48131 -0.14488030 0.20329258 -0.71500770 0.01745162 -0.02395026 -0.03222435 0.99904125
1464107120.68194 -0.18692357 0.26014758 -0.84960483 0.01664051 -0.02537204 -0.02413382 0.99924817
1464107121.64200 -0.18237531 0.36910360 -1.06146985 0.02204661 -0.03248678 -0.02933060 0.99879841
1464107121.88165 -0.19401942 0.30228054 -0.87151710 0.03407228 -0.01939427 -0.03025814 0.99877294
1464107122.08190 -0.19095841 0.22599600 -0.72108548 0.03975756 -0.00165814 -0.01432620 0.99910527
1464107122.32140 -0.16498604 0.15713727 -0.54083462 0.03773258 0.01412064 -0.00629708 0.99916826
1464107122.52179 -0.13852083 0.09896264 -0.36646302 0.04162779 0.01090575 -0.01350593 0.99898237
1464107122.68439 -0.12041961 0.04037802 -0.23214803 0.04432066 0.01120769 -0.01990500 0.99875616
1464107122.84139 -0.11427203 -0.01073134 -0.12256707 0.03751021 0.00260266 -0.03392280 0.99871690
1464107123.00158 -0.11794437 -0.04988079 -0.03137661 0.03277632 -0.00791315 -0.04136296 0.99857509
1464107123.16568 -0.13269983 -0.08948161 0.04147748 0.03038365 -0.00596959 -0.04011090 0.99871533
1464107123.28158 -0.15619062 -0.13253243 0.08081391 0.03759617 0.00106064 -0.04078348 0.99845987
1464107123.40163 -0.19428677 -0.17536711 0.11077816 0.04716128 0.01372007 -0.03771787 0.99808063
1464107123.52159 -0.25014169 -0.20962468 0.12784734 0.05971861 0.01769813 -0.04092370 0.99721899
1464107123.64428 -0.31395499 -0.22984821 0.13180018 0.06579335 0.01853267 -0.03216762 0.99714243
1464107123.76182 -0.38620043 -0.23725720 0.13223333 0.06918888 0.01052773 -0.02942328 0.99711400
1464107123.88165 -0.45205941 -0.23403106 0.12636718 0.07093915 0.00364675 -0.02071216 0.99725892
1464107124.00176 -0.50640605 -0.21527259 0.12049157 0.06704031 -0.00532696 -0.01189987 0.99766508
1464107124.12307 -0.54760165 -0.18168684 0.11415350 0.05882061 -0.01512190 -0.00961658 0.99810770
1464107124.24175 -0.57301074 -0.13563328 0.11032472 0.05357920 -0.02140129 -0.01135359 0.99826968
1464107124.36168 -0.59175921 -0.07543690 0.10686746 0.04194585 -0.03502381 -0.02385337 0.99822086
1464107124.48221 -0.60149641 -0.01022494 0.10194315 0.03054482 -0.04480100 -0.03864628 0.99778071
1464107124.60227 -0.60442182 0.05587727 0.09140592 0.01692080 -0.06158104 -0.05782485 0.99628196
1464107124.72471 -0.59502695 0.11569104 0.07795858 0.00384375 -0.07117697 -0.06912794 0.99505798
1464107124.84470 -0.57375950 0.16923047 0.06490683 -0.00800417 -0.07716616 -0.07746381 0.99397217
1464107124.96171 -0.53692141 0.21354194 0.05241848 -0.02096846 -0.07832171 -0.07794073 0.99365551
1464107125.08179 -0.48744513 0.24818160 0.04086774 -0.03390636 -0.07980343 -0.08195864 0.99285676
1464107125.20182 -0.42847505 0.27011529 0.02831466 -0.04499505 -0.07631023 -0.08544770 0.99239654
1464107125.32429 -0.36556587 0.27849208 0.01680378 -0.05561773 -0.07085799 -0.08356528 0.99242262
1464107125.40186 -0.32255506 0.27914810 0.01245027 -0.05858331 -0.06623019 -0.08195657 0.99270574
1464107125.52466 -0.25358866 0.27945781 0.00805526 -0.06481146 -0.05739256 -0.07905943 0.99310381
1464107125.64185 -0.18435170 0.27921179 0.00646980 -0.06816105 -0.04700077 -0.07864921 0.99345825
1464107125.76376 -0.11490222 0.28116738 0.00945555 -0.07316536 -0.03341069 -0.06902245 0.99436737
1464107125.84376 -0.06683961 0.28091291 0.01191681 -0.07942185 -0.01731746 -0.06134789 0.99480084
1464107125.96186 -0.00062340 0.27502195 0.01775438 -0.08099786 0.00337576 -0.04947053 0.99548009
1464107126.08236 0.05665751 0.26077031 0.02431141 -0.07524590 0.02204530 -0.03383018 0.99634712
1464107126.20306 0.10753405 0.24030208 0.02854934 -0.06867718 0.03777004 -0.01073632 0.99686589
1464107126.36188 0.16495696 0.20823985 0.03167149 -0.06290962 0.05798166 0.00970546 0.99628626
1464107126.52363 0.21014804 0.16836651 0.03401738 -0.06189261 0.07797228 0.02600355 0.99469264
1464107126.68286 0.24274769 0.11542657 0.03943131 -0.05637950 0.09611521 0.03684679 0.99308888
1464107126.84199 0.26396605 0.05487019 0.04581775 -0.04191513 0.11313094 0.04121595 0.99183958
1464107126.96200 0.27106593 0.00501692 0.05304523 -0.02443284 0.12439135 0.04875492 0.99073346
1464107127.08193 0.26830312 -0.05009743 0.06060270 -0.00596024 0.13213875 0.05256709 0.98981843
1464107127.20191 0.25664545 -0.11051548 0.06842064 0.02005740 0.14042536 0.05329888 0.98845215
1464107127.32445 0.23307994 -0.16817251 0.07729343 0.04394517 0.14122471 0.04665863 0.98790049
1464107127.44212 0.20067693 -0.21487200 0.08442933 0.05461444 0.13436283 0.04025997 0.98860661
1464107127.56206 0.16027388 -0.25697281 0.08918426 0.06794925 0.12724748 0.03472081 0.98893147
1464107127.68191 0.10692140 -0.28760744 0.09615424 0.08352227 0.11644584 0.03258965 0.98914221
1464107127.76214 0.06416474 -0.29914620 0.10404108 0.09355715 0.10143173 0.02555344 0.99010388
1464107127.84205 0.02071593 -0.30431950 0.11035556 0.09623333 0.08966033 0.02005699 0.99110942
1464107127.92455 -0.02204075 -0.30438048 0.11537669 0.09559407 0.07601531 0.01539323 0.99239432
1464107128.04204 -0.08362586 -0.30020546 0.12112619 0.09617716 0.06485028 0.01101662 0.99318832
1464107128.16214 -0.14567433 -0.29356917 0.12503319 0.09699461 0.05291346 0.01029085 0.99382408
1464107128.28445 -0.20614757 -0.28283488 0.12737060 0.08751232 0.03429495 0.00631142 0.99555292
1464107128.40413 -0.26132767 -0.27289809 0.12835792 0.08320169 0.02110242 -0.00109129 0.99630868
1464107128.52221 -0.30832540 -0.25909994 0.12818097 0.08056416 0.00884570 -0.00573696 0.99669366
1464107128.64227 -0.34848859 -0.23440404 0.12626282 0.07569524 -0.00639364 -0.00654008 0.99708905
1464107128.76226 -0.38110458 -0.19359407 0.12482475 0.05266180 -0.02341667 -0.00972248 0.99829047
1464107128.88213 -0.40330901 -0.14189418 0.12325134 0.02843197 -0.03822615 -0.01675165 0.99872407
1464107129.00333 -0.41015763 -0.08916449 0.11877685 0.01116104 -0.04677741 -0.02669838 0.99848611
1464107129.12508 -0.40368923 -0.03707466 0.11035839 -0.00727448 -0.05509857 -0.03600011 0.99780520
1464107129.24229 -0.38487288 0.01077235 0.09995610 -0.03419172 -0.05937206 -0.03891843 0.99689079
1464107129.36231 -0.35276684 0.05047842 0.08771025 -0.05655820 -0.05977243 -0.04122167 0.99575559
1464107129.48237 -0.30090761 0.07869973 0.07521510 -0.06959601 -0.04937172 -0.04170521 0.99547953
1464107129.56353 -0.25547566 0.08755865 0.06608858 -0.07697752 -0.03334333 -0.03713162 0.99578307
1464107129.64222 -0.20323387 0.08509766 0.06011076 -0.07043217 -0.01195835 -0.02821172 0.99704584
1464107129.72501 -0.15519280 0.07732422 0.06217173 -0.06280613 0.00200704 -0.01868394 0.99784882
1464107129.84230 -0.09889769 0.05796663 0.07807076 -0.05029360 0.00761495 -0.01128629 0.99864167
1464107129.96229 -0.05287967 0.02271828 0.09580065 -0.03023480 0.00957412 -0.01041828 0.99944267
1464107130.08238 -0.02536088 -0.00543433 0.10064561 -0.01548591 0.00206606 -0.00771796 0.99984816
1464107130.36232 0.00001009 0.00000457 0.00000386 0.00000195 -0.00000416 0.00000131 1.00000000
