1464887311.31617 1.17630782 0.06863057 0.35365316 -0.11994638 0.07114841 0.00799794 -0.99019534
1464887311.41392 1.21132447 0.07110074 0.36776083 -0.10333418 0.01625168 -0.00078033 -0.99451361
1464887311.51394 1.24507285 0.07820812 0.38296173 -0.09005899 -0.04555169 -0.02413759 -0.99460133
1464887311.65055 1.28309560 0.09593637 0.40748595 -0.06517148 -0.08818895 -0.02808035 -0.99357279
1464887311.81653 1.30794299 0.12256297 0.44422826 -0.03962694 -0.08191374 -0.07562514 -0.99297567
1464887311.94732 1.32103641 0.14835903 0.46749952 -0.01451509 -0.11055731 -0.05010860 -0.99249963
1464887312.08077 1.32530975 0.17789923 0.48426140 0.00604720 -0.13129522 -0.03371584 -0.99075135
1464887312.21425 1.31352332 0.20878745 0.49979562 0.03797292 -0.11792228 -0.02798434 -0.99190185
1464887312.34749 1.28925723 0.23734240 0.51076855 0.07435423 -0.09659708 -0.02111790 -0.99231774
1464887312.41424 1.27353440 0.25046923 0.51334666 0.09541810 -0.07572171 -0.00326671 -0.99254770
1464887312.48309 1.25495740 0.26288426 0.51451820 0.12611670 -0.04365979 0.02458347 -0.99074924
1464887312.54763 1.23431912 0.27363715 0.51405390 0.13798609 -0.01238391 0.04726156 -0.98922840
1464887312.61425 1.21253756 0.28370653 0.51120942 0.15139455 0.01720993 0.05472815 -0.98680714
1464887312.68083 1.18994655 0.29117777 0.50601059 0.15876091 0.04825236 0.06063071 -0.98427161
1464887312.74762 1.16714142 0.29660870 0.49857976 0.16440105 0.08073051 0.07701356 -0.98006316
1464887312.81432 1.14394923 0.30088781 0.48933297 0.16529145 0.11211766 0.08327699 -0.97630595
1464887312.88105 1.11995138 0.30408068 0.47897362 0.16617934 0.14886902 0.09500950 -0.97015238
1464887312.94764 1.09711281 0.30597916 0.46763432 0.16439626 0.18138496 0.11305632 -0.96295983
1464887313.01438 1.07622811 0.30702898 0.45518591 0.16632095 0.20992952 0.12510345 -0.95530941
1464887313.08104 1.05667798 0.30596506 0.44255245 0.15961279 0.23353554 0.13481167 -0.94963715
1464887313.18139 1.02936453 0.30010676 0.42428855 0.13872795 0.26515110 0.15617511 -0.94130696
1464887313.28114 1.00424162 0.28942848 0.40806830 0.10786363 0.29048579 0.16751056 -0.93590793
1464887313.38114 0.98259671 0.27473687 0.39455428 0.07656960 0.30779354 0.17216170 -0.93260956
1464887313.48360 0.96291477 0.25644427 0.38390369 0.04360142 0.32035185 0.16816140 -0.93123324
1464887313.61460 0.94348926 0.23024504 0.37249531 0.00647037 0.33127568 0.16022621 -0.92980757
1464887313.81703 0.92878468 0.19298514 0.35807105 -0.01796643 0.34097657 0.14149109 -0.92918914
1464887314.08139 0.93365474 0.14488000 0.34300072 -0.00013589 0.35802066 0.11874228 -0.92613253
1464887314.41484 0.99110105 0.08741924 0.34528072 -0.03972616 0.29966398 0.08184454 -0.94969722
1464887314.54819 1.02391993 0.07174200 0.35081572 -0.04289119 0.26635732 0.05780850 -0.96118276
1464887314.68284 1.05836366 0.06025241 0.35792479 -0.05233616 0.22152490 0.04363228 -0.97277123
1464887314.94838 1.13355188 0.05272932 0.37346240 -0.04832003 0.15021012 -0.00077797 -0.98747227
1464887315.04828 1.16565948 0.05752787 0.37840093 -0.04709346 0.10318856 0.00464333 -0.99353549
1464887315.18172 1.20032900 0.07114331 0.38869217 -0.03799164 0.06018155 -0.00724755 -0.99743786
1464887315.31751 1.22449292 0.09382671 0.40227820 -0.00923465 0.02322795 -0.01978167 -0.99949181
1464887315.41503 1.23377893 0.11392640 0.41397005 0.01725463 -0.00665977 -0.00543702 -0.99981416
1464887315.54848 1.23190117 0.14165773 0.43109408 0.04874436 -0.02085171 0.00896151 -0.99855340
1464887315.68182 1.21809161 0.16904662 0.44821531 0.08556702 -0.01754412 0.02037972 -0.99596946
1464887315.78192 1.20332416 0.18737628 0.46209750 0.11490820 -0.00547758 0.04278815 -0.99243905
1464887315.91528 1.18140885 0.20407593 0.48506973 0.13119339 0.02149422 0.05633026 -0.98952170
1464887316.08187 1.15878160 0.21314912 0.51766492 0.13387104 0.03753988 0.07314328 -0.98758259
1464887316.21516 1.14340804 0.21348073 0.54573311 0.11167844 0.05197351 0.07803000 -0.98931188
1464887316.41607 1.12377976 0.20944364 0.58072464 0.09965463 0.06920240 0.08454932 -0.98900526
1464887316.68222 1.10714847 0.21028454 0.60617949 0.11445335 0.08718258 0.06866251 -0.98721076
1464887316.91547 1.10281792 0.21474299 0.59501762 0.15545375 0.10165035 0.06897970 -0.98017506
1464887317.08231 1.10385176 0.21271155 0.56695009 0.17883156 0.12174445 0.06341908 -0.97425643
1464887317.41607 1.12423071 0.19209519 0.47976642 0.17033134 0.10886296 0.07233076 -0.97668027
1464887317.58248 1.13441329 0.17465116 0.42468404 0.16764071 0.11703892 0.06638493 -0.97662251
1464887317.71576 1.14188363 0.15529397 0.37963821 0.12617131 0.10857176 0.05634467 -0.98443804
1464887317.91584 1.15228955 0.13637701 0.32321203 0.10849112 0.11891742 0.02126535 -0.98673001
1464887318.21575 1.17438985 0.12867871 0.25907511 0.08475164 0.09542520 0.00522895 -0.99180837
1464887318.48473 1.20690352 0.12002328 0.23820326 0.04938052 0.06441119 -0.01004586 -0.99665031
1464887318.81867 1.24279774 0.10931545 0.24564510 0.02624609 0.02676352 -0.01870696 -0.99912207
1464887319.08288 1.26455151 0.09960695 0.27837197 -0.00504023 -0.00434265 -0.03328235 -0.99942385
1464887319.65369 1.20228510 0.08696526 0.35487182 -0.03618245 0.05039894 0.01555282 -0.99795235
1464887319.78309 1.16366527 0.09325997 0.36956477 -0.01475084 0.09110694 0.04245818 -0.99482624
1464887319.91687 1.12406831 0.10381243 0.37896671 0.00565864 0.12494150 0.06970329 -0.98969644
1464887320.04968 1.08975536 0.11974908 0.38331244 0.03079387 0.14946284 0.09707357 -0.98350868
1464887320.18320 1.06343315 0.14071965 0.38563574 0.05674384 0.16424510 0.12491435 -0.97683166
1464887320.28323 1.05486417 0.16177088 0.38704186 0.10177940 0.15211281 0.13489207 -0.97381044
1464887320.41660 1.05875816 0.18673046 0.38858384 0.12296636 0.13146463 0.13527985 -0.97431806
1464887320.54998 1.07280022 0.20884709 0.39334975 0.15463032 0.09834307 0.13209805 -0.97414999
1464887320.68330 1.08972770 0.22169637 0.40243155 0.16901774 0.05744625 0.12376899 -0.97612201
1464887320.85007 1.11038693 0.22307225 0.42109393 0.17403113 0.01731041 0.11201428 -0.97819544
1464887321.01681 1.12455038 0.21572210 0.44726222 0.16305611 -0.00425307 0.10169715 -0.98135228
1464887321.18348 1.12856688 0.20801582 0.48347320 0.15317463 -0.00808038 0.09533683 -0.98355637
1464887321.31685 1.12744685 0.19809229 0.51776858 0.13399851 -0.00995627 0.08268599 -0.98747572
1464887321.45046 1.12095018 0.18786670 0.55752687 0.12063882 -0.01249885 0.08666641 -0.98882708
1464887321.55328 1.11268936 0.18299554 0.58837746 0.11364534 0.00180197 0.07546762 -0.99064935
1464887321.68362 1.10256667 0.17969492 0.62267791 0.11563708 0.02043540 0.05773295 -0.99140172
1464887321.85068 1.09482686 0.18245398 0.65308835 0.13408704 0.02948151 0.05320995 -0.98910071
1464887322.01712 1.08897210 0.19682460 0.67378340 0.16845526 0.04110270 0.05659864 -0.98322428
1464887322.18386 1.08349386 0.21342331 0.67914578 0.20748010 0.05136230 0.05113487 -0.97555069
1464887322.35058 1.07449103 0.22764232 0.67140263 0.24089263 0.06690660 0.05209294 -0.96684051
1464887322.55065 1.06341596 0.22582485 0.64872261 0.23717784 0.08534739 0.04905939 -0.96646556
1464887322.71732 1.06386893 0.20869761 0.61626538 0.22419605 0.09527187 0.06246828 -0.96786214
1464887322.85062 1.06889538 0.18964286 0.58113267 0.20777492 0.10339787 0.07597936 -0.96972450
1464887322.98662 1.07870937 0.17325823 0.54017807 0.20470299 0.11802842 0.07613706 -0.96869455
1464887323.08391 1.08913212 0.16204697 0.50709415 0.18419384 0.11756863 0.07102344 -0.97324504
1464887323.22044 1.10551811 0.15458409 0.46478301 0.17916258 0.10202812 0.08392678 -0.97490888
1464887323.38416 1.12610893 0.15730888 0.42870833 0.18025255 0.09804658 0.04881484 -0.97750345
1464887323.58423 1.14726218 0.16355477 0.42015870 0.17411810 0.06915387 0.02721202 -0.98191656
1464887323.81788 1.17788462 0.17236301 0.43790816 0.15987844 0.04489684 0.00768278 -0.98608526
1464887324.08419 1.21249667 0.18284357 0.45137620 0.14546970 0.03090196 -0.01995710 -0.98867859
1464887324.41773 1.24997668 0.18769460 0.44613582 0.14675463 0.01751945 -0.01398183 -0.98891893
1464887324.61779 1.29062744 0.18773957 0.43888597 0.14165430 0.00344849 -0.01006557 -0.98985901
1464887324.81794 1.33584652 0.19127684 0.43826158 0.12397493 0.00404122 -0.01539948 -0.99215762
1464887324.98470 1.37954636 0.20288275 0.44312334 0.13604548 0.00047480 -0.02442469 -0.99040135
1464887325.15138 1.42826969 0.21098700 0.45186593 0.13166733 -0.00805397 -0.03630389 -0.99059622
1464887325.28532 1.47164926 0.21785208 0.46098575 0.13513365 -0.01150689 -0.04291491 -0.98983069
1464887325.41815 1.52057487 0.22100577 0.46949506 0.12998149 -0.01839364 -0.04033813 -0.99052477
1464887325.55142 1.57466247 0.22627131 0.47945514 0.13029768 -0.02494350 -0.03490629 -0.99054626
1464887325.65143 1.61691668 0.23233974 0.49055251 0.13127594 -0.02122643 -0.03427757 -0.99052568
1464887325.75162 1.66182926 0.24058283 0.50384118 0.13332285 -0.01244560 -0.03634963 -0.99032764
1464887325.85160 1.70948445 0.24845109 0.51713552 0.13082632 -0.00429259 -0.04343361 -0.99044413
1464887325.95165 1.75570312 0.25461854 0.53071328 0.13719542 0.00806167 -0.03979554 -0.98971144
1464887326.05170 1.80418383 0.25855055 0.54259383 0.14322690 0.01368634 -0.04871304 -0.98839556
1464887326.15168 1.85852052 0.25687754 0.55118380 0.13289032 -0.00587426 -0.04242177 -0.99020505
1464887326.21839 1.89677160 0.25654910 0.55635962 0.12137545 -0.02400117 -0.03746376 -0.99160900
1464887326.28501 1.93622629 0.25877507 0.56193521 0.11701240 -0.04167105 -0.03640960 -0.99158760
1464887326.35170 1.97658666 0.26201532 0.56951190 0.10919122 -0.05797734 -0.04730812 -0.99120021
1464887326.41845 2.01709352 0.26476122 0.57782690 0.11816747 -0.07623833 -0.04302610 -0.98912735
1464887326.51844 2.07726394 0.26682696 0.58983083 0.11108247 -0.09206531 -0.05488841 -0.98801413
1464887326.58509 2.11932989 0.26959216 0.59779569 0.09310545 -0.10109629 -0.06857618 -0.98813371
1464887326.68519 2.18866927 0.27833312 0.60824768 0.09529007 -0.11468515 -0.08443152 -0.98520984
1464887326.75189 2.23049473 0.28122135 0.61244113 0.08026320 -0.11908768 -0.10353897 -0.98420304
1464887326.82108 2.27639870 0.28581886 0.61565087 0.08236235 -0.13553148 -0.10466858 -0.98178009
1464887326.88520 2.32221627 0.29217361 0.61874475 0.08636082 -0.15198875 -0.09531407 -0.97997778
1464887326.98807 2.39141386 0.30584732 0.62363348 0.09215442 -0.16253019 -0.10324368 -0.97695048
1464887327.05197 2.43862642 0.31483836 0.62554839 0.10093190 -0.17206470 -0.09981655 -0.97480416
1464887327.15416 2.51279300 0.32611208 0.62845110 0.10475204 -0.18605223 -0.09630569 -0.97218146
1464887327.21864 2.55872827 0.33283197 0.62840597 0.10660842 -0.19067044 -0.09751975 -0.97096309
1464887327.31864 2.63247033 0.34335272 0.62845197 0.10287922 -0.19930669 -0.09753709 -0.96962840
1464887327.38536 2.68123903 0.35027811 0.62607616 0.10462122 -0.21185971 -0.08709141 -0.96777319
1464887327.48538 2.75583899 0.36507511 0.62418151 0.11780401 -0.21988267 -0.09190734 -0.96401601
1464887327.58695 2.83068855 0.37892380 0.62074116 0.12011415 -0.22707105 -0.09198976 -0.96205468
1464887327.68639 2.90501980 0.39459281 0.61610015 0.12261927 -0.23141959 -0.09566364 -0.96034262
1464887327.75207 2.95410701 0.40618910 0.61259503 0.13789010 -0.23531647 -0.09083310 -0.95779008
1464887327.81882 3.00433777 0.41671126 0.61125366 0.12850439 -0.23281468 -0.10523326 -0.95823270
1464887327.88554 3.05156994 0.42615563 0.60574411 0.13291092 -0.24101781 -0.09889250 -0.95627683
1464887327.95219 3.10054305 0.43751028 0.60171283 0.13691532 -0.24609684 -0.09539570 -0.95477233
1464887328.01887 3.15070425 0.44987245 0.59916638 0.13667573 -0.23880771 -0.11042154 -0.95503807
1464887328.08555 3.20346952 0.46028315 0.59628359 0.12985130 -0.23998456 -0.11535608 -0.95511205
1464887328.15223 3.25696862 0.46883751 0.59102092 0.12935606 -0.25684528 -0.10487616 -0.95199711
1464887328.22003 3.31252205 0.47887285 0.58586778 0.13615441 -0.26902000 -0.10174459 -0.94801807
1464887328.28567 3.37020247 0.48897188 0.57995366 0.13003521 -0.27625675 -0.11025680 -0.94584168
1464887328.35230 3.42991152 0.49960101 0.57363545 0.12426057 -0.29362585 -0.10955087 -0.94145726
1464887328.41902 3.48714988 0.51101895 0.56246790 0.14464758 -0.31704364 -0.09507435 -0.93248125
1464887328.48795 3.54666185 0.52341296 0.55621323 0.14137675 -0.32459014 -0.10897804 -0.92885825
1464887328.55237 3.60678845 0.53563193 0.55047266 0.13821350 -0.33244564 -0.11567000 -0.92574153
1464887328.61954 3.66716919 0.54881170 0.54404973 0.14589009 -0.35343892 -0.10680721 -0.91781765
1464887328.68573 3.72823837 0.56446624 0.53994235 0.16254406 -0.36625615 -0.10186177 -0.91052734
1464887328.75241 3.78942592 0.58056404 0.53880017 0.16377050 -0.36299398 -0.11382138 -0.91019739
1464887328.82228 3.85115472 0.59598492 0.53745023 0.16684273 -0.36630320 -0.11952648 -0.90757858
1464887328.88581 3.91328284 0.60984870 0.53584690 0.16653680 -0.37189007 -0.12236336 -0.90498093
1464887328.95252 3.97491602 0.62359025 0.53442650 0.17346000 -0.37023087 -0.13391839 -0.90272177
1464887329.01912 4.03820422 0.63409385 0.53286980 0.15810853 -0.37466812 -0.14340587 -0.90225287
1464887329.08587 4.10152962 0.64538937 0.52970921 0.17882605 -0.38844456 -0.13076580 -0.89444529
1464887329.15259 4.16606868 0.65625198 0.52808745 0.16847403 -0.39343182 -0.13779453 -0.89321922
1464887329.21925 4.23119278 0.66742389 0.52515927 0.17355651 -0.40511803 -0.13592027 -0.88728981
1464887329.28595 4.29735774 0.67792541 0.52219372 0.17188763 -0.41339211 -0.13816899 -0.88344266
1464887329.35254 4.36495072 0.68822673 0.51871221 0.17032569 -0.41952042 -0.14432921 -0.87986411
1464887329.41936 4.43354316 0.69620849 0.51368819 0.16093007 -0.43262228 -0.14005892 -0.87596973
1464887329.48923 4.50163764 0.70658647 0.50737132 0.17404417 -0.45095132 -0.12864664 -0.86591084
1464887329.55268 4.56998300 0.71954316 0.50295401 0.15543345 -0.45373399 -0.14795758 -0.86491298
1464887329.61938 4.63745548 0.73349037 0.49768546 0.14892859 -0.46492179 -0.15673025 -0.85854740
1464887329.68608 4.70553252 0.74909648 0.49290618 0.15046313 -0.47585265 -0.16562493 -0.85058420
1464887329.75275 4.77500055 0.76482639 0.49046310 0.14067150 -0.47853650 -0.18335469 -0.84711003
1464887329.82337 4.84428296 0.78066866 0.48773144 0.15476106 -0.49047429 -0.18374091 -0.83768924
1464887329.88608 4.91511485 0.79862679 0.48583363 0.15633189 -0.49554805 -0.20075518 -0.83047566
1464887329.95271 4.98860080 0.81487224 0.48420685 0.14068216 -0.50067050 -0.20985816 -0.82794754
1464887330.01958 5.06153692 0.82930306 0.48047783 0.15798518 -0.52414452 -0.18933932 -0.81514651
1464887330.08613 5.13403105 0.84245352 0.47709128 0.15229590 -0.54613627 -0.18264132 -0.80323302
1464887330.15316 5.20603569 0.85506233 0.47337696 0.16198307 -0.56810990 -0.15985637 -0.79085938
1464887330.21953 5.27679313 0.86838973 0.47092852 0.16569181 -0.58314482 -0.16205770 -0.77860494
1464887330.32230 5.38547852 0.88992969 0.46892912 0.15610736 -0.59727593 -0.17786993 -0.76632515
1464887330.41960 5.49642183 0.91303467 0.46979736 0.14026971 -0.60685638 -0.18825737 -0.75934768
1464887330.51965 5.61126949 0.93571124 0.47319634 0.12046097 -0.60750127 -0.20692823 -0.75737182
1464887330.62300 5.72681067 0.95331328 0.47407173 0.08962359 -0.61967761 -0.20828294 -0.75138904
1464887330.71968 5.84324651 0.96630991 0.47383679 0.09010594 -0.63534882 -0.19636978 -0.74138499
1464887330.82286 5.96259769 0.97697529 0.47493610 0.07503382 -0.64259003 -0.19240580 -0.73785364
1464887330.91979 6.08533310 0.98769836 0.47553737 0.05299902 -0.65275206 -0.18550540 -0.73259375
1464887331.01973 6.21030000 0.99884012 0.47703305 0.04705079 -0.66884612 -0.15895107 -0.72468314
1464887331.11980 6.33704595 1.01594800 0.48550461 0.03777617 -0.66143725 -0.16445859 -0.73077158
1464887331.22094 6.46598349 1.03748725 0.49763422 0.03125532 -0.65857575 -0.16467613 -0.73360947
1464887331.28659 6.55153998 1.05146019 0.50659524 0.03522677 -0.66005744 -0.14678271 -0.73589271
1464887331.35311 6.63760403 1.06591867 0.51577140 0.03510834 -0.66190557 -0.15918252 -0.73164838
1464887331.41984 6.72302024 1.07872454 0.52536942 0.06446319 -0.64181017 -0.14764470 -0.74975012
1464887331.48656 6.80737583 1.09208977 0.53180041 0.08259392 -0.65280698 -0.15085862 -0.73774181
1464887331.55320 6.89199539 1.10349233 0.54045255 0.06113340 -0.64723409 -0.15851371 -0.74311786
1464887331.61990 6.97653783 1.11537419 0.54892402 0.06876051 -0.65010848 -0.16453925 -0.73861884
1464887331.68660 7.06072241 1.12590031 0.55784390 0.07073604 -0.64862688 -0.15833611 -0.74108654
1464887331.75329 7.14529892 1.13673402 0.56725644 0.08189541 -0.65708163 -0.14230529 -0.73572147
1464887331.81993 7.23143185 1.14981538 0.57936446 0.09001042 -0.65883528 -0.13212168 -0.73510412
1464887331.88671 7.31809507 1.16501216 0.59414178 0.08050821 -0.65132050 -0.14875948 -0.73970985
1464887331.98677 7.45064938 1.18501892 0.61465624 0.08516507 -0.64530004 -0.14322632 -0.74553403
1464887332.08682 7.58321319 1.20397585 0.63240245 0.07107799 -0.64519541 -0.15317783 -0.74512238
1464887332.18680 7.71502280 1.21861208 0.64556021 0.04583668 -0.65165891 -0.15668550 -0.74073567
1464887332.28688 7.84558232 1.23098247 0.65506224 0.05249985 -0.66969449 -0.13626417 -0.72813812
1464887332.38692 7.98010528 1.24516451 0.66765455 0.04263487 -0.67073249 -0.13470347 -0.72811755
1464887332.48684 8.11548955 1.25996295 0.68007637 0.02622108 -0.67418897 -0.12524183 -0.72738998
1464887332.58822 8.25272264 1.27642961 0.69412265 0.01882569 -0.67947479 -0.11787006 -0.72392420
1464887332.68817 8.39440240 1.29623822 0.71060170 0.01287985 -0.67468182 -0.13053694 -0.72635987
1464887332.78734 8.53466674 1.31600335 0.72833017 0.01064079 -0.67227218 -0.13096708 -0.72854960
1464887332.88697 8.67489685 1.33602911 0.74673969 0.02026803 -0.67103086 -0.12962661 -0.72972854
1464887332.98927 8.81909310 1.35775694 0.76518278 0.01946792 -0.66611278 -0.13982594 -0.73236840
1464887333.08699 8.96190084 1.37539674 0.78311318 0.02133533 -0.66653997 -0.12375016 -0.73481642
1464887333.18721 9.10651557 1.39516134 0.80176638 0.01712382 -0.66470162 -0.12222962 -0.73684357
1464887333.28739 9.25512734 1.41509064 0.82018290 0.00956073 -0.65904301 -0.13000659 -0.74072207
1464887333.38710 9.40274000 1.43365946 0.83406638 0.03280698 -0.66925630 -0.11003339 -0.73410651
1464887333.48713 9.55190209 1.45354435 0.84677738 0.02355311 -0.67498223 -0.11153589 -0.72897461
1464887333.58714 9.70339036 1.47564768 0.85958798 0.01955918 -0.67926577 -0.11966153 -0.72380700
1464887333.68719 9.85715244 1.49830490 0.87348444 0.02110295 -0.68888751 -0.12314499 -0.71401959
1464887333.78761 10.01345956 1.52112173 0.89129603 0.02015152 -0.69070865 -0.12464740 -0.71202423
1464887333.88775 10.16862869 1.54161492 0.91152172 0.01433094 -0.69301476 -0.11909212 -0.71087427
1464887333.98961 10.32422565 1.56379027 0.93404346 0.03003566 -0.69621695 -0.11299310 -0.70824599
1464887334.08732 10.48290539 1.58810855 0.95956645 0.03102547 -0.69193470 -0.11996989 -0.71124610
1464887334.18735 10.64280555 1.61221129 0.98802020 0.03049187 -0.68468381 -0.11496796 -0.71906932
1464887334.28743 10.80370046 1.63827197 1.01638680 0.04844645 -0.67997816 -0.11382542 -0.72272154
1464887334.35434 10.91358205 1.65544893 1.03494965 0.03314907 -0.67126408 -0.12805180 -0.72932052
1464887334.42079 11.02258030 1.67120092 1.05085216 0.03563283 -0.66802518 -0.13199109 -0.73147181
1464887334.48749 11.13079618 1.68759629 1.06440826 0.03743409 -0.66942172 -0.13625624 -0.72931987
1464887334.55415 11.24073802 1.70461110 1.07626943 0.03196745 -0.67731651 -0.13709877 -0.72209719
1464887334.62090 11.35242850 1.72308751 1.08795667 0.03373938 -0.68207495 -0.14276051 -0.71641807
1464887334.68750 11.46605342 1.74115797 1.09980474 0.02910438 -0.68693738 -0.14427841 -0.71165561
1464887334.75424 11.57937403 1.75874543 1.11219279 0.02593475 -0.69465063 -0.13773255 -0.70556193
1464887334.82096 11.69239880 1.77715186 1.12499553 0.03649425 -0.70188685 -0.13217737 -0.69896506
1464887334.88760 11.80543796 1.79515743 1.13889119 0.02709707 -0.70202738 -0.14071818 -0.69758276
1464887334.95430 11.91803400 1.81245395 1.15194991 0.03064592 -0.70742425 -0.14179733 -0.69174076
1464887335.02099 12.03269803 1.83149383 1.16543680 0.03282046 -0.70936917 -0.15243899 -0.68737220
1464887335.08775 12.14976994 1.85076773 1.17870266 0.03479959 -0.71074334 -0.16218366 -0.68361492
1464887335.15444 12.26823524 1.86691979 1.19247455 0.02590097 -0.71017158 -0.15406588 -0.68647590
1464887335.22102 12.38389060 1.88229598 1.20501329 0.04181940 -0.71816438 -0.12749665 -0.68281451
1464887335.28775 12.50003370 1.90011952 1.21896611 0.04934111 -0.71524023 -0.12584169 -0.68568267
1464887335.35435 12.61768464 1.91904431 1.23265568 0.04144808 -0.71139019 -0.14466487 -0.68649700
1464887335.42102 12.73641561 1.93540210 1.24614184 0.03677239 -0.70747347 -0.14999149 -0.68966052
1464887335.48769 12.85468187 1.95160716 1.25770059 0.04116400 -0.70796235 -0.15454020 -0.68790418
1464887335.55466 12.97579341 1.96604859 1.26893019 0.03308508 -0.70819391 -0.15112324 -0.68886031
1464887335.62116 13.09600254 1.98227246 1.27873285 0.04539066 -0.71449007 -0.14017560 -0.68395499
1464887335.68787 13.21585022 2.00093808 1.28871512 0.03864630 -0.72015734 -0.13943311 -0.67855603
1464887335.75465 13.33602436 2.01941773 1.29936997 0.02396769 -0.72368415 -0.14209251 -0.67491964
1464887335.82139 13.45588377 2.03622558 1.30954177 0.02581777 -0.72911883 -0.13670223 -0.67009826
1464887335.88791 13.57821158 2.05315268 1.32013173 0.02845830 -0.73250097 -0.13624340 -0.66638591
1464887335.95456 13.70079047 2.07199338 1.33101406 0.03177182 -0.73380617 -0.14655733 -0.66260094
1464887336.02129 13.82313634 2.08958166 1.34366622 0.01819869 -0.73447260 -0.14732835 -0.66220327
1464887336.12132 14.00639125 2.12001521 1.36224530 0.03560224 -0.74310140 -0.14244229 -0.65287287
1464887336.22126 14.18990565 2.14980104 1.38202928 0.02970570 -0.73980223 -0.13944829 -0.65754423
1464887336.28800 14.31074833 2.16862329 1.39454573 0.02792630 -0.74332947 -0.13102421 -0.65537323
1464887336.35481 14.43181217 2.18946229 1.40568897 0.04584462 -0.75040065 -0.13486357 -0.64545252
1464887336.42148 14.55516953 2.20888963 1.41849722 0.03517292 -0.74825465 -0.14436154 -0.64655827
1464887336.48813 14.67977879 2.22744873 1.43180566 0.02822013 -0.74615670 -0.14711569 -0.64869929
1464887336.55575 14.80262512 2.24538861 1.44485199 0.03700475 -0.75309084 -0.14229865 -0.64127679
1464887336.62147 14.92726891 2.26309830 1.45896259 0.03534334 -0.75499483 -0.14706879 -0.63804736
1464887336.68814 15.05282087 2.28097368 1.47403980 0.04059445 -0.75322025 -0.14948924 -0.63926858
1464887336.75484 15.17837173 2.29759009 1.48942904 0.03207074 -0.75266060 -0.14277406 -0.64194163
1464887336.82152 15.29951663 2.31509410 1.50539840 0.03954356 -0.75280978 -0.13737943 -0.64252675
1464887336.88821 15.42274413 2.33403264 1.52288927 0.04135521 -0.74833853 -0.15702916 -0.64313376
1464887336.95493 15.54742205 2.34925801 1.54070737 0.01168673 -0.74205189 -0.17551586 -0.64685129
1464887337.02161 15.66947844 2.36235632 1.55698578 0.03614167 -0.75087560 -0.15121723 -0.64188235
1464887337.12159 15.85563959 2.38554095 1.58351755 0.03811221 -0.75259771 -0.12682618 -0.64502657
1464887337.18814 15.98050708 2.40345744 1.60106860 0.04311996 -0.75376537 -0.12218546 -0.64424309
1464887337.25666 16.10725728 2.42128201 1.61908672 0.03799655 -0.74752769 -0.13083046 -0.65010923
1464887337.32441 16.23677061 2.43722270 1.63573962 0.01848957 -0.74070492 -0.15008512 -0.65459057
1464887337.38825 16.36736502 2.45124644 1.65193315 0.02500842 -0.74195975 -0.14690814 -0.65367294
1464887337.45499 16.49780266 2.46580341 1.66920069 0.02645318 -0.74027436 -0.13962970 -0.65711311
1464887337.52184 16.62664998 2.48229167 1.68591008 0.04314265 -0.74407332 -0.12933846 -0.65403759
1464887337.58842 16.75551122 2.49864944 1.70467531 0.03466609 -0.74421670 -0.11846653 -0.65643388
1464887337.65802 16.88611272 2.51820512 1.72287967 0.05541798 -0.74610206 -0.12298089 -0.65202474
1464887337.72179 17.01847993 2.53595301 1.74329908 0.01196200 -0.73055854 -0.14810763 -0.66648726
1464887337.82460 17.20983755 2.56054835 1.76900641 0.01748757 -0.73743331 -0.14222593 -0.66004400
1464887337.92180 17.40318098 2.58323371 1.79507828 0.01588559 -0.73971323 -0.13561158 -0.65892449
1464887338.02185 17.60003528 2.60538584 1.82098833 0.00335598 -0.73640808 -0.12506504 -0.66486887
1464887338.12192 17.79425824 2.62941031 1.84500581 0.01709730 -0.74171087 -0.10609062 -0.66205547
1464887338.22191 17.99138501 2.65764884 1.86977108 -0.00184284 -0.73598536 -0.11607123 -0.66697048
1464887338.32437 18.18704745 2.68824890 1.89289602 0.00235185 -0.73519288 -0.12441026 -0.66633924
1464887338.42194 18.38205814 2.71767104 1.91717286 0.00977967 -0.73929477 -0.12342957 -0.66190085
1464887338.52207 18.57702092 2.74766583 1.94418543 0.01083024 -0.74061822 -0.11940655 -0.66114252
1464887338.58868 18.70607448 2.76653686 1.96326712 0.01413844 -0.74428986 -0.10661909 -0.65913965
1464887338.65809 18.83405233 2.78743887 1.98295070 0.03729679 -0.74641926 -0.10005404 -0.65685342
1464887338.72209 18.96434809 2.80865419 2.00401766 0.02331826 -0.73680288 -0.11836956 -0.66525666
1464887338.78873 19.09502950 2.83026625 2.02416139 0.03180897 -0.73275260 -0.13173566 -0.66686396
1464887338.85545 19.22788209 2.84805227 2.04566915 0.00694177 -0.72115433 -0.13712754 -0.67903187
1464887338.92222 19.35610466 2.86449735 2.06509268 0.04380482 -0.72672977 -0.10919507 -0.67677280
1464887339.02236 19.54962016 2.89064809 2.09528848 0.06200407 -0.72412057 -0.09677960 -0.68002839
1464887339.08893 19.68297974 2.90839850 2.11603325 0.02622789 -0.71048963 -0.11260532 -0.69414453
1464887339.18892 19.87638449 2.93559334 2.14097866 0.03052894 -0.71767775 -0.10323321 -0.68800402
1464887339.28893 20.07148720 2.96510214 2.16711856 0.03682823 -0.72073795 -0.10596433 -0.68407021
1464887339.38897 20.26523238 2.99503305 2.19703775 0.04624383 -0.72400344 -0.09713524 -0.68135547
1464887339.48899 20.46164414 3.02513867 2.22863942 0.04702471 -0.71866615 -0.09945433 -0.68659775
1464887339.58906 20.66153471 3.05441182 2.26102154 0.03990908 -0.70430201 -0.12193805 -0.69820989
1464887339.68910 20.85990001 3.07764815 2.29044327 0.03421426 -0.70432791 -0.10836726 -0.70071972
1464887339.78905 21.05697476 3.10218464 2.31998771 0.05259982 -0.70373425 -0.08920431 -0.70287549
1464887339.88914 21.25602636 3.12849226 2.35101743 0.03613150 -0.68618588 -0.10377996 -0.71907800
1464887339.98917 21.45576807 3.15587798 2.38076483 0.04054316 -0.67545765 -0.10523391 -0.72872425
1464887340.08919 21.65121764 3.18432855 2.40931574 0.06318526 -0.66701842 -0.10038404 -0.73553864
1464887340.18926 21.84099364 3.21308914 2.43627834 0.05032950 -0.66388400 -0.10824059 -0.73824721
1464887340.25585 21.96775753 3.23251983 2.45495615 0.05385207 -0.65985877 -0.10847000 -0.74156633
1464887340.32261 22.09356750 3.25217749 2.47336894 0.06726621 -0.65672610 -0.10533684 -0.74370036
1464887340.38927 22.22031826 3.27210971 2.49211098 0.05478587 -0.64587852 -0.11849246 -0.75219611
1464887340.45596 22.34448575 3.29055710 2.50852646 0.05435919 -0.64453000 -0.11678407 -0.75364955
1464887340.52266 22.46766670 3.30843841 2.52377264 0.06761438 -0.64998568 -0.10731181 -0.74928705
1464887340.58926 22.48942259 3.31150080 2.52359935 0.05726797 -0.63911942 -0.12492175 -0.75673067
1464887340.65610 22.71636780 3.34338629 2.55628920 0.04073870 -0.63951752 -0.12568325 -0.75733838
1464887340.72274 22.83825560 3.36077320 2.56923622 0.06426170 -0.65094436 -0.10708124 -0.74878267
1464887340.78929 22.96111264 3.37837263 2.58423653 0.04613524 -0.64735973 -0.11252888 -0.75241888
1464887340.85605 23.08582672 3.39597573 2.59915893 0.05016779 -0.64818809 -0.11011722 -0.75180422
1464887340.92276 23.21232689 3.41416713 2.61444413 0.04639521 -0.64549742 -0.11698094 -0.75332332
1464887340.98941 23.33820670 3.43037549 2.62984220 0.03477934 -0.64194531 -0.11333639 -0.75752985
1464887341.05612 23.46181034 3.44786507 2.64417540 0.06277023 -0.65128887 -0.09004739 -0.75084897
1464887341.12284 23.58749847 3.46894410 2.66180583 0.06488771 -0.64086308 -0.10603663 -0.75752250
1464887341.18953 23.71379526 3.48735430 2.68063581 0.02429553 -0.62236113 -0.13206179 -0.77112647
1464887341.25616 23.83437579 3.50500228 2.69466036 0.05916535 -0.63541563 -0.10030836 -0.76333785
1464887341.32323 23.95517073 3.52585635 2.71092988 0.06944502 -0.63677533 -0.09426955 -0.76210749
1464887341.38956 24.08004598 3.54852004 2.73025959 0.05436546 -0.62047607 -0.12964255 -0.77152230
1464887341.45629 24.20481320 3.56651955 2.74924779 0.03899017 -0.60698370 -0.14105198 -0.78112412
1464887341.52297 24.32522683 3.58362449 2.76481060 0.04808287 -0.61162848 -0.12591927 -0.77957872
1464887341.58985 24.44562048 3.60205132 2.78118240 0.05992094 -0.61321088 -0.11375224 -0.77938586
1464887341.65633 24.56738074 3.62126626 2.79913334 0.06196184 -0.60711035 -0.12580643 -0.78214480
1464887341.72302 24.68938979 3.63679748 2.81760270 0.04332733 -0.59749222 -0.13826176 -0.78867578
1464887341.78958 24.80891549 3.65129715 2.83321660 0.05468820 -0.60413004 -0.11713248 -0.78633077
1464887341.85632 24.92843153 3.66766465 2.85006637 0.05732125 -0.60383009 -0.10927425 -0.78750406
1464887341.92298 25.04827264 3.68489151 2.86758340 0.05006431 -0.59964205 -0.11931876 -0.78973793
1464887341.98971 25.16787077 3.70074680 2.88501434 0.04867920 -0.59520641 -0.12542543 -0.79222984
1464887342.05671 25.28740043 3.71710939 2.90124487 0.04413717 -0.59361732 -0.13426918 -0.79223871
1464887342.12304 25.40693541 3.73347625 2.91728536 0.04590074 -0.59398205 -0.13479821 -0.79177515
1464887342.18976 25.52529361 3.74966378 2.93277202 0.03593988 -0.59954958 -0.13384160 -0.78824809
1464887342.25646 25.64228183 3.76531379 2.94950276 0.03764260 -0.60422373 -0.12298991 -0.78636518
1464887342.32620 25.75946854 3.78261006 2.96808333 0.05319902 -0.60600628 -0.12023775 -0.78451841
1464887342.38980 25.87917772 3.79819999 2.98977147 0.03087248 -0.59186635 -0.14359482 -0.79254126
1464887342.45645 25.99738814 3.81073118 3.00916207 0.02868796 -0.59217342 -0.13525077 -0.79386074
1464887342.52353 26.11447443 3.82480205 3.02761144 0.04104379 -0.59704907 -0.11497665 -0.79286076
1464887342.58994 26.23231709 3.84058812 3.04816273 0.03365525 -0.59089362 -0.12085182 -0.79693594
1464887342.65926 26.34928603 3.85622563 3.06975393 0.03043826 -0.58159932 -0.12724794 -0.80288462
1464887342.72325 26.46655987 3.87208913 3.09092419 0.02692241 -0.57696537 -0.12531960 -0.80664809
1464887342.78996 26.58419187 3.88921447 3.11167544 0.03667466 -0.57223829 -0.11834357 -0.81067448
1464887342.85649 26.70195282 3.90753800 3.13253266 0.03019369 -0.56205040 -0.12856275 -0.81649208
1464887342.92327 26.81827166 3.92563359 3.15077952 0.03805422 -0.56164045 -0.12094311 -0.81760910
1464887342.99257 26.93456496 3.94388784 3.16830506 0.03556488 -0.56043668 -0.12105937 -0.81852947
1464887343.05707 27.05060681 3.96361230 3.18527255 0.05733932 -0.55883799 -0.12102016 -0.81839259
1464887343.12335 27.16807338 3.98165439 3.20329901 0.03705545 -0.54732483 -0.14256620 -0.82385515
1464887343.19015 27.28440492 3.99739758 3.21727907 0.04182106 -0.55339492 -0.13211111 -0.82131098
1464887343.25659 27.39890882 4.01305043 3.23033391 0.04837148 -0.56271177 -0.11210152 -0.81758725
1464887343.32594 27.51361309 4.03199029 3.24478836 0.05539682 -0.56502914 -0.11621167 -0.81496510
1464887343.39015 27.62987458 4.05016168 3.26086637 0.05301788 -0.56127151 -0.12813903 -0.81593124
1464887343.45688 27.74544680 4.06532266 3.27746510 0.03905901 -0.55665966 -0.13363729 -0.81899053
1464887343.52357 27.85906963 4.08036569 3.29099931 0.06196187 -0.57414468 -0.10460676 -0.80967650
1464887343.59074 27.97239878 4.09606069 3.30958309 0.04521682 -0.56717511 -0.11138070 -0.81477737
1464887343.65935 28.08566939 4.11275830 3.32842022 0.05630123 -0.56856009 -0.11087210 -0.81318938
1464887343.72355 28.19905279 4.12590951 3.35040774 0.03979298 -0.55874266 -0.11524341 -0.82033049
1464887343.79031 28.31051249 4.13847028 3.37148817 0.05139391 -0.56208385 -0.09711447 -0.81974947
1464887343.85694 28.42089427 4.15156556 3.39529873 0.05436680 -0.55505783 -0.09370895 -0.82472643
1464887343.92368 28.52992621 4.16429094 3.41992497 0.04481882 -0.54721948 -0.10291126 -0.82942835
1464887343.99299 28.63877312 4.17476127 3.44465566 0.04313018 -0.54619526 -0.09423795 -0.83122183
1464887344.09040 28.80068287 4.19189154 3.48424334 0.05429124 -0.54236272 -0.07540215 -0.83499081
1464887344.19040 28.96154721 4.21061047 3.52695622 0.04272924 -0.52695957 -0.08848877 -0.84419048
1464887344.29077 29.12005362 4.22710304 3.56922052 0.04244974 -0.52315060 -0.07405793 -0.84795454
1464887344.39085 29.27568719 4.24491276 3.61302726 0.04380716 -0.51468711 -0.07715417 -0.85277509
1464887344.49315 29.42949110 4.26089840 3.65746525 0.04478920 -0.50882936 -0.07719752 -0.85622845
1464887344.59057 29.58178522 4.27670557 3.70206780 0.04945553 -0.50534266 -0.07175461 -0.85850697
1464887344.69059 29.73323617 4.29219850 3.74853264 0.03348412 -0.49608238 -0.09026344 -0.86292155
1464887344.82658 29.93106454 4.31087260 3.81224012 0.03598074 -0.49368215 -0.07737180 -0.86544609
1464887344.95734 30.12919167 4.32884282 3.88391469 0.01938328 -0.47354023 -0.09262878 -0.87567337
1464887345.12402 30.36908397 4.35182462 3.97394372 0.01584673 -0.46960157 -0.07608547 -0.87945111
1464887345.29317 30.57375120 4.36589767 4.06739981 0.01419085 -0.44808695 -0.07952055 -0.89033319
1464887345.45746 30.84097829 4.38562457 4.17521272 0.00746875 -0.44950297 -0.05764651 -0.89138554
1464887345.59170 31.02485176 4.39539574 4.26429902 0.00558261 -0.42881264 -0.07885457 -0.89992806
1464887345.75756 31.24751514 4.40678028 4.37171904 0.00514421 -0.42532898 -0.07148514 -0.90219658
1464887345.89083 31.42624495 4.41489605 4.46237834 -0.01330366 -0.40603731 -0.10312503 -0.90792177
1464887346.02423 31.61045060 4.42226882 4.54846714 0.01654713 -0.42300127 -0.05712977 -0.90417493
1464887346.15762 31.78309813 4.43474693 4.63383379 0.01477128 -0.41621801 -0.08399225 -0.90525669
1464887346.29099 31.96501992 4.44574994 4.71664655 0.02360280 -0.41923530 -0.08451280 -0.90362728
1464887346.42438 32.14536852 4.45389113 4.79740913 0.02509686 -0.42747730 -0.09396559 -0.89877904
1464887346.55772 32.32539374 4.45687352 4.88121734 0.01995580 -0.43279765 -0.09058044 -0.89670683
1464887346.69128 32.50118389 4.45952593 4.96797476 0.02331011 -0.43525637 -0.08759762 -0.89573165
1464887346.82715 32.67469869 4.46062453 5.05756136 0.01756133 -0.42717860 -0.09694324 -0.89878365
1464887346.95790 32.84532296 4.46588548 5.14798629 0.02649945 -0.43085368 -0.09353374 -0.89717018
1464887347.05788 32.97226645 4.47064771 5.21879768 0.02202903 -0.42346930 -0.10839640 -0.89913219
1464887347.16065 33.09884168 4.47581329 5.28681266 0.03641407 -0.43311161 -0.09423928 -0.89566026
1464887347.25797 33.16966846 4.47172916 5.35565852 0.03488833 -0.42609345 -0.12239930 -0.89568163
1464887347.35799 33.35777229 4.48743884 5.42542290 0.04150821 -0.42661103 -0.14209784 -0.89223780
1464887347.45801 33.48787961 4.49084093 5.48993774 0.04560340 -0.44033874 -0.12958778 -0.88725934
1464887347.55807 33.61734755 4.49610628 5.55416214 0.04653578 -0.44707781 -0.14317438 -0.88173519
1464887347.66042 33.74734732 4.50027853 5.61599187 0.04321915 -0.45866282 -0.14355162 -0.87587297
1464887347.75831 33.87519919 4.50573518 5.67422406 0.05034431 -0.47381467 -0.13569374 -0.86864971
1464887347.85818 34.00328205 4.51324571 5.73421146 0.04504057 -0.47765673 -0.16219918 -0.86226842
1464887347.95949 34.13337494 4.51657441 5.79478337 0.04837986 -0.47971554 -0.16632247 -0.86015651
1464887348.05860 34.26443119 4.51731617 5.85349254 0.03340949 -0.48398556 -0.16246766 -0.85921245
1464887348.15825 34.39381460 4.52151949 5.90883431 0.04438015 -0.49992881 -0.14156207 -0.85326536
1464887348.25821 34.52585165 4.52755275 5.96586332 0.03554050 -0.49146089 -0.15320828 -0.85658058
1464887348.35823 34.65539382 4.53454979 6.01575206 0.03402337 -0.50144217 -0.14584942 -0.85213033
1464887348.45834 34.78578421 4.54651115 6.06595319 0.03539604 -0.49643008 -0.16207114 -0.85207819
1464887348.55832 34.91852477 4.55738282 6.11128766 0.03402387 -0.49565272 -0.17281194 -0.85047445
1464887348.66049 35.05072063 4.56816620 6.14885929 0.03099699 -0.50776311 -0.16502457 -0.84497497
1464887348.75837 35.18732476 4.58266321 6.18086883 0.03775401 -0.52049806 -0.16549721 -0.83681962
1464887348.85844 35.32473498 4.59802207 6.20721570 0.02689410 -0.52806860 -0.17424588 -0.83069768
1464887348.95845 35.46119392 4.61392374 6.22337043 0.03534926 -0.55448592 -0.15885672 -0.81612519
1464887349.05853 35.59944370 4.63300124 6.23557112 0.02877340 -0.56694192 -0.17652453 -0.80410698
1464887349.16149 35.73644982 4.64873375 6.23950133 0.02629865 -0.59306788 -0.16689036 -0.78722708
1464887349.25857 35.87004650 4.66991095 6.23874591 0.03529399 -0.62208443 -0.16067539 -0.76547287
1464887349.39189 36.00064936 4.69352027 6.23441204 0.02978957 -0.63606422 -0.17350064 -0.75128717
1464887349.52534 36.22461035 4.73934933 6.22770267 0.04764943 -0.65862985 -0.17728404 -0.72973051
1464887349.66099 36.39707447 4.77465283 6.21474624 0.04426212 -0.66774933 -0.18805515 -0.71887896
1464887349.79209 36.56406412 4.81072764 6.18979445 0.05031560 -0.68873183 -0.17944020 -0.70065542
1464887349.92544 36.72019714 4.84728710 6.15845144 0.04637040 -0.70134463 -0.19334956 -0.68453009
1464887350.05876 36.87060935 4.88538417 6.11310714 0.04446753 -0.72414365 -0.19577781 -0.65978001
1464887350.16124 36.97972526 4.91345231 6.07153709 0.05340647 -0.74178526 -0.18798776 -0.64153174
1464887350.25898 37.08545304 4.94750386 6.02161988 0.05692441 -0.75933256 -0.18829098 -0.62025816
1464887350.39229 37.21090258 4.99262149 5.94972427 0.05180390 -0.78020667 -0.20120271 -0.59000965
1464887350.49498 37.29886569 5.02655164 5.88945062 0.06194399 -0.79953993 -0.19923076 -0.56321039
1464887350.62557 37.41627407 5.08089325 5.80119317 0.06786813 -0.81312039 -0.21352925 -0.53724706
1464887350.75897 37.50921704 5.12452974 5.70983952 0.07594619 -0.83085156 -0.21380160 -0.50814047
1464887350.89238 37.60237405 5.17416424 5.61201129 0.06895531 -0.83592311 -0.23972881 -0.48888425
1464887350.99498 37.66790970 5.20775016 5.53298745 0.08164290 -0.84690772 -0.23146893 -0.47170317
1464887351.09246 37.72756621 5.24403525 5.45123706 0.09909969 -0.85529173 -0.23045743 -0.45337035
1464887351.19277 37.78162775 5.28005280 5.36745989 0.09639288 -0.86479925 -0.23262758 -0.43441349
1464887351.29251 37.83566999 5.31473986 5.27806163 0.10649594 -0.87341402 -0.22950189 -0.41609547
1464887351.42586 37.90509402 5.37069930 5.16330634 0.10283274 -0.87987301 -0.23844740 -0.39798460
1464887351.55926 37.97035807 5.41955514 5.04628592 0.11861932 -0.88087319 -0.24127685 -0.38958614
1464887351.69529 38.03998293 5.47290736 4.92800791 0.11729551 -0.88020744 -0.24914874 -0.38652495
1464887351.82598 38.10989434 5.52382831 4.81043145 0.13162110 -0.88117494 -0.24299792 -0.38361260
1464887351.92597 38.16513246 5.56160184 4.72206098 0.13127543 -0.88149201 -0.24013714 -0.38480223
1464887352.02608 38.22017125 5.60108396 4.63405898 0.13260897 -0.88106484 -0.23839113 -0.38640560
1464887352.12605 38.27728002 5.64264160 4.54458764 0.15563391 -0.87944771 -0.22641994 -0.38869502
1464887352.25950 38.35659549 5.70363410 4.42566873 0.15691676 -0.87219495 -0.23411153 -0.39980607
1464887352.39286 38.43736940 5.75865881 4.30245623 0.16635773 -0.86848326 -0.22870435 -0.40713174
1464887352.52618 38.52021156 5.80923343 4.17027729 0.15577040 -0.86909576 -0.22278723 -0.41324809
1464887352.62621 38.57807268 5.84230859 4.06294822 0.13343678 -0.87947861 -0.21325481 -0.40402276
1464887352.72630 38.62906863 5.87600115 3.95059818 0.13667679 -0.89247620 -0.19698071 -0.38210507
1464887352.85972 38.69474655 5.93264522 3.79616067 0.11070016 -0.90229068 -0.20037152 -0.36533308
1464887352.99530 38.75984064 5.99734101 3.64107578 0.09870127 -0.90736366 -0.21359176 -0.34832142
1464887353.12644 38.82939296 6.06261871 3.48311832 0.08857356 -0.90699598 -0.21807662 -0.34922143
1464887353.25981 38.89599344 6.12453477 3.32188042 0.09278721 -0.91112770 -0.20810326 -0.34340921
1464887353.42656 38.97443474 6.20723822 3.11698262 0.12279366 -0.91213342 -0.20483940 -0.33312934
1464887353.59320 39.05162973 6.29584328 2.90683675 0.11626082 -0.91017523 -0.20917969 -0.33809514
1464887353.75982 39.12130406 6.37077042 2.68806022 0.10353508 -0.91765953 -0.19216098 -0.33204764
1464887353.92831 39.18657673 6.43716789 2.46497090 0.08936251 -0.92692023 -0.17179729 -0.32143259
1464887354.09335 39.25469132 6.50498124 2.23466676 0.08722853 -0.93352192 -0.13943875 -0.31856685
1464887354.26003 39.31633834 6.58746511 1.99672360 0.07095985 -0.93931863 -0.14339946 -0.30344983
1464887354.42677 39.37323967 6.67077921 1.75431463 0.06199374 -0.94745424 -0.14046506 -0.28063641
1464887354.59348 39.42632272 6.75332141 1.51121246 0.07586502 -0.95179743 -0.13703171 -0.26372041
1464887354.79357 39.48509474 6.85755657 1.20627657 0.06423769 -0.95275394 -0.13520690 -0.26429632
1464887354.96022 39.51095502 6.94559588 0.95982060 0.08186280 -0.95604826 -0.13049463 -0.24948218
1464887355.09367 39.53363317 7.00401292 0.74631621 0.08373437 -0.95875702 -0.12968684 -0.23865217
1464887355.22754 39.54737643 7.06756506 0.53647469 0.08723228 -0.96242866 -0.11762265 -0.22866244
1464887355.32926 39.55679843 7.11760744 0.37837844 0.12461955 -0.96241031 -0.11231486 -0.21359245
1464887355.46034 39.57138163 7.18753646 0.16874657 0.13503094 -0.96009539 -0.11610027 -0.21564837
1464887355.56041 39.57900113 7.23996691 0.01469088 0.15769371 -0.95867899 -0.11080242 -0.20926088
1464887355.66047 39.59020758 7.29498774 -0.14157953 0.17102505 -0.95395507 -0.12120679 -0.21454389
1464887355.76047 39.60236680 7.34996015 -0.29984267 0.15249565 -0.95420804 -0.12440214 -0.22529138
1464887355.89390 39.62213037 7.42442714 -0.50815979 0.17366118 -0.94404811 -0.13948299 -0.24322718
1464887356.06059 39.63991251 7.51016010 -0.77100271 0.16841925 -0.94275647 -0.13437551 -0.25453569
1464887356.22731 39.65104994 7.59258214 -1.03601902 0.15339125 -0.94530938 -0.14189485 -0.25045388
1464887356.39412 39.66665554 7.67184843 -1.30982152 0.15954819 -0.94894396 -0.11987529 -0.24429421
1464887356.56075 39.68500602 7.75890193 -1.58853201 0.13320790 -0.95270616 -0.12139425 -0.24468360
1464887356.72749 39.69924076 7.84641659 -1.86591859 0.15670324 -0.95488327 -0.11565775 -0.22419929
1464887356.92750 39.72000619 7.96229811 -2.20041218 0.16831122 -0.95100513 -0.12478792 -0.22735117
1464887357.13068 39.74028898 8.06951947 -2.54275352 0.16668463 -0.95197711 -0.12325770 -0.22530726
1464887357.29443 39.75987850 8.15745033 -2.82918688 0.16778242 -0.95302680 -0.11915251 -0.22224232
1464887357.42769 39.77338785 8.23755214 -3.05660895 0.15873721 -0.95225854 -0.13807163 -0.22122929
1464887357.59463 39.78580153 8.33806882 -3.34106969 0.15894691 -0.95313459 -0.14906214 -0.20988286
1464887357.72773 39.80936435 8.41052369 -3.56977977 0.15142736 -0.95576065 -0.14646193 -0.20528087
1464887357.86115 39.82913753 8.48876570 -3.79670978 0.16750630 -0.95137027 -0.15645779 -0.20580867
1464887357.99671 39.84934792 8.56511030 -4.02671874 0.14955557 -0.95334153 -0.16393976 -0.20468713
1464887358.12784 39.86661083 8.63899298 -4.25439697 0.16382547 -0.95286263 -0.16683009 -0.19334359
1464887358.26320 39.88028421 8.71397389 -4.48186867 0.14425430 -0.95839598 -0.16971869 -0.17850323
1464887358.39451 39.89839574 8.79374749 -4.70981783 0.14000581 -0.95718457 -0.18408417 -0.17409509
1464887358.52802 39.91469841 8.86564409 -4.93455846 0.13500337 -0.95706204 -0.19140828 -0.17078994
1464887358.66133 39.92947293 8.93754263 -5.16360637 0.12673632 -0.95896207 -0.19067849 -0.16724643
1464887358.79477 39.93978601 9.00866704 -5.39198749 0.14416260 -0.95624969 -0.19640977 -0.16194717
1464887358.92814 39.94214194 9.07799154 -5.62056071 0.14332297 -0.95835695 -0.19672767 -0.14936100
1464887359.02817 39.94495842 9.12661427 -5.78446767 0.13702886 -0.96099950 -0.19605530 -0.13879975
1464887359.12819 39.94408355 9.17459009 -5.94746756 0.16370459 -0.95788608 -0.19990963 -0.12526451
1464887359.22817 39.94170128 9.22134214 -6.10680630 0.15054953 -0.96190847 -0.19330634 -0.12124186
1464887359.32824 39.93653264 9.26782569 -6.26234264 0.15611474 -0.96246891 -0.19303711 -0.10962873
1464887359.42821 39.92840423 9.31642078 -6.41660059 0.14569309 -0.96218973 -0.20631995 -0.10196331
1464887359.52827 39.91558016 9.35879432 -6.56781855 0.15247759 -0.96417285 -0.20032809 -0.08360602
1464887359.62831 39.89817525 9.40324755 -6.71438941 0.16802998 -0.96190492 -0.20677488 -0.06122915
1464887359.72839 39.87423908 9.45061581 -6.86848742 0.12670663 -0.96759940 -0.21225580 -0.05142281
1464887359.83135 39.85386336 9.48889616 -7.00123175 0.16079208 -0.96367833 -0.21229530 -0.02001707
1464887359.92841 39.82702460 9.53056786 -7.13716614 0.13885162 -0.96813747 -0.20838731 -0.00218993
1464887360.02845 39.79906751 9.56905742 -7.27073316 0.15262543 -0.96481005 -0.21336325 0.01797702
1464887360.12846 39.76783150 9.60561937 -7.40327528 0.14488238 -0.96410457 -0.22002233 0.03319109
1464887360.22908 39.73292016 9.63745258 -7.53523785 0.15190556 -0.96389670 -0.21100241 0.05749650
1464887360.33122 39.69626166 9.66958892 -7.66603154 0.15623912 -0.96150054 -0.21263406 0.07676467
1464887360.42897 39.65700866 9.69920004 -7.79685838 0.14940986 -0.96310560 -0.20491812 0.09007140
1464887360.49746 39.62838489 9.72000173 -7.88476561 0.17544741 -0.95661265 -0.20487800 0.11016099
1464887360.59525 39.58380096 9.75497503 -8.01405622 0.14777239 -0.95977351 -0.20625608 0.12023542
1464887360.69532 39.53878677 9.78571838 -8.13950140 0.15250920 -0.95757747 -0.20301685 0.13627362
1464887360.76198 39.50784688 9.80841639 -8.22156840 0.17885226 -0.94825461 -0.21217349 0.15429667
1464887360.86207 39.46125236 9.84505351 -8.34485714 0.14519647 -0.95226899 -0.21588344 0.15967494
1464887360.96202 39.41346716 9.87792938 -8.46538173 0.15818468 -0.94520709 -0.22286698 0.17858181
1464887361.06209 39.36534700 9.91069024 -8.58498925 0.16197780 -0.94023310 -0.23033727 0.19149322
1464887361.16498 39.31447637 9.94084547 -8.70692458 0.15600971 -0.93896956 -0.23256463 0.19977695
1464887361.26217 39.26684462 9.97014167 -8.82240244 0.16247354 -0.93464118 -0.23350765 0.21335977
1464887361.36205 39.21424732 9.99923394 -8.93559249 0.16142288 -0.93075373 -0.23594833 0.22796608
1464887361.46219 39.15766421 10.02638863 -9.04554584 0.15810197 -0.92602959 -0.24043819 0.24425895
1464887361.52887 39.11730129 10.04402980 -9.11672539 0.15345063 -0.92179765 -0.24204140 0.26107081
1464887361.59561 39.07562156 10.06109438 -9.18703336 0.14439220 -0.91981373 -0.24109806 0.27379795
1464887361.66482 39.03369402 10.07642358 -9.25485040 0.14805923 -0.91380042 -0.24017509 0.29216979
1464887361.72900 38.99164321 10.09095309 -9.32250437 0.14892291 -0.91004260 -0.23716727 0.30560780
1464887361.79564 38.94774581 10.10530176 -9.39044992 0.15217826 -0.90245344 -0.24323571 0.32133466
1464887361.86233 38.90507822 10.11761833 -9.45421745 0.14106388 -0.90437778 -0.23097110 0.32993053
1464887361.92902 38.86139317 10.12928055 -9.51429658 0.16482369 -0.88848585 -0.24084733 0.35414489
1464887361.99853 38.81488089 10.14275910 -9.57551832 0.15574626 -0.88630336 -0.23603260 0.36673979
1464887362.06244 38.77247615 10.15637481 -9.63235613 0.15135733 -0.88045946 -0.23725475 0.38156556
1464887362.12906 38.72643584 10.16888669 -9.68941816 0.15026740 -0.87222988 -0.24351630 0.39665421
1464887362.19569 38.67788444 10.18080680 -9.74601468 0.14406919 -0.86667819 -0.24407983 0.41053382
1464887362.26252 38.62848879 10.19125606 -9.80110633 0.14736337 -0.85885009 -0.24294746 0.42618904
1464887362.32916 38.57778241 10.20132921 -9.85467906 0.14901857 -0.84867524 -0.24479876 0.44454176
1464887362.39580 38.52429202 10.21117331 -9.90801766 0.13802448 -0.84567428 -0.23760870 0.45752198
1464887362.46254 38.46965181 10.21891871 -9.95901925 0.14499011 -0.83294340 -0.23804508 0.47803526
1464887362.52923 38.41196714 10.22673300 -10.00860043 0.14358703 -0.82334597 -0.23718843 0.49520281
1464887362.59591 38.35412358 10.23443638 -10.05711964 0.12883423 -0.81816145 -0.23162484 0.51025828
1464887362.66564 38.29617068 10.24008858 -10.10528146 0.12999043 -0.80840210 -0.23059472 0.52575147
1464887362.72921 38.23850013 10.24547501 -10.15188309 0.13167423 -0.79814781 -0.23069633 0.54074131
1464887362.79594 38.17894661 10.25051805 -10.19787722 0.13437838 -0.78830170 -0.22555511 0.55646003
1464887362.86266 38.11722468 10.25658022 -10.24361448 0.12774772 -0.77991178 -0.22529565 0.56978944
1464887362.92933 38.05203083 10.26138542 -10.28895122 0.10977561 -0.77875316 -0.21580322 0.57872429
1464887362.99820 37.98655459 10.26219330 -10.33340032 0.12033935 -0.76846209 -0.21235668 0.59151424
1464887363.06271 37.92023940 10.26310836 -10.37569974 0.13012773 -0.75481199 -0.21461313 0.60602544
1464887363.12944 37.85066560 10.26655951 -10.41726256 0.11666898 -0.75051010 -0.21468662 0.61402980
1464887363.19606 37.77963666 10.26866999 -10.45989270 0.09998458 -0.75206009 -0.20597702 0.61804707
1464887363.26279 37.70818479 10.26769494 -10.50104654 0.10972345 -0.74072555 -0.21672751 0.62635104
1464887363.33216 37.63637256 10.26535852 -10.54096981 0.12025725 -0.73246870 -0.21816708 0.63358577
1464887363.39614 37.56261287 10.26412992 -10.57952204 0.12587769 -0.72238292 -0.22433882 0.64186433
1464887363.46287 37.48451439 10.26353217 -10.61941168 0.12392649 -0.72102326 -0.22600625 0.64318649
1464887363.52951 37.40536402 10.26109894 -10.65860678 0.12841395 -0.72068578 -0.22374553 0.64347479
1464887363.59616 37.32499191 10.25756496 -10.69575754 0.13655300 -0.71455887 -0.23121750 0.64598558
1464887363.66288 37.24314792 10.25167058 -10.73124412 0.13641261 -0.71469054 -0.22227188 0.64900250
1464887363.72961 37.16121547 10.24274915 -10.76472250 0.14767795 -0.70710525 -0.22064797 0.65536850
1464887363.79627 37.07765948 10.23264248 -10.79635064 0.15052381 -0.70303703 -0.21556359 0.66076763
1464887363.89624 36.94959477 10.21590875 -10.84043137 0.15146291 -0.69660523 -0.20879432 0.66948120
1464887363.99632 36.81797481 10.19768027 -10.88041288 0.15384823 -0.69089399 -0.19796000 0.67809148
1464887364.09905 36.68433963 10.18126747 -10.91475704 0.16626553 -0.68010240 -0.19740593 0.68618321
1464887364.19632 36.54734909 10.16772467 -10.94608110 0.15969979 -0.68216660 -0.18285259 0.68971707
1464887364.29647 36.40822949 10.15354944 -10.97493440 0.16474137 -0.67573372 -0.18971547 0.69300235
1464887364.39645 36.26476362 10.13611567 -10.99994833 0.15971877 -0.67252626 -0.18957946 0.69732200
1464887364.49715 36.12231969 10.11277146 -11.02069024 0.16388521 -0.66378682 -0.18671049 0.70545580
1464887364.59644 35.98204913 10.08585791 -11.03988275 0.18043202 -0.64992098 -0.18305867 0.71521782
1464887364.69652 35.83944827 10.06151142 -11.05951166 0.19138041 -0.64417739 -0.19043999 0.71564072
1464887364.79654 35.69138058 10.03917613 -11.08044469 0.18912956 -0.65736764 -0.18837389 0.70470779
1464887364.89664 35.54358723 10.01434100 -11.09902155 0.19822140 -0.66471600 -0.18407371 0.69640347
1464887364.99913 35.39523417 9.98584420 -11.11553745 0.19893296 -0.67469442 -0.17764598 0.68822600
1464887365.13001 35.20262290 9.93911490 -11.13442848 0.21967244 -0.67793995 -0.15837187 0.68341773
1464887365.26335 35.00845820 9.89054169 -11.14784573 0.22958136 -0.68452730 -0.13139232 0.67930172
1464887365.39671 34.81292508 9.84939473 -11.16144047 0.24829175 -0.69475521 -0.11583505 0.66501777
1464887365.49916 34.66089139 9.82116121 -11.17312123 0.24239378 -0.71944400 -0.09827114 0.64341928
1464887365.63006 34.46274110 9.78308434 -11.19033399 0.24847875 -0.74838124 -0.06998189 0.61097166
1464887365.76418 34.27911489 9.74904443 -11.21857304 0.25277316 -0.77356073 -0.05673151 0.57835202
1464887365.89686 34.07089090 9.71317567 -11.22109362 0.25021107 -0.79846476 -0.04324051 0.54587426
1464887366.03014 33.87319140 9.67499625 -11.23578937 0.24359148 -0.82361249 -0.03473122 0.51099844
1464887366.16575 33.67633025 9.63344051 -11.24771008 0.24214471 -0.83828961 -0.02591014 0.48781670
1464887366.33281 33.42540192 9.58100161 -11.26081511 0.24843200 -0.84957539 -0.02640068 0.46454946
1464887366.53038 33.11819256 9.52685013 -11.27666628 0.25290658 -0.85842675 -0.03197768 0.44510585
1464887366.73111 32.80614089 9.47674542 -11.29758935 0.25194540 -0.86329705 -0.02996192 0.43628432
1464887366.96386 32.42586153 9.42259597 -11.32994391 0.26910817 -0.85938443 -0.04263231 0.43269121
1464887367.16633 32.09452350 9.37124820 -11.36508720 0.24837665 -0.87399314 -0.04356358 0.41538808
1464887367.33315 31.81867584 9.32242330 -11.38687524 0.23933327 -0.87329413 -0.03844557 0.42260962
1464887367.46407 31.59077546 9.28271074 -11.40116699 0.23557684 -0.86634468 -0.02750047 0.43953859
1464887367.59868 31.35180042 9.24945338 -11.41526547 0.21710732 -0.86013341 -0.02824855 0.46069182
1464887367.73074 31.11012261 9.21482347 -11.43348826 0.20439640 -0.85247244 -0.02364976 0.48057625
1464887367.86413 30.87452059 9.17787269 -11.45152321 0.23576323 -0.82713684 -0.02911116 0.50932592
1464887368.00014 30.63974273 9.14421975 -11.47319621 0.24102992 -0.81948580 -0.03504259 0.51876741
1464887368.13084 30.40482968 9.11441533 -11.49111444 0.23763741 -0.81149574 -0.05898108 0.53058869
1464887368.26432 30.16885714 9.07445552 -11.50915196 0.22966848 -0.81255599 -0.05904622 0.53246474
1464887368.39764 29.93710802 9.02970833 -11.52562665 0.24874380 -0.80417061 -0.05683185 0.53684848
1464887368.53099 29.69980385 8.99047997 -11.53813043 0.23890435 -0.80344460 -0.05345919 0.54271872
1464887368.63105 29.51667885 8.96297834 -11.54864484 0.22848576 -0.80325013 -0.05538295 0.54728075
1464887368.73092 29.33428112 8.93491928 -11.56148852 0.21966771 -0.80384356 -0.05041034 0.55049107
1464887368.86434 29.09557074 8.89469218 -11.58171479 0.24527265 -0.79014181 -0.05400109 0.55910744
1464887369.00041 28.85129632 8.85910056 -11.60533808 0.24389668 -0.79170363 -0.05980909 0.55690452
1464887369.13151 28.60690221 8.82214648 -11.62789921 0.23834937 -0.79322762 -0.06059903 0.55705231
1464887369.26504 28.36512607 8.78011535 -11.64787678 0.23972427 -0.78848675 -0.06382248 0.56280335
1464887369.39800 28.12830182 8.73494679 -11.66472792 0.24410911 -0.78279345 -0.04503885 0.57062831
1464887369.56466 27.82333070 8.67833644 -11.68710732 0.22605112 -0.78118282 -0.02502930 0.58140161
1464887369.73131 27.51464189 8.62698504 -11.71519978 0.22064446 -0.77949092 -0.01557331 0.58606092
1464887369.89806 27.20853732 8.57670026 -11.74798871 0.24991027 -0.76491726 -0.02740478 0.59303914
1464887370.06485 26.89235327 8.53235786 -11.78217187 0.26938708 -0.75812346 -0.04154629 0.59241314
1464887370.23149 26.57503938 8.48514340 -11.81590263 0.24766478 -0.76769776 -0.03791278 0.58980075
1464887370.39819 26.26366053 8.42569041 -11.85542842 0.26261167 -0.76118407 -0.01983381 0.59265550
1464887370.56693 25.94671578 8.37175881 -11.89775392 0.25076185 -0.76831363 0.00340233 0.58889819
1464887370.73155 25.63238257 8.31569800 -11.94508246 0.26201895 -0.76438260 0.02439201 0.58861731
1464887370.89841 25.31665884 8.26630053 -11.99755642 0.27319133 -0.76696867 0.03737040 0.57942127
1464887371.09847 24.93227658 8.20695720 -12.06768070 0.26380915 -0.78501140 0.03890929 0.55914926
1464887371.29870 24.55916827 8.13026859 -12.14419652 0.25336716 -0.80810521 0.05394028 0.52901937
1464887371.53182 24.12305599 8.05231050 -12.23689726 0.27752076 -0.80189622 0.04268878 0.52737307
1464887371.73277 23.74142293 8.00369848 -12.32632684 0.29855499 -0.79832602 0.03268486 0.52198868
1464887371.89873 23.41214065 7.97026642 -12.39800262 0.28283021 -0.80793228 0.01420060 0.51676963
1464887372.06537 23.09312956 7.93502669 -12.45017180 0.28802013 -0.79004369 -0.00019332 0.54117957
1464887372.23207 22.77231410 7.89196848 -12.51000592 0.26894007 -0.79871909 0.02755640 0.53754972
1464887372.46574 22.32569835 7.84219818 -12.61108251 0.27021567 -0.79466004 0.03887410 0.54220634
1464887372.66551 21.92341209 7.80856774 -12.69658476 0.25240560 -0.79251546 0.01634212 0.55492666
1464887372.86556 21.52876396 7.76614884 -12.78457645 0.23963907 -0.80344550 0.00857092 0.54495411
1464887373.09902 21.07392587 7.70741936 -12.87383186 0.22943619 -0.80193069 0.01055736 0.55150225
1464887373.26571 20.75014716 7.66565941 -12.93469886 0.25366181 -0.78063178 0.02121964 0.57080596
1464887373.46578 20.35578943 7.62354551 -13.01463845 0.25463909 -0.77908185 -0.00238967 0.57287407
1464887373.66826 19.95573839 7.57915602 -13.08935099 0.25104601 -0.77804929 -0.00923527 0.57578634
1464887373.86664 19.56190677 7.52721128 -13.15715300 0.24477330 -0.78341219 0.00081715 0.57127114
1464887374.03266 19.23059291 7.47976565 -13.20834260 0.23912840 -0.78718919 0.01427316 0.56828431
1464887374.19987 18.89504362 7.43608660 -13.25852772 0.23500157 -0.77927062 0.01719532 0.58070292
1464887374.36588 18.55190130 7.39199092 -13.31067873 0.21792410 -0.78255958 0.00938420 0.58311365
1464887374.53270 18.21499066 7.34430700 -13.35969140 0.23529829 -0.77119921 -0.00016684 0.59151201
1464887374.73285 17.81278150 7.28104349 -13.40528165 0.22550935 -0.77017514 0.00314800 0.59662875
1464887374.89949 17.48827743 7.22388425 -13.42838891 0.20924447 -0.77050701 0.02440921 0.60161440
1464887375.06611 17.15358562 7.17130102 -13.46560820 0.20992340 -0.75561153 0.02697620 0.61988359
1464887375.19961 16.89401796 7.13068163 -13.48290030 0.21791501 -0.73690062 0.02006580 0.63959979
1464887375.36635 16.55610042 7.08186781 -13.50540450 0.22163620 -0.73151750 0.00805600 0.64474385
1464887375.50243 16.27971461 7.04268522 -13.52062519 0.20936429 -0.73644517 -0.00504218 0.64326487
1464887375.63311 16.01012964 6.99979678 -13.52867151 0.21007023 -0.72933877 -0.01279409 0.65097755
1464887375.76652 15.74107050 6.95486149 -13.53561335 0.21508049 -0.72413741 -0.00857821 0.65520363
1464887375.89983 15.45247356 6.91199384 -13.54127783 0.21499855 -0.70891322 -0.01405453 0.67158033
1464887376.03317 15.19741124 6.87429275 -13.54650629 0.20976677 -0.70798758 -0.00856047 0.67429830
1464887376.19991 14.85747002 6.82532258 -13.55730901 0.20973702 -0.70099525 -0.03569811 0.68069206
1464887376.36654 14.51849090 6.77321863 -13.56367464 0.21217429 -0.69863462 -0.05342671 0.68120285
1464887376.50252 14.25165911 6.73142471 -13.57560536 0.21213525 -0.70832719 -0.05192895 0.67124855
1464887376.63345 13.97865026 6.68154774 -13.56614228 0.21735901 -0.70512588 -0.06678041 0.67163453
1464887376.76681 13.70446314 6.64407039 -13.56884251 0.21082284 -0.71101347 -0.06066955 0.66808142
1464887376.86679 13.49945220 6.61648686 -13.57074049 0.20189110 -0.71013289 -0.06705867 0.67115899
1464887376.96679 13.29522953 6.58751691 -13.57029139 0.19977540 -0.69987822 -0.09160354 0.67960949
1464887377.06753 13.08920792 6.55651257 -13.56714982 0.19555199 -0.69631456 -0.10444327 0.68263977
1464887377.16694 12.88531841 6.52293803 -13.56088715 0.19369894 -0.69021448 -0.11408868 0.68779973
1464887377.26697 12.69232667 6.48630222 -13.55309050 0.19038660 -0.68405235 -0.10423936 0.69639032
1464887377.33357 12.54694204 6.45627131 -13.54303522 0.20378393 -0.66367266 -0.10488400 0.71204639
1464887377.40038 12.41369441 6.42943269 -13.53460898 0.20062254 -0.65063179 -0.10543327 0.72478459
1464887377.46847 12.27838301 6.40322534 -13.52511350 0.19310029 -0.63937198 -0.11153725 0.73584998
1464887377.53362 12.14368541 6.37748761 -13.51683130 0.19562111 -0.62757307 -0.11348698 0.74498667
1464887377.60023 12.01024630 6.35451768 -13.50915528 0.20539627 -0.61065737 -0.11869932 0.75552658
1464887377.66934 11.87722929 6.33189475 -13.50202383 0.20508390 -0.59669603 -0.13411187 0.76413902
1464887377.73364 11.74228015 6.31057478 -13.49488305 0.18453339 -0.59401877 -0.13547755 0.77119062
1464887377.80043 11.60848200 6.28697339 -13.48737773 0.17898608 -0.58480813 -0.13086658 0.78028032
1464887377.86704 11.47458221 6.26263646 -13.48010242 0.17875568 -0.57595548 -0.14068994 0.78519299
1464887377.93381 11.34101229 6.23963263 -13.47125307 0.17762166 -0.56060597 -0.15495223 0.79382700
1464887378.00436 11.20721303 6.21677292 -13.46225963 0.16254541 -0.56167740 -0.14312814 0.79850599
1464887378.06714 11.07519280 6.19360252 -13.45267493 0.15677394 -0.55310465 -0.14306911 0.80562299
1464887378.13386 10.94415493 6.16994678 -13.44409933 0.15405871 -0.54170506 -0.15243423 0.81214860
1464887378.20092 10.81229118 6.14621277 -13.43513473 0.14491437 -0.53402762 -0.15555367 0.81830152
1464887378.26721 10.68019189 6.11936192 -13.42530000 0.13365217 -0.52715918 -0.14794774 0.82604586
1464887378.33671 10.54877637 6.09252315 -13.41714568 0.13081775 -0.51804238 -0.13905362 0.83377629
1464887378.40051 10.42014569 6.06721455 -13.41191478 0.13605405 -0.50375292 -0.13559111 0.84222167
1464887378.46739 10.28961264 6.04474528 -13.40807050 0.13669873 -0.48973218 -0.14048348 0.84955296
1464887378.53387 10.15760664 6.02494250 -13.40547285 0.12078694 -0.48012641 -0.14440336 0.85675949
1464887378.60264 10.02401338 6.00456427 -13.40415071 0.10913352 -0.47406299 -0.13545225 0.86313779
1464887378.67008 9.89343455 5.98548302 -13.40419327 0.10278787 -0.45847435 -0.14069307 0.87145934
1464887378.73401 9.76443123 5.96541706 -13.40567067 0.09640831 -0.44839758 -0.14106462 0.87735159
1464887378.80064 9.63505909 5.94562989 -13.40736539 0.08813424 -0.43818649 -0.13548820 0.88423295
1464887378.86746 9.50591027 5.92444567 -13.41195913 0.08764455 -0.42966140 -0.13270816 0.88887460
1464887378.93413 9.37566240 5.90530138 -13.41776533 0.08502247 -0.41210750 -0.15183283 0.89436311
1464887379.00254 9.24786925 5.88522280 -13.42563126 0.07613462 -0.40880866 -0.14733177 0.89742540
1464887379.06735 9.12026938 5.86408807 -13.43383791 0.07100950 -0.40285777 -0.14327838 0.90118509
1464887379.13410 8.99256219 5.84110564 -13.44290141 0.06160645 -0.39639350 -0.14792894 0.90398776
1464887379.20111 8.86651401 5.81694772 -13.45237951 0.05923547 -0.38942580 -0.13583325 0.90905887
1464887379.26756 8.73959016 5.79419525 -13.46399942 0.06183435 -0.38475858 -0.12197913 0.91282991
1464887379.33624 8.61206566 5.77496023 -13.47703179 0.05268496 -0.37138797 -0.12961525 0.91787535
1464887379.40137 8.48159265 5.75631712 -13.49086179 0.04421891 -0.37639149 -0.11589967 0.91811840
1464887379.46841 8.35172559 5.73786850 -13.50565227 0.04042195 -0.37255324 -0.11305358 0.92021141
1464887379.53462 8.22261218 5.71765431 -13.52306606 0.04700517 -0.37481026 -0.10786401 0.91960488
1464887379.60086 8.09435553 5.69762525 -13.54150482 0.05164742 -0.36949765 -0.10853484 0.92142510
1464887379.67044 7.96315274 5.67866481 -13.56209166 0.05640478 -0.37474743 -0.10158898 0.91981658
1464887379.73437 7.82992976 5.66045284 -13.58444877 0.06338831 -0.37738112 -0.11177134 0.91710009
1464887379.80096 7.69686048 5.64253406 -13.60778660 0.07423521 -0.38716730 -0.11847485 0.91134753
1464887379.86772 7.56558978 5.62503613 -13.63155192 0.08449410 -0.40172991 -0.11875856 0.90408530
1464887379.93443 7.43396316 5.60874716 -13.65530170 0.08757916 -0.40903302 -0.13129398 0.89876791
1464887380.00098 7.30311843 5.59112878 -13.67930772 0.08309900 -0.42758285 -0.12283129 0.89172862
1464887380.06781 7.17281169 5.57198239 -13.70459438 0.07900570 -0.43431355 -0.12480692 0.88856799
1464887380.13449 7.04299793 5.55332650 -13.73071971 0.08360092 -0.44710229 -0.11539247 0.88306002
1464887380.20100 6.91267897 5.53558045 -13.75835205 0.09418726 -0.44937607 -0.12477721 0.87955702
1464887380.26779 6.78137248 5.52059240 -13.78726821 0.09814252 -0.45466656 -0.14054901 0.87400935
1464887380.33458 6.65037226 5.50590745 -13.81560679 0.09764565 -0.45891646 -0.14776303 0.87064751
1464887380.40105 6.51928061 5.49102625 -13.84539060 0.09913899 -0.47368407 -0.13891683 0.86400056
1464887380.46785 6.38915851 5.47603466 -13.87619175 0.09796288 -0.47925690 -0.14637365 0.85982025
1464887380.53460 6.25815973 5.46079133 -13.90580793 0.08841456 -0.48335162 -0.15097271 0.85776531
1464887380.60117 6.12654904 5.44381000 -13.93528902 0.08702353 -0.49397927 -0.13837680 0.85396911
1464887380.66855 5.99830378 5.42560130 -13.96386804 0.09991239 -0.49157259 -0.13459070 0.85455207
1464887380.73468 5.86913364 5.40971995 -13.99213412 0.11158700 -0.49470821 -0.13340497 0.85147827
1464887380.80134 5.73952841 5.39589406 -14.01939900 0.10510437 -0.49630552 -0.14677641 0.84917053
1464887380.86803 5.61078331 5.38180155 -14.04423001 0.08938191 -0.50345293 -0.14046196 0.84783044
1464887380.93503 5.48398636 5.36601391 -14.06966223 0.08417183 -0.50790467 -0.12872880 0.84757114
1464887381.00141 5.35651744 5.35022301 -14.09592215 0.08319391 -0.50194748 -0.14287384 0.84894909
1464887381.06805 5.22825074 5.33383115 -14.12124991 0.08106854 -0.49833540 -0.14706952 0.85056468
1464887381.13471 5.10171852 5.31725939 -14.14624732 0.08574107 -0.49567327 -0.13626016 0.85345746
1464887381.20162 4.97582546 5.30159041 -14.17199349 0.09359730 -0.48970683 -0.13617599 0.85608578
1464887381.26812 4.84935123 5.28821051 -14.19840292 0.09497242 -0.48555374 -0.14284521 0.85721237
1464887381.33479 4.72281234 5.27511578 -14.22469482 0.09184182 -0.48565402 -0.13713865 0.85842777
1464887381.40184 4.59540912 5.26155615 -14.25288336 0.09015281 -0.48526926 -0.14261044 0.85793268
1464887381.46814 4.46790527 5.24643452 -14.28091889 0.09051006 -0.48058516 -0.14988858 0.85928996
1464887381.53483 4.34192732 5.22987720 -14.30971003 0.09719960 -0.48506234 -0.13974576 0.85775165
1464887381.60143 4.21682892 5.21487263 -14.33765992 0.10198194 -0.47294228 -0.15023626 0.86218000
1464887381.67090 4.08920022 5.20147636 -14.36526801 0.09693398 -0.47776265 -0.15266663 0.85967410
1464887381.73496 3.96304857 5.18774955 -14.39097137 0.08735168 -0.47024076 -0.15073257 0.86517224
1464887381.80149 3.83770610 5.17269916 -14.41848574 0.09352805 -0.47069068 -0.13858162 0.86631283
1464887381.86834 3.71457933 5.16005370 -14.44552958 0.08840716 -0.45023233 -0.16241705 0.87355351
1464887381.93500 3.58993240 5.14816787 -14.47309558 0.07910662 -0.45952642 -0.14330814 0.87294925
1464887382.00411 3.46634599 5.13656361 -14.50068985 0.06834614 -0.45119229 -0.14867961 0.87729624
1464887382.06839 3.34253476 5.12406171 -14.52873388 0.05781568 -0.45545477 -0.14615254 0.87627492
1464887382.13589 3.22261582 5.10964566 -14.55550100 0.05092988 -0.44778978 -0.13870149 0.88184599
1464887382.20167 3.09646524 5.09036526 -14.57226298 0.05019724 -0.44303069 -0.13527547 0.88481896
1464887382.26845 2.98246844 5.08089256 -14.61164467 0.04415327 -0.43847412 -0.14214817 0.88633223
1464887382.33703 2.86435349 5.06696447 -14.63933953 0.04102129 -0.43969083 -0.12976708 0.88777797
1464887382.40177 2.74887024 5.05299244 -14.66779251 0.04706700 -0.43226927 -0.12596944 0.89166119
1464887382.46837 2.63402819 5.04072098 -14.69650870 0.04853496 -0.42854147 -0.12905546 0.89293967
1464887382.53509 2.51932215 5.02975053 -14.72435056 0.04143283 -0.43054197 -0.13224360 0.89186802
1464887382.60267 2.40739172 5.01801917 -14.74997519 0.03470224 -0.43047949 -0.12289342 0.89352133
1464887382.67078 2.29781011 5.00499649 -14.77549732 0.03863520 -0.42990481 -0.11743044 0.89437088
1464887382.73508 2.19098184 4.99331376 -14.80010126 0.03801201 -0.41938152 -0.12655574 0.89814134
1464887382.80282 2.08553320 4.98220329 -14.82416005 0.02974479 -0.41990258 -0.11561303 0.89968366
1464887382.86867 1.98104878 4.97031318 -14.84748416 0.02618218 -0.41655755 -0.11350731 0.90161543
1464887382.93525 1.87857436 4.95783567 -14.86935891 0.02544735 -0.40413797 -0.12463805 0.90580919
1464887383.00448 1.77862001 4.94544470 -14.88954777 0.02590222 -0.39636003 -0.12148361 0.90965353
1464887383.06869 1.68117192 4.93443925 -14.90841841 0.02664716 -0.38579030 -0.11844226 0.91456394
1464887383.13542 1.58619699 4.92469292 -14.92568348 0.02404194 -0.37475073 -0.12119744 0.91885530
1464887383.20206 1.49293309 4.91532889 -14.94174285 0.01489788 -0.36886357 -0.12200867 0.92132058
1464887383.26883 1.40240380 4.90492113 -14.95707285 0.00575200 -0.36347820 -0.11504560 0.92445390
1464887383.33870 1.31360122 4.89330277 -14.97151159 0.00073583 -0.35466054 -0.11248012 0.92820450
1464887383.40205 1.22646690 4.88086018 -14.98485539 0.00285040 -0.34651068 -0.10829407 0.93176962
1464887383.46880 1.14170590 4.86943219 -14.99598531 0.00196378 -0.33302066 -0.11273191 0.93615431
1464887383.53530 1.05886677 4.85868506 -15.00463384 -0.00698327 -0.32534196 -0.10587103 0.93962501
1464887383.60209 0.97365080 4.84140984 -14.99796495 -0.00930262 -0.31358403 -0.10030913 0.94420156
1464887383.67286 0.90093207 4.83304857 -15.01685389 -0.00656000 -0.30112089 -0.10040390 0.94826274
1464887383.73597 0.82704199 4.81995334 -15.02047799 -0.00868842 -0.28540494 -0.09967680 0.95317001
1464887383.80223 0.75543512 4.80729135 -15.02269579 -0.01332513 -0.27350432 -0.08986219 0.95757121
1464887383.86891 0.68537152 4.79426132 -15.02385397 -0.01498389 -0.26004375 -0.08904888 0.96136519
1464887383.93541 0.61893075 4.78183847 -15.02381205 -0.01710942 -0.24448662 -0.08853139 0.96545106
1464887384.00228 0.55495700 4.77023795 -15.02226063 -0.02627777 -0.23206123 -0.08343404 0.96875994
1464887384.07161 0.49258357 4.75754313 -15.02013865 -0.03289366 -0.22234849 -0.07789749 0.97129354
1464887384.13558 0.43287554 4.74345798 -15.01776958 -0.02992090 -0.20609718 -0.07793961 0.97496364
1464887384.20264 0.37463435 4.73066453 -15.01416986 -0.02696872 -0.19441614 -0.08230912 0.97708764
1464887384.26901 0.31873785 4.71931287 -15.00919389 -0.03038169 -0.18407751 -0.08242981 0.97897791
1464887384.33597 0.26477723 4.70791456 -15.00283073 -0.03208319 -0.17571060 -0.07758098 0.98085557
1464887384.40237 0.21183914 4.69640393 -14.99535452 -0.03025121 -0.16597830 -0.07381023 0.98289782
1464887384.46903 0.15951213 4.68549668 -14.98606980 -0.03913190 -0.15269704 -0.07972419 0.98427454
1464887384.53563 0.10902598 4.67408142 -14.97402338 -0.05331215 -0.14024701 -0.06889403 0.98627694
1464887384.60251 0.05917363 4.66034091 -14.96229705 -0.05649140 -0.12668238 -0.05424943 0.98884645
1464887384.67176 0.00835631 4.64605252 -14.95041060 -0.05865360 -0.11064428 -0.06140799 0.99022556
1464887384.73576 -0.04277859 4.63285282 -14.93730720 -0.06066657 -0.10085383 -0.06096528 0.99117673
1464887384.80245 -0.09337766 4.61992827 -14.92342126 -0.06517260 -0.09445924 -0.05518544 0.99185914
1464887384.86914 -0.14339120 4.60661471 -14.90807147 -0.06787943 -0.08611870 -0.05166869 0.99262596
1464887384.93575 -0.19280182 4.59317092 -14.89071990 -0.07490265 -0.08092548 -0.04914154 0.99268614
1464887385.00497 -0.23979330 4.57950640 -14.87186070 -0.08359932 -0.06892612 -0.04407420 0.99313534
1464887385.06916 -0.28534060 4.56526764 -14.85097630 -0.08635477 -0.05768940 -0.03357790 0.99402581
1464887385.13640 -0.32917222 4.55123459 -14.82869357 -0.09445209 -0.04285085 -0.03125223 0.99411564
1464887385.20269 -0.37122288 4.53738489 -14.80444507 -0.10478115 -0.02897520 -0.02208044 0.99382785
1464887385.26931 -0.41165891 4.52263137 -14.77877720 -0.11244440 -0.01165051 -0.01295581 0.99350524
1464887385.33819 -0.45093770 4.50626729 -14.75213779 -0.11170576 0.00537138 -0.00608310 0.99370819
1464887385.40269 -0.48950935 4.49083487 -14.72441594 -0.11869104 0.02100656 -0.00401603 0.99270088
1464887385.46934 -0.52683606 4.47560100 -14.69504146 -0.12811286 0.03489241 0.00337734 0.99113985
1464887385.53603 -0.56324535 4.45866525 -14.66428501 -0.12773550 0.04656300 0.01337864 0.99062432
1464887385.60273 -0.59838125 4.44080753 -14.63278964 -0.12646715 0.06179864 0.00834854 0.99000873
1464887385.67217 -0.63250924 4.42415037 -14.59937322 -0.12842095 0.07337874 0.00577839 0.98898444
1464887385.73613 -0.66535884 4.40803533 -14.56448771 -0.13188828 0.08119947 0.01178871 0.98786292
1464887385.80272 -0.69686375 4.39119373 -14.52818146 -0.13193600 0.08647078 0.01524854 0.98736173
1464887385.87026 -0.72571182 4.37369579 -14.49137417 -0.13217861 0.09671448 0.02294526 0.98622951
1464887385.93660 -0.75404922 4.35439529 -14.45227396 -0.12379987 0.09628923 0.03365429 0.98705084
1464887386.00608 -0.78297766 4.32871798 -14.39530198 -0.13343964 0.10691708 0.01953932 0.98507909
1464887386.06946 -0.80075221 4.31477311 -14.37120546 -0.12965942 0.11336924 0.03379193 0.98447649
1464887386.13619 -0.82041025 4.29397735 -14.32848065 -0.12310502 0.11950929 0.05345816 0.98371993
1464887386.20290 -0.83767958 4.27231284 -14.28572810 -0.12333441 0.13814454 0.04574900 0.98163727
1464887386.26957 -0.85305867 4.25186834 -14.23979621 -0.12218600 0.15350490 0.04593566 0.97948800
1464887386.33841 -0.86654590 4.23190428 -14.19229287 -0.11753777 0.16946786 0.04771232 0.97733774
1464887386.43644 -0.88599435 4.20284521 -14.11868024 -0.11637083 0.19084799 0.02865057 0.97427615
1464887386.53647 -0.90197128 4.17522412 -14.04076626 -0.12668692 0.21072846 0.02404495 0.96900247
1464887386.63627 -0.91629016 4.14720737 -13.96364541 -0.11546036 0.23130156 0.03296870 0.96544371
1464887386.73645 -0.93388515 4.12089008 -13.88189742 -0.11803825 0.24768744 0.02211713 0.96136816
1464887386.83643 -0.95096769 4.09386683 -13.79519077 -0.10817519 0.24360575 0.03977433 0.96300175
1464887386.93653 -0.96902154 4.06056510 -13.70088157 -0.09848937 0.24393647 0.03951814 0.96396740
1464887387.00325 -0.97872328 4.04272828 -13.64957018 -0.09563152 0.24053448 0.04030403 0.96507687
1464887387.06982 -0.99059532 4.02147910 -13.58894647 -0.08497349 0.23153569 0.05061842 0.96778536
1464887387.13649 -1.00200975 4.00044795 -13.52779554 -0.07945252 0.22941287 0.04929575 0.96882762
1464887387.20322 -1.01343001 3.98052189 -13.46490462 -0.07768718 0.22686536 0.05146810 0.96945750
1464887387.26975 -1.02545808 3.96010588 -13.39875185 -0.07045143 0.21634516 0.06401113 0.97166555
1464887387.33904 -1.03830289 3.93832069 -13.33214909 -0.06941854 0.21250322 0.06169212 0.97273713
1464887387.40323 -1.05231415 3.91474089 -13.26458197 -0.06053881 0.20759118 0.06358949 0.97426759
1464887387.47189 -1.06758996 3.89036190 -13.19572923 -0.05759837 0.20325521 0.05683664 0.97577628
1464887387.53663 -1.08531679 3.86352241 -13.12009762 -0.05287590 0.19003500 0.05847482 0.97860693
1464887387.60377 -1.10344036 3.83672002 -13.05312239 -0.03427279 0.17236642 0.06521128 0.98227424
1464887387.67153 -1.12349657 3.80639163 -12.98164951 -0.01756438 0.15431924 0.06424703 0.98577349
1464887387.73669 -1.14642590 3.77436542 -12.90973094 0.00324255 0.13605130 0.05836928 0.98897551
1464887387.80334 -1.16638825 3.74393260 -12.83922634 0.01536018 0.11967022 0.04632161 0.99161354
1464887387.87002 -1.18775610 3.71417572 -12.76604461 0.03081239 0.09958469 0.04573147 0.99349993
1464887387.93676 -1.20882126 3.68601704 -12.69350800 0.05116912 0.08844054 0.04057731 0.99393836
1464887388.00611 -1.23190629 3.66082226 -12.61871639 0.06204422 0.06916488 0.03567228 0.99503478
1464887388.07004 -1.25689211 3.63632161 -12.54188861 0.06540980 0.05049672 0.02767223 0.99619571
1464887388.13682 -1.28508715 3.60749992 -12.45034529 0.06565527 0.02329026 0.02644399 0.99721997
1464887388.20351 -1.30845171 3.58701822 -12.38266128 0.06421035 0.00130930 0.02469629 0.99762990
1464887388.30348 -1.34557086 3.54525637 -12.26240742 0.07749635 -0.03007571 0.02150177 0.99630690
1464887388.40362 -1.37499152 3.50065166 -12.14324301 0.09311953 -0.05065995 0.01782765 0.99420546
1464887388.47046 -1.39225666 3.46947456 -12.06380567 0.10367702 -0.06390169 0.02491461 0.99224337
1464887388.53694 -1.40849262 3.43893922 -11.98384533 0.11823406 -0.06889659 0.02288302 0.99032840
1464887388.60363 -1.42602590 3.41061870 -11.90010017 0.11857211 -0.07630721 0.01606379 0.98987869
1464887388.67346 -1.44684380 3.38262703 -11.81055096 0.11301318 -0.09873996 0.02504739 0.98835776
1464887388.73705 -1.46638748 3.35794559 -11.72497015 0.11638830 -0.12449398 0.04480676 0.98435124
1464887388.80371 -1.48653467 3.33015702 -11.63749570 0.11639499 -0.13162670 0.03690170 0.98375042
1464887388.87039 -1.50300320 3.30228739 -11.55168478 0.12072019 -0.14627980 0.03368529 0.98127170
1464887388.93716 -1.52015924 3.27304857 -11.46340940 0.11344172 -0.14362826 0.00928486 0.98306444
1464887389.00611 -1.53811830 3.24423143 -11.37196228 0.10788792 -0.16796487 0.01903670 0.97968648
1464887389.07033 -1.55339948 3.21553050 -11.28112128 0.11283018 -0.17431725 0.01550968 0.97808093
1464887389.13716 -1.56861143 3.18736448 -11.19080171 0.11906885 -0.17885988 0.01054849 0.97658614
1464887389.20377 -1.58547408 3.16006189 -11.10007991 0.11127107 -0.18442155 -0.00664038 0.97650568
1464887389.27059 -1.60374951 3.13143595 -11.00806923 0.10493493 -0.20591868 -0.00400067 0.97291837
1464887389.33963 -1.62155620 3.10140613 -10.91643771 0.10156891 -0.22244895 -0.00993349 0.96958834
1464887389.40382 -1.63873366 3.07050331 -10.82443551 0.09678657 -0.23555505 -0.01720240 0.96687655
1464887389.47045 -1.65424827 3.03870308 -10.73225384 0.09406882 -0.24933252 -0.01824752 0.96366559
1464887389.53728 -1.66872075 3.00606560 -10.64009342 0.09542809 -0.26248675 -0.01231524 0.96012631
1464887389.60392 -1.68112217 2.97334863 -10.54851694 0.09996146 -0.26360847 -0.01481084 0.95932211
1464887389.67258 -1.69365458 2.94097255 -10.45586965 0.09756367 -0.26054142 -0.02215245 0.96026495
1464887389.73715 -1.70795314 2.90766324 -10.36196765 0.09577407 -0.27048088 -0.01322375 0.95785832
1464887389.80393 -1.72172868 2.87324213 -10.26856311 0.10518531 -0.27723427 -0.00551457 0.95501141
1464887389.87069 -1.73447614 2.83988025 -10.17606328 0.11650945 -0.27434679 -0.01094649 0.95448392
1464887389.93733 -1.74853823 2.80905576 -10.08157226 0.10942181 -0.27203678 -0.01827950 0.95587066
1464887390.00637 -1.76630237 2.77695544 -9.98564434 0.10052395 -0.28699565 -0.00903026 0.95260007
1464887390.07063 -1.78376167 2.74390652 -9.89073505 0.10844024 -0.29166996 -0.00993395 0.95030030
1464887390.13737 -1.79997442 2.71349713 -9.79800441 0.11343160 -0.28548615 -0.02712754 0.95125971
1464887390.20403 -1.81657856 2.68568261 -9.70487541 0.10123107 -0.28430724 -0.04389619 0.95236274
1464887390.27077 -1.83341858 2.65667688 -9.61099105 0.08880202 -0.28819869 -0.04986543 0.95213925
1464887390.33999 -1.84972297 2.62745086 -9.51518229 0.07833588 -0.29484337 -0.05056916 0.95098561
1464887390.40420 -1.86595006 2.59804025 -9.41766913 0.06598332 -0.30173855 -0.05360007 0.94959311
1464887390.47086 -1.88266041 2.56604740 -9.31836474 0.05582197 -0.31573854 -0.04206252 0.94626837
1464887390.53758 -1.89585398 2.53157477 -9.22087833 0.06644693 -0.31442426 -0.03254954 0.94639459
1464887390.60420 -1.90674388 2.49847735 -9.12623673 0.08038321 -0.30363632 -0.03545863 0.94872873
1464887390.67230 -1.91965497 2.46839945 -9.02948080 0.07128530 -0.29683841 -0.05169227 0.95085923
1464887390.73767 -1.93479606 2.43671992 -8.93148264 0.05753191 -0.30852611 -0.04399561 0.94845459
1464887390.80422 -1.94869507 2.40174912 -8.83379838 0.06283828 -0.30844195 -0.04390744 0.94814928
1464887390.87103 -1.96028938 2.36842954 -8.73731894 0.06635157 -0.30373022 -0.04846140 0.94920857
1464887390.93774 -1.97182551 2.33737058 -8.63978836 0.05723053 -0.29635361 -0.05848001 0.95156676
1464887391.00487 -1.98407021 2.30725113 -8.54723948 0.04669976 -0.30214028 -0.04876793 0.95086911
1464887391.07424 -1.99914532 2.26997264 -8.44370709 0.04255347 -0.31019065 -0.04439295 0.94868342
1464887391.13770 -2.01195719 2.23247071 -8.34506844 0.05342313 -0.30996921 -0.03826066 0.94847308
1464887391.20439 -2.02304021 2.19688059 -8.24716763 0.06314605 -0.30350626 -0.04378127 0.94972613
1464887391.27105 -2.03472950 2.16471074 -8.14865634 0.05580731 -0.30171706 -0.04668014 0.95061734
1464887391.33784 -2.04804729 2.13185806 -8.04859185 0.04946735 -0.30722865 -0.04491157 0.94928736
1464887391.40436 -2.06117822 2.09814263 -7.94880281 0.05172539 -0.30962489 -0.04431615 0.94841604
1464887391.47119 -2.07241764 2.06457155 -7.84913273 0.06205052 -0.30473666 -0.04458531 0.94936687
1464887391.53876 -2.08329154 2.03491112 -7.74971568 0.06475649 -0.29930265 -0.05468700 0.95038616
1464887391.60445 -2.09514987 2.00771222 -7.64868411 0.05212271 -0.29948751 -0.06430783 0.95050248
1464887391.67202 -2.10737119 1.97949821 -7.54611355 0.03453742 -0.31109377 -0.05829444 0.94796075
1464887391.73791 -2.11885238 1.94634779 -7.44380998 0.03668303 -0.31947372 -0.05292743 0.94540446
1464887391.80452 -2.12780793 1.91085867 -7.34313767 0.04816376 -0.31402725 -0.06231791 0.94614143
1464887391.87134 -2.13564529 1.87670406 -7.24394120 0.04550401 -0.31023716 -0.07120144 0.94689632
1464887391.93801 -2.14412223 1.84126928 -7.14529112 0.04615998 -0.31405929 -0.06599961 0.94598101
1464887392.00669 -2.15316322 1.80416369 -7.04653063 0.05968865 -0.31275006 -0.06306933 0.94585777
1464887392.07139 -2.16056323 1.76997476 -6.94816869 0.06687705 -0.30657710 -0.06612989 0.94718783
1464887392.13800 -2.16897270 1.73778829 -6.84653100 0.06513128 -0.30081133 -0.06566394 0.94918845
1464887392.20477 -2.17946169 1.70702115 -6.74508368 0.05318046 -0.30561563 -0.05694777 0.94896147
1464887392.27140 -2.19115987 1.67448886 -6.64368501 0.05055799 -0.30781269 -0.06336325 0.94798752
1464887392.33814 -2.20468788 1.64106704 -6.54195167 0.04334330 -0.31509460 -0.07011533 0.94547374
1464887392.40476 -2.21717301 1.60646563 -6.43825051 0.04211052 -0.31862799 -0.07022582 0.94433640
1464887392.47146 -2.22571849 1.57185770 -6.33454421 0.04737210 -0.31395744 -0.06629063 0.94593454
1464887392.53886 -2.23226144 1.53866903 -6.23196305 0.05682812 -0.30008164 -0.07005451 0.94963885
1464887392.60471 -2.24056911 1.50877672 -6.12793889 0.04714911 -0.29251014 -0.08173477 0.95159561
1464887392.67153 -2.25192797 1.47944804 -6.02273156 0.02559260 -0.30496448 -0.07737051 0.94887064
1464887392.73812 -2.26215137 1.44629565 -5.91816352 0.02554235 -0.31171509 -0.06846101 0.94736180
1464887392.80525 -2.26879632 1.41204521 -5.81595553 0.03419369 -0.30586379 -0.07402146 0.94857733
1464887392.87160 -2.27435753 1.37957526 -5.71322722 0.03725390 -0.29818963 -0.08099292 0.95033428
1464887392.93826 -2.27985088 1.34741336 -5.60959105 0.02577862 -0.29981978 -0.07121562 0.95098470
1464887393.00489 -2.28570136 1.31158521 -5.50806941 0.03175763 -0.29814654 -0.06518209 0.95176225
1464887393.07159 -2.29196269 1.27550002 -5.40658143 0.03765783 -0.29155117 -0.07261802 0.95305111
1464887393.13829 -2.29742526 1.23983662 -5.30484026 0.03830048 -0.29063347 -0.06501950 0.95385414
1464887393.20522 -2.30444018 1.20473712 -5.20181089 0.03446625 -0.29106751 -0.06126954 0.95411626
1464887393.27170 -2.31300149 1.17012139 -5.09728975 0.02931550 -0.29686132 -0.05749762 0.95273710
1464887393.33856 -2.32085556 1.13454609 -4.99202695 0.03419422 -0.30172383 -0.04685994 0.95162893
1464887393.40502 -2.32617816 1.09943038 -4.88820248 0.04236927 -0.29169615 -0.05345573 0.95407583
1464887393.47174 -2.33154917 1.06651494 -4.78444588 0.03786910 -0.28633411 -0.06397852 0.95524105
1464887393.53846 -2.33749294 1.03351973 -4.67913680 0.02631100 -0.28925721 -0.06408876 0.95474113
1464887393.60502 -2.34303263 0.99927524 -4.57444644 0.02699804 -0.29293203 -0.05897302 0.95393088
1464887393.67175 -2.34565692 0.96542855 -4.46989129 0.02778595 -0.29097130 -0.05840215 0.95454326
1464887393.73841 -2.34535411 0.93122998 -4.36518598 0.03684464 -0.28196300 -0.04991050 0.95741750
1464887393.80511 -2.34539485 0.89670624 -4.25361372 0.03233525 -0.27807673 -0.03931670 0.95920903
1464887393.87192 -2.34455171 0.86433704 -4.15490296 0.02457606 -0.28805754 -0.01175753 0.95722549
1464887393.93858 -2.34246406 0.82616101 -4.05129555 0.03772320 -0.28143737 0.00110125 0.95883719
1464887394.00512 -2.34017604 0.78779441 -3.94818288 0.05449297 -0.27358157 0.00330323 0.96029825
1464887394.07196 -2.33729877 0.75183957 -3.84446236 0.06024704 -0.26465787 0.00098091 0.96245807
1464887394.13870 -2.33329225 0.71708692 -3.74160946 0.06628938 -0.26045933 0.01262846 0.96312366
1464887394.20547 -2.32838621 0.68348515 -3.64020808 0.06589033 -0.25513367 0.01722546 0.96450431
1464887394.27193 -2.32283850 0.64865028 -3.53746354 0.07209040 -0.25450346 0.03108744 0.96387994
1464887394.34485 -2.31576026 0.61397541 -3.43513165 0.08216858 -0.24749460 0.02850414 0.96497785
1464887394.40533 -2.30797274 0.58141856 -3.33406866 0.08819462 -0.24254412 0.03052505 0.96564086
1464887394.47199 -2.29904302 0.55137458 -3.23175450 0.08654652 -0.23524477 0.02656470 0.96771066
1464887394.53873 -2.28976491 0.52315062 -3.12947275 0.07686561 -0.23466048 0.03081394 0.96854357
1464887394.60538 -2.27872505 0.49423284 -3.02935608 0.07608206 -0.23574826 0.04131961 0.96794988
1464887394.67515 -2.26391038 0.46521023 -2.93081512 0.08579221 -0.21858339 0.03748940 0.97131640
1464887394.73896 -2.24767360 0.43893157 -2.83321959 0.09209351 -0.20203571 0.03017604 0.97457158
1464887394.80550 -2.22994392 0.41734617 -2.73381465 0.07834133 -0.19244773 0.02574652 0.97783620
1464887394.87213 -2.21181776 0.39626216 -2.63685043 0.06743489 -0.19078475 0.03687085 0.97861855
1464887394.93882 -2.19133422 0.37448269 -2.53707975 0.06093805 -0.17970985 0.03353552 0.98125751
1464887395.00744 -2.16842567 0.35384582 -2.44682433 0.05548438 -0.16957210 0.02858041 0.98353950
1464887395.07230 -2.14296351 0.33360058 -2.35224112 0.04194031 -0.16397977 0.03004966 0.98511353
1464887395.13898 -2.11401329 0.31163539 -2.26084004 0.04368276 -0.15687105 0.04258676 0.98573306
1464887395.20557 -2.08304061 0.28919029 -2.17178253 0.04848330 -0.13876184 0.03309765 0.98858438
1464887395.27222 -2.05154535 0.26861642 -2.08368249 0.04611848 -0.13097488 0.02535976 0.98998765
1464887395.34520 -2.01659288 0.24943744 -1.99452663 0.04193262 -0.12467289 0.02820539 0.99091008
1464887395.40567 -1.98067709 0.23069214 -1.91108672 0.04512044 -0.11588160 0.02675233 0.99187697
1464887395.47236 -1.94239972 0.21337153 -1.82748311 0.04495947 -0.10145587 0.00998942 0.99377340
1464887395.53911 -1.90470675 0.19708529 -1.74480498 0.03257174 -0.10196034 0.00534855 0.99424070
1464887395.60631 -1.86641285 0.17827895 -1.66308015 0.02235145 -0.11043176 0.00834476 0.99359731
1464887395.67237 -1.82496805 0.15656754 -1.58454977 0.03768614 -0.09901094 -0.00388165 0.99436488
1464887395.73898 -1.78235916 0.13734169 -1.50689458 0.04502830 -0.08658867 -0.02010112 0.99502301
1464887395.80578 -1.73917411 0.12352224 -1.42942050 0.02657824 -0.08644486 -0.02900546 0.99547957
1464887395.87255 -1.69349566 0.10778307 -1.35312434 0.02264719 -0.08964337 -0.01636260 0.99558196
1464887395.93914 -1.64524070 0.09131579 -1.28041544 0.02548063 -0.07844662 -0.01890385 0.99641332
1464887396.00847 -1.59466509 0.07690844 -1.20882058 0.02545215 -0.06176247 -0.03112153 0.99728082
1464887396.07252 -1.54505885 0.06538099 -1.13635478 0.00948414 -0.06582938 -0.01743023 0.99763357
1464887396.13922 -1.49204476 0.05280987 -1.06856656 0.00502588 -0.06314681 -0.00425993 0.99798250
1464887396.20588 -1.43694485 0.03833463 -1.00367423 0.01275470 -0.04486253 -0.00265177 0.99890822
1464887396.27259 -1.38087339 0.02574782 -0.94109020 0.01560320 -0.02734812 -0.00265756 0.99950065
1464887396.34156 -1.32472806 0.01550126 -0.88082057 0.00785931 -0.01631453 0.00126141 0.99983522
1464887396.40598 -1.26979039 0.00414055 -0.82326878 0.01172231 -0.01539175 0.01634871 0.99967915
1464887396.47265 -1.21479970 -0.00894900 -0.76826617 0.01418986 -0.00325623 0.00886976 0.99985468
1464887396.53929 -1.16138801 -0.02060052 -0.71434084 0.02194256 0.00439516 0.00784714 0.99971877
1464887396.60645 -1.10694963 -0.02786319 -0.66151522 0.01658398 0.00916968 0.00867012 0.99978284
1464887396.67497 -1.05169092 -0.03258001 -0.61053254 0.00871081 0.01555389 0.01728065 0.99969174
1464887396.73917 -0.99656116 -0.03787087 -0.56224727 0.00712394 0.02525165 0.02055095 0.99944448
1464887396.84104 -0.91586169 -0.04542013 -0.49345839 0.00647346 0.03619163 0.02013326 0.99912107
1464887396.93927 -0.83771176 -0.05176112 -0.42853487 0.00325338 0.04166609 0.02225293 0.99887845
1464887397.03941 -0.76157772 -0.05733048 -0.36897438 0.00277802 0.04608137 0.02313143 0.99866597
1464887397.10608 -0.71293779 -0.05982486 -0.33126271 -0.00369542 0.04742557 0.01184967 0.99879765
1464887397.20628 -0.64205591 -0.06069247 -0.27700602 -0.01242760 0.04020969 0.01614649 0.99898350
1464887397.27287 -0.59506079 -0.06109971 -0.24320762 -0.01202922 0.04683541 0.00791182 0.99879885
1464887397.37290 -0.52805850 -0.05942517 -0.19421914 -0.02152644 0.03968282 0.01034360 0.99892687
1464887397.47290 -0.46151710 -0.05905361 -0.15030423 -0.02226181 0.03908039 0.01041854 0.99893373
1464887397.57302 -0.39538863 -0.05857125 -0.11194289 -0.02268753 0.04677086 0.00062508 0.99864777
1464887397.67635 -0.33182047 -0.05396987 -0.07468536 -0.03756391 0.04740505 -0.00342811 0.99816329
1464887397.77507 -0.26926109 -0.04816952 -0.04031602 -0.04622309 0.04639947 0.00663487 0.99783089
1464887397.87294 -0.20823592 -0.04282904 -0.01105520 -0.05130349 0.05848757 -0.00095212 0.99696853
1464887397.94055 -0.16856103 -0.03506288 0.00722806 -0.06254980 0.06612105 0.00357828 0.99584272
1464887398.03973 -0.11244364 -0.02085263 0.03226881 -0.07592181 0.06621562 0.02662362 0.99455646
1464887398.13976 -0.05938904 -0.01172001 0.05180066 -0.09249032 0.07671900 0.03145331 0.99225522
1464887398.24026 -0.00918053 -0.00973191 0.06439279 -0.09209605 0.09653016 0.03542354 0.99042689
1464887398.37317 0.04990172 -0.01282576 0.07568792 -0.08398622 0.12159519 0.02818232 0.98861857
1464887398.53969 0.10643122 -0.02760301 0.08570640 -0.06311439 0.13342080 0.03521382 0.98842068
1464887398.73996 0.14535760 -0.05192450 0.09522060 -0.02410888 0.13510789 0.04857283 0.98934590
1464887398.97336 0.13944773 -0.08640749 0.10299221 0.01939879 0.10568869 0.04272041 0.99329178
1464887399.10679 0.11091541 -0.10069328 0.10537521 0.04696328 0.07197000 0.01818701 0.99613453
1464887399.24011 0.07094072 -0.10574939 0.10434896 0.05939777 0.03014736 0.00323116 0.99777382
1464887399.34284 0.03447848 -0.10398868 0.10211912 0.06210130 -0.01476055 -0.00930749 0.99791729
1464887399.44025 -0.00433757 -0.09576939 0.09985837 0.05376613 -0.05659646 -0.03720792 0.99625379
1464887399.54022 -0.04000137 -0.07882684 0.09748366 0.03335007 -0.10680126 -0.04388823 0.99275127
1464887399.64029 -0.06662237 -0.05694553 0.09593562 0.00853082 -0.13923190 -0.05426719 0.98873494
1464887399.77345 -0.08357896 -0.02337617 0.09505186 -0.03553434 -0.15811378 -0.06345850 0.98473873
1464887399.87362 -0.08199300 0.00186354 0.09424494 -0.07592430 -0.15619103 -0.07440791 0.98198947
1464887399.97368 -0.06930334 0.02059450 0.09121212 -0.11015962 -0.13747347 -0.06482493 0.98222382
1464887400.07374 -0.04803540 0.03185280 0.08720170 -0.13021786 -0.10266228 -0.05984851 0.98433832
1464887400.20713 -0.01850037 0.03407013 0.07890410 -0.13684308 -0.06731157 -0.05616922 0.98670570
1464887400.34293 0.00797214 0.02659195 0.06004260 -0.15363768 -0.04244825 -0.05951481 0.98541950
1464887400.50955 0.03247416 0.00695503 0.02294094 -0.14036421 -0.02852232 -0.03638150 0.98902010
1464887400.67398 0.04792404 -0.01460992 -0.02011490 -0.10409078 -0.02431624 -0.02145451 0.99403900
1464887400.94064 0.06248068 -0.04099788 -0.08128800 -0.10001894 -0.05227778 0.00342177 0.99360532
1464887401.40744 0.06953745 -0.05434041 -0.13980587 -0.07839308 -0.03630216 -0.01464058 0.99615377
1464887401.57422 0.05941138 -0.04400388 -0.10181188 -0.11587089 -0.03919088 0.01046277 0.99243566
1464887401.74091 0.04819051 -0.03458340 -0.05221584 -0.14684520 -0.01950060 0.01547185 0.98884621
1464887401.94094 0.03736466 -0.02081693 0.01320002 -0.15517614 -0.01291903 0.01547644 0.98768109
1464887402.10766 0.03342854 -0.00514885 0.06618004 -0.14292888 -0.00706444 0.01353595 0.98961518
1464887402.27441 0.03383406 0.01292595 0.11147649 -0.15578422 -0.01731139 0.02633777 0.98728816
1464887402.44106 0.05187405 0.02440871 0.14513026 -0.18005563 -0.00719134 0.00844887 0.98359385
1464887402.54110 0.07488410 0.02554083 0.15659695 -0.18248696 0.02363006 0.01763935 0.98276599
1464887402.64115 0.10075782 0.02118136 0.16214098 -0.16710834 0.05846059 0.04700682 0.98308063
1464887402.74146 0.12434741 0.00909710 0.16328276 -0.14345693 0.09091050 0.07090601 0.98291797
1464887402.87471 0.14509901 -0.01771069 0.16283712 -0.10213284 0.11825253 0.08133480 0.98436267
1464887403.07513 0.14652392 -0.06464334 0.16097380 -0.05363880 0.12673404 0.07183633 0.98787697
1464887403.24133 0.12030579 -0.10598864 0.15822125 -0.02333398 0.09790365 0.06178896 0.99300177
1464887403.34348 0.09363215 -0.13095223 0.15328417 -0.01563512 0.06513977 0.04249268 0.99684840
1464887403.47477 0.05214162 -0.16242807 0.14108556 0.00589198 0.03606148 -0.00490330 0.99932018
1464887403.57484 0.01881733 -0.17966047 0.12808363 0.02505983 0.00445281 -0.03586300 0.99903254
1464887403.67752 -0.01357026 -0.19035060 0.11280415 0.04155363 -0.02852383 -0.05794877 0.99704645
1464887403.84438 -0.06141490 -0.18935163 0.08877006 0.05677679 -0.05517721 -0.09622374 0.99220606
1464887403.97501 -0.09870940 -0.17253663 0.07756389 0.05428277 -0.08654529 -0.11757006 0.98779582
1464887404.10827 -0.13314746 -0.14132395 0.07154149 0.04229602 -0.11960989 -0.12868862 0.98353635
1464887404.24159 -0.15836813 -0.09879254 0.06788191 0.01372010 -0.13191472 -0.14179387 0.98097134
1464887404.34171 -0.17485484 -0.06280119 0.06615337 -0.01322708 -0.15678604 -0.14008830 0.97755739
1464887404.47541 -0.18531997 -0.01872782 0.06204552 -0.03620737 -0.15660705 -0.15979147 0.97397636
1464887404.60841 -0.18560407 0.02083142 0.05852887 -0.06150558 -0.15521522 -0.14895720 0.97464714
1464887404.74274 -0.17589538 0.05099753 0.05764372 -0.07456231 -0.13571596 -0.13484601 0.97869208
1464887404.87562 -0.15458036 0.07477005 0.06076321 -0.09624743 -0.10965286 -0.12673018 0.98114838
1464887405.01171 -0.12514085 0.09228619 0.06597925 -0.11268857 -0.08988491 -0.09707331 0.98478361
1464887405.10869 -0.09924912 0.10122117 0.06912476 -0.11743092 -0.06755351 -0.07114736 0.98822293
1464887405.20861 -0.07095832 0.10878447 0.07238760 -0.12693933 -0.04252349 -0.03822006 0.99026127
1464887405.27530 -0.05080687 0.11253231 0.07440606 -0.13112650 -0.01639441 -0.01889544 0.99104996
1464887405.37535 -0.02157715 0.11523334 0.07578006 -0.13144344 0.01335500 0.00305746 0.99122899
1464887405.51156 0.01240242 0.11508806 0.07552630 -0.13596195 0.03990179 0.02654506 0.98955422
1464887405.70872 0.04261210 0.09555220 0.07237228 -0.12947886 0.06040623 0.06556532 0.98756645
1464887405.94214 0.04826111 0.04719659 0.06615192 -0.10570167 0.05220536 0.07329797 0.99031771
1464887406.10885 0.04247907 0.00363315 0.05671716 -0.07667806 0.04624166 0.07879830 0.99286102
1464887406.27560 0.02380913 -0.03922120 0.04429714 -0.04764890 0.05665153 0.07603986 0.99435312
1464887406.44235 -0.01369076 -0.06220837 0.03740663 -0.01671435 0.01588332 0.06248357 0.99777961
1464887406.57571 -0.05056731 -0.05533136 0.03706708 -0.01636671 -0.02087763 0.04139693 0.99879054
1464887406.67822 -0.07797735 -0.03954413 0.03883942 -0.02495815 -0.05042349 0.02783299 0.99802800
1464887406.80905 -0.10706030 -0.01346678 0.04002326 -0.04276056 -0.08231924 -0.01027020 0.99563528
1464887406.94252 -0.12254697 0.01535575 0.04018234 -0.07643700 -0.10687805 -0.05143823 0.98999423
1464887407.04290 -0.12264713 0.03801711 0.03818062 -0.11326067 -0.11089867 -0.07902360 0.98418940
1464887407.20916 -0.10477433 0.06103494 0.02672571 -0.12963295 -0.10253616 -0.09737182 0.98142772
1464887407.37591 -0.07752805 0.06381740 0.00904168 -0.12843242 -0.07719967 -0.09723625 0.98391587
1464887407.57598 -0.05164417 0.04910668 -0.01730646 -0.12667196 -0.05519954 -0.06656630 0.98816808
1464887407.87613 -0.03749317 0.01990082 -0.06668069 -0.08949055 -0.06145913 -0.04198752 0.99320253
1464887408.44296 -0.04658229 0.00287385 -0.09353856 -0.07760782 -0.11545395 -0.04070764 0.98943939
1464887408.67634 -0.04070591 0.00897574 -0.05585449 -0.09159820 -0.08189451 -0.04585839 0.99136273
1464887408.84317 -0.03572211 0.00985766 -0.01958619 -0.08153994 -0.04698768 -0.04228423 0.99466348
1464887409.04304 -0.03858159 0.01103949 0.03249442 -0.07890865 -0.04403853 -0.03489815 0.99529702
1464887409.24504 -0.04306012 0.01193674 0.08129598 -0.08708615 -0.04289389 -0.03860258 0.99452801
1464887410.04391 -0.06046077 0.01700437 0.11199670 -0.11845239 -0.06175869 -0.03704812 0.99034455
1464887410.31011 -0.05836997 0.01371212 0.06601121 -0.09600867 -0.06129717 -0.03829958 0.99275281
1464887410.47683 -0.04733463 0.01132896 0.03491558 -0.06615843 -0.03632935 -0.03513550 0.99652834
1464887410.67916 -0.02948657 0.00632297 0.00671510 -0.02928243 -0.02121223 -0.01002151 0.99929583
1464887410.97696 -0.00000000 0.00000000 -0.00000000 -0.00000000 -0.00000000 0.00000000 1.00000000
