1464104370.38768 -0.00015048 0.00027283 -0.00000193 0.00016044 0.00001438 0.00022933 0.99999996
1464104370.72115 -0.03957397 -0.09117796 0.00726169 0.00906240 -0.00280185 -0.01021235 0.99990286
1464104370.88767 -0.05893374 -0.09884516 0.00739969 0.02570460 -0.00338141 -0.01805657 0.99950078
1464104371.02151 -0.08642399 -0.10516905 -0.00614715 0.03553714 -0.01088785 -0.02271272 0.99905090
1464104371.22097 -0.12673128 -0.11252015 -0.02259211 0.05186466 -0.01783394 -0.01568534 0.99837166
1464104371.35421 -0.18819187 -0.12892512 -0.04945231 0.03114724 0.00027770 -0.01402966 0.99941630
1464104371.55417 -0.22202336 -0.11753393 -0.05457563 0.03092945 0.00074385 -0.01982090 0.99932475
1464104371.75664 -0.29047255 -0.11258492 -0.07282390 0.02114998 0.01103629 -0.01939453 0.99952725
1464104371.95416 -0.36187783 -0.10193591 -0.09379874 0.00039264 0.01538078 -0.01974761 0.99968661
1464104372.18765 -0.40446495 -0.07497842 -0.11085051 -0.00077840 0.00775762 -0.02504013 0.99965604
1464104372.38745 -0.43049040 -0.03733625 -0.12454876 0.00177068 -0.01638201 -0.02173502 0.99962797
1464104372.59009 -0.43874912 0.01169516 -0.13282611 -0.00902912 -0.03570716 -0.02950313 0.99888590
1464104372.78742 -0.46175476 0.08733483 -0.15471513 0.00102735 -0.05848184 -0.01241430 0.99821075
1464104373.05430 -0.39678789 0.09563970 -0.14245933 0.00269415 -0.09147476 -0.00509230 0.99579073
1464104373.25644 -0.35250949 0.12559842 -0.13226431 0.00549779 -0.10355286 -0.01599018 0.99448021
1464104373.42300 -0.30884958 0.14562382 -0.11847876 0.00764445 -0.11419349 -0.01858294 0.99325530
1464104373.58943 -0.26721578 0.15954930 -0.10032493 0.00786283 -0.13506557 -0.02936231 0.99037030
1464104373.72094 -0.22841778 0.16766306 -0.08510148 0.01259642 -0.15517840 -0.03270396 0.98726463
1464104373.85391 -0.18551807 0.17430045 -0.06912029 0.01404869 -0.16856640 -0.03846395 0.98483934
1464104373.98728 -0.14030541 0.18138723 -0.05300373 0.01260110 -0.17645019 -0.04009541 0.98341187
1464104374.12060 -0.10571042 0.20860509 -0.04450549 0.00940682 -0.18907716 -0.04544872 0.98086480
1464104374.28729 -0.05297001 0.19552448 -0.02436388 0.00135743 -0.20632465 -0.05418782 0.97698105
1464104374.48717 -0.00194861 0.19192858 0.00265654 0.00128651 -0.21747359 -0.05424203 0.97455702
1464104374.65384 0.04170548 0.18584191 0.03313828 0.00039722 -0.22732351 -0.06023736 0.97195438
1464104374.82047 0.08593381 0.17476404 0.06811774 -0.00184376 -0.23241487 -0.06386287 0.97051608
1464104374.92241 0.11102993 0.16582814 0.08632831 -0.00659871 -0.23481424 -0.06187832 0.97004629
1464104375.09004 0.13947518 0.14777560 0.10909488 -0.01965575 -0.22147315 -0.05754617 0.97326858
1464104375.25542 0.15628616 0.11596783 0.12162893 -0.02323150 -0.20404102 -0.04753915 0.97753137
1464104375.38715 0.16813487 0.08924793 0.13070408 -0.03504772 -0.17641730 -0.04072428 0.98284797
1464104375.55412 0.17143659 0.05317476 0.13455482 -0.04286345 -0.15520433 -0.04938539 0.98571569
1464104375.75609 0.16544493 0.01150449 0.13164355 -0.05190145 -0.13539089 -0.04022462 0.98861394
1464104375.92263 0.15668603 -0.02484671 0.11974423 -0.05155887 -0.11279953 -0.03438212 0.99168333
1464104376.08956 0.13649283 -0.06289475 0.09986122 -0.04890427 -0.09217694 -0.04208552 0.99365014
1464104376.22400 0.11740848 -0.09242895 0.07737519 -0.04426935 -0.07266547 -0.04209794 0.99548366
1464104376.35363 0.09550828 -0.12054357 0.05179134 -0.04612544 -0.06434162 -0.03685638 0.99617981
1464104376.48691 0.07054000 -0.14766722 0.02718824 -0.04207000 -0.05192470 -0.02843335 0.99735926
1464104376.62021 0.04552142 -0.17066664 0.00825956 -0.03361171 -0.03506656 -0.03411972 0.99823666
1464104376.75606 0.02299571 -0.18500701 -0.00779476 -0.02822723 -0.00030927 -0.02673467 0.99924391
1464104376.88688 -0.00841828 -0.19967839 -0.01829022 -0.02157614 0.02590565 -0.02437445 0.99913425
1464104377.02030 -0.04982508 -0.20738501 -0.02520870 -0.02081921 0.05313131 -0.01272361 0.99828940
1464104377.15362 -0.09514440 -0.20349958 -0.02952664 -0.01755349 0.07696530 -0.00284474 0.99687518
1464104377.28707 -0.14671420 -0.19072317 -0.03496896 -0.01274438 0.08850772 -0.00070783 0.99599371
1464104377.38733 -0.18524496 -0.18014008 -0.04161792 -0.00529251 0.09610226 -0.00473077 0.99534615
1464104377.52019 -0.23552388 -0.16147151 -0.05344721 -0.00490645 0.09837532 -0.00718679 0.99511134
1464104377.65395 -0.28002022 -0.14216059 -0.06692346 0.00162789 0.08913711 -0.01541238 0.99589878
1464104377.78681 -0.30828553 -0.12016462 -0.08110303 0.01010193 0.07317378 -0.00640224 0.99724749
1464104377.92264 -0.32658471 -0.09133778 -0.09248541 0.01418376 0.04853280 0.00454718 0.99871052
1464104378.08888 -0.33927768 -0.05488284 -0.10148200 0.02060910 0.00909372 0.01240367 0.99966930
1464104378.28674 -0.33380724 -0.01701916 -0.10036127 0.02780729 -0.02056852 0.01094271 0.99934176
1464104378.58962 -0.29928538 0.02095821 -0.07237169 0.02368402 -0.02437376 0.00165746 0.99942095
1464104378.82053 -0.26688766 0.03936690 -0.02395529 0.01297015 -0.02927490 0.01039009 0.99943324
1464104379.01998 -0.25318401 0.04981666 0.03299716 0.00192347 -0.03926165 0.00503260 0.99921444
1464104379.22023 -0.25837872 0.05084886 0.08907486 -0.00097587 -0.04990378 -0.00390552 0.99874592
1464104379.42216 -0.26448408 0.05204842 0.14834087 -0.00676763 -0.05038543 -0.00483200 0.99869523
1464104379.68713 -0.26937172 0.04628894 0.20566577 -0.00178581 -0.04769237 -0.00020914 0.99886045
1464104380.15325 -0.25333245 0.04583367 0.16647817 0.00325544 -0.04053873 -0.01006236 0.99912200
1464104380.31983 -0.24569443 0.04439872 0.10909294 0.00603824 -0.03761412 -0.02172713 0.99903786
1464104380.48722 -0.24219986 0.03963276 0.04412319 0.01155038 -0.04769995 -0.01180158 0.99872520
1464104380.68648 -0.24077400 0.03743545 -0.03107210 0.01595233 -0.05072444 -0.00500676 0.99857272
1464104380.92210 -0.23173110 0.03613113 -0.11649037 0.02534066 -0.05243176 0.00180085 0.99830132
1464104381.15305 -0.21935952 0.04262709 -0.19724075 0.02244969 -0.06017234 0.00155342 0.99793431
1464104381.38646 -0.19594950 0.05045733 -0.29038352 0.02199856 -0.07477118 0.00626246 0.99693837
1464104381.62206 -0.16590674 0.05512188 -0.38823715 0.02120587 -0.09302431 0.00051086 0.99543786
1464104381.92174 -0.13077786 0.06468636 -0.49653651 0.01092088 -0.10677856 0.01167235 0.99415433
1464104382.98628 -0.15297009 0.07727742 -0.36181310 0.00195472 -0.09263819 -0.00426622 0.99568878
1464104383.25595 -0.18371881 0.08545608 -0.25113694 -0.00231568 -0.07816576 -0.00287711 0.99693354
1464104383.51954 -0.21653961 0.08357787 -0.15801417 0.00133043 -0.06889294 -0.00007517 0.99762317
1464104383.81947 -0.24155904 0.08358365 -0.07844620 -0.00972110 -0.07067182 -0.00381058 0.99744497
1464104384.15288 -0.25732442 0.09064013 -0.01655026 -0.01999437 -0.08032944 -0.01304254 0.99648246
1464104384.48618 -0.26731817 0.08761198 0.03815088 -0.01864445 -0.08604403 -0.02135447 0.99588794
1464104384.92101 -0.24317264 0.07312638 0.07411073 -0.02285740 -0.09991142 -0.03147425 0.99423570
1464104385.11931 -0.21372748 0.06664265 0.08246655 -0.02511394 -0.11482448 -0.03011433 0.99261158
1464104385.31913 -0.18046675 0.05887415 0.09263885 -0.02647930 -0.13831989 -0.03357473 0.98946409
1464104385.48581 -0.14977738 0.04761946 0.10025371 -0.02546767 -0.16017556 -0.04050727 0.98592817
1464104385.65260 -0.11634781 0.03281975 0.10497763 -0.02666741 -0.17962912 -0.04367796 0.98240239
1464104385.81920 -0.08381221 0.01757979 0.10871867 -0.03182790 -0.19074751 -0.04085196 0.98027215
1464104385.95262 -0.06118371 0.00697375 0.11072206 -0.04716340 -0.18564728 -0.05146974 0.98013344
1464104386.25462 -0.03982126 -0.02482446 0.10842670 -0.06717512 -0.17933331 -0.04460837 0.98047803
1464104386.55251 -0.04429814 -0.06017225 0.09915720 -0.08194861 -0.17146664 -0.04954727 0.98052470
1464104386.81910 -0.06289136 -0.08750847 0.09148321 -0.08909861 -0.15175056 -0.06554504 0.98221029
1464104387.08830 -0.09455667 -0.11128851 0.08492485 -0.09522685 -0.12985094 -0.07255149 0.98427987
1464104387.25424 -0.11434336 -0.12901027 0.07975478 -0.09162297 -0.10217743 -0.07748465 0.98750247
1464104387.42586 -0.14312072 -0.14570671 0.07271465 -0.08110558 -0.07434155 -0.07708597 0.99093540
1464104387.58869 -0.17923507 -0.15092175 0.06395925 -0.07584616 -0.05003052 -0.08182550 0.99249629
1464104387.71895 -0.20970872 -0.14946221 0.05492549 -0.07233194 -0.03274281 -0.08000883 0.99362698
1464104387.88568 -0.24886484 -0.14756242 0.03869102 -0.05860421 -0.01204600 -0.07520740 0.99537143
1464104388.01904 -0.27841992 -0.14220203 0.02188570 -0.04016355 -0.00452745 -0.07016284 0.99671639
1464104388.18562 -0.31279416 -0.12214303 -0.00022817 -0.03108041 -0.00912104 -0.06026483 0.99765674
1464104388.38560 -0.33941696 -0.08883122 -0.02418267 -0.01426720 -0.01188971 -0.05559512 0.99828065
1464104388.55255 -0.35464761 -0.05140040 -0.03769274 -0.01211956 -0.01930301 -0.05327710 0.99831962
1464104388.71894 -0.36359212 -0.00950391 -0.04368302 -0.01870526 -0.03079754 -0.05293380 0.99794771
1464104388.92140 -0.35471091 0.03976818 -0.05209828 -0.01525645 -0.03852084 -0.04603594 0.99808020
1464104389.08835 -0.33504619 0.07534987 -0.06273025 -0.01145956 -0.03302855 -0.04148009 0.99852751
1464104389.31880 -0.30390758 0.11345841 -0.07942567 -0.00951367 -0.03317427 -0.03879060 0.99865121
1464104389.51884 -0.27129387 0.13898547 -0.09861371 -0.01059472 -0.02607510 -0.03997140 0.99880435
1464104389.78581 -0.22737190 0.16679542 -0.12193271 -0.01760557 -0.02644427 -0.04334569 0.99855490
1464104390.05207 -0.16539571 0.18194925 -0.14421916 -0.02645338 -0.02826855 -0.05426331 0.99777583
1464104390.25459 -0.10477463 0.18494581 -0.17370622 -0.03278131 -0.02382933 -0.05998346 0.99737633
1464104390.45210 -0.03871706 0.18693962 -0.20650773 -0.03678974 -0.01677254 -0.06958742 0.99675613
1464104390.61871 0.02175976 0.19068896 -0.22529686 -0.04336029 -0.00968312 -0.07764222 0.99599087
1464104390.78536 0.08460015 0.18162964 -0.23665113 -0.04253724 0.01290956 -0.07439289 0.99623774
1464104390.92141 0.13696387 0.17936605 -0.24092564 -0.04336175 0.03227197 -0.06953776 0.99611384
1464104391.01865 0.17764750 0.17982656 -0.24157490 -0.04179524 0.04851729 -0.06978345 0.99550465
1464104391.15199 0.23197116 0.18026506 -0.23631544 -0.04248633 0.07019332 -0.07352882 0.99391213
1464104391.28537 0.28641299 0.18761025 -0.22340763 -0.04722826 0.07592056 -0.07683939 0.99302632
1464104391.42062 0.34821633 0.18659249 -0.21034556 -0.04956819 0.07459597 -0.08258744 0.99255113
1464104391.55186 0.41133552 0.18547359 -0.19667204 -0.04680646 0.08009880 -0.08469752 0.99207846
1464104391.65191 0.46127476 0.17815228 -0.18882101 -0.05053451 0.08976460 -0.08853406 0.99073220
1464104391.78526 0.51801241 0.16767014 -0.17876828 -0.05147044 0.09540498 -0.08667598 0.99032114
1464104391.92096 0.57109337 0.15821979 -0.16901411 -0.05073212 0.10255591 -0.07941510 0.99025339
1464104392.05178 0.63449968 0.14513207 -0.15761678 -0.04911529 0.10787400 -0.07486815 0.99012406
1464104392.18673 0.69384017 0.13573536 -0.14521728 -0.04399236 0.11781386 -0.07377400 0.98931389
1464104392.28515 0.74778570 0.13064802 -0.13818724 -0.04215813 0.12314892 -0.07469121 0.98867500
1464104392.38514 0.80750782 0.12270432 -0.13445914 -0.04437019 0.13016959 -0.07399933 0.98773036
1464104392.48519 0.87214032 0.11397760 -0.13087772 -0.04457341 0.13439771 -0.07391781 0.98716089
1464104392.58751 0.93492737 0.10291827 -0.12685822 -0.04331271 0.13852194 -0.07852638 0.98629067
1464104392.71849 1.01606993 0.08792152 -0.12381324 -0.04204175 0.14716308 -0.08395131 0.98464598
1464104392.81825 1.07606879 0.08078425 -0.12060250 -0.04539821 0.16030491 -0.08223888 0.98258745
1464104392.95179 1.15135668 0.06814279 -0.11103412 -0.04622856 0.18012363 -0.08176544 0.97914902
1464104393.09074 1.22880936 0.06064216 -0.09522609 -0.04214911 0.20026086 -0.07098672 0.97625813
1464104393.18510 1.29425748 0.05613409 -0.08328252 -0.04372797 0.22224893 -0.06601169 0.97176938
1464104393.28815 1.36183459 0.05098970 -0.06771312 -0.03840359 0.24291226 -0.05745148 0.96758365
1464104393.38495 1.43856845 0.04350639 -0.05021434 -0.02824712 0.26509068 -0.04925537 0.96255023
1464104393.48500 1.51546608 0.02795992 -0.02822838 -0.01870641 0.28983305 -0.04676677 0.95575088
1464104393.58798 1.59049516 0.00944279 -0.01063039 -0.01536329 0.31065089 -0.05034570 0.94906549
1464104393.71917 1.68446989 -0.00941366 0.00097179 -0.00891069 0.33912844 -0.05103394 0.93931254
1464104393.85144 1.77942220 -0.02073332 0.01474370 -0.01234017 0.37202812 -0.03933828 0.92730540
1464104394.01911 1.88380495 -0.02724964 0.02565366 -0.01445455 0.40479215 -0.01316196 0.91419973
1464104394.21839 2.02741979 -0.03091578 0.03453274 -0.02394659 0.43466198 -0.00584895 0.90025625
1464104394.45165 2.20999817 -0.05981453 0.05665108 -0.02329874 0.45661181 -0.00845282 0.88932074
1464104395.05148 2.57706833 -0.10700252 0.14581238 -0.04302662 0.48140094 0.01003048 0.87538634
1464104395.55143 2.93592121 -0.16547012 0.26451118 -0.03735560 0.50139086 0.01988439 0.86418538
1464104396.01977 3.24408969 -0.19414673 0.37235174 -0.03949829 0.51499015 0.00156191 0.85628417
1464104396.48465 3.64401587 -0.28478610 0.48736853 -0.03310522 0.52759721 -0.02137430 0.84858020
1464104396.75372 3.85024514 -0.30379152 0.57200955 -0.01985387 0.55061823 -0.02637200 0.83410425
1464104397.18460 4.20662191 -0.38439980 0.69324856 -0.01872522 0.56806772 -0.02959314 0.82223639
1464104397.45127 4.43586964 -0.40971462 0.73792175 -0.00654302 0.57220131 -0.03900766 0.81915887
1464104397.71792 4.66032376 -0.46495394 0.78933321 -0.00789257 0.55724622 -0.03773334 0.82945196
1464104398.01785 4.93809050 -0.48705948 0.85039816 -0.00748180 0.56241865 -0.03980088 0.82586026
1464104398.35116 5.26430830 -0.54922892 0.92770397 -0.00857083 0.58095276 -0.04540584 0.81262460
1464104398.68441 5.55614956 -0.57892109 0.98216385 -0.00494622 0.57415595 -0.04151524 0.81767779
1464104398.85108 5.72118763 -0.59741453 1.00021676 -0.01021915 0.57211931 -0.04296637 0.81898044
1464104399.08773 5.94656382 -0.64388757 1.04560729 -0.02443985 0.55772539 -0.03796973 0.82879635
1464104399.28432 6.13950418 -0.66583662 1.07926165 -0.02263807 0.56056711 -0.04835586 0.82638595
1464104399.45109 6.30583806 -0.68265766 1.11098710 -0.01758980 0.56972805 -0.05659036 0.81969390
1464104399.65100 6.49737128 -0.72497600 1.14954816 -0.02217826 0.57881407 -0.05079823 0.81357356
1464104399.88414 6.70562899 -0.75971607 1.19106504 -0.01794187 0.57796446 -0.04983794 0.81434106
1464104400.08598 6.90770757 -0.77524283 1.22165401 -0.01561347 0.57764503 -0.05971902 0.81395090
1464104400.25366 7.06622032 -0.80594859 1.25069847 -0.02349402 0.56694830 -0.06146117 0.82112130
1464104400.45099 7.24502652 -0.84141518 1.30380083 -0.03017906 0.54930597 -0.05529210 0.83324364
1464104400.61749 7.40343644 -0.84949618 1.35168769 -0.02791662 0.55080877 -0.05662263 0.83224050
1464104400.78421 7.56683750 -0.86610020 1.40220929 -0.02993934 0.55642566 -0.06175253 0.82805842
1464104400.95085 7.72030237 -0.90538602 1.45140847 -0.03125076 0.55589956 -0.05756131 0.82866505
1464104401.11756 7.87316731 -0.93903894 1.49250607 -0.02150450 0.55840439 -0.05164145 0.82768065
1464104401.28415 8.03286207 -0.94809969 1.52517828 -0.01304461 0.55661403 -0.05754477 0.82867319
1464104401.58665 8.32755638 -1.00059244 1.59322607 -0.01970094 0.53251903 -0.06369528 0.84378805
1464104401.65075 8.37923688 -1.01471899 1.61902900 -0.02305055 0.52135913 -0.06014958 0.85090267
1464104401.98405 8.69550479 -1.03502487 1.70792637 -0.03332779 0.52321182 -0.06294270 0.84922133
1464104402.35193 9.03259270 -1.09841112 1.80301224 -0.03872165 0.53348980 -0.05526408 0.84311040
1464104402.65074 9.30610995 -1.12673066 1.87194341 -0.03075474 0.51989313 -0.06972398 0.85082539
1464104402.88391 9.51055493 -1.17945125 1.92663921 -0.03132113 0.49467408 -0.07335428 0.86541071
1464104403.18398 9.76330659 -1.21145685 2.01066813 -0.03262564 0.47522793 -0.07249679 0.87626377
1464104403.45053 10.00376490 -1.23975988 2.09259511 -0.04207878 0.47232760 -0.08371107 0.87642939
1464104403.71718 10.21114872 -1.28837232 2.15727992 -0.03901472 0.45730175 -0.07615764 0.88518528
1464104403.91934 10.36155472 -1.29822775 2.20731596 -0.03716355 0.42926175 -0.08161094 0.89871735
1464104404.15051 10.53366979 -1.33403707 2.25776883 -0.03416643 0.40160532 -0.08698300 0.91103226
1464104404.35047 10.65300729 -1.36680611 2.31366111 -0.03949360 0.36099656 -0.08497137 0.92784784
1464104404.61805 10.81214634 -1.36312856 2.40137210 -0.04211228 0.33120542 -0.08457375 0.93881670
1464104404.88373 10.97500111 -1.39560767 2.49543308 -0.04770385 0.31272691 -0.09542437 0.94383283
1464104405.18401 11.11173080 -1.44511412 2.57318105 -0.04174204 0.28969175 -0.09140253 0.95183080
1464104405.41984 11.21229963 -1.45060446 2.62194769 -0.04564144 0.25461080 -0.09070579 0.96169780
1464104405.61683 11.30829651 -1.47042472 2.65909932 -0.04633023 0.21866950 -0.09105454 0.97043610
1464104405.85084 11.41125652 -1.50874766 2.69506333 -0.03864464 0.18937177 -0.09179539 0.97684110
1464104406.15137 11.52558422 -1.51890290 2.75652665 -0.04304079 0.15780710 -0.08878799 0.98252791
1464104406.41926 11.63533032 -1.51739483 2.83675701 -0.04219886 0.13255701 -0.10123971 0.98508802
1464104406.65012 11.73548956 -1.54267276 2.90832930 -0.04272954 0.11755452 -0.11156587 0.98585404
1464104406.91961 11.82046065 -1.56712065 2.97499998 -0.04121358 0.08813949 -0.10667897 0.98952133
1464104407.11665 11.88733245 -1.56593559 3.02626112 -0.04549249 0.05441540 -0.10524530 0.99191372
1464104407.31678 11.96032533 -1.57467181 3.07424326 -0.04648214 0.02082532 -0.10945618 0.99268578
1464104407.51676 12.01970420 -1.59416028 3.10836337 -0.05054834 -0.01872839 -0.11189814 0.99225648
1464104407.75449 12.06923122 -1.60418647 3.14949204 -0.05603690 -0.05027102 -0.10357682 0.99176839
1464104408.04999 12.12182779 -1.59575758 3.23319466 -0.06342234 -0.07433039 -0.09706064 0.99047051
1464104408.24999 12.15611354 -1.59332611 3.31937140 -0.05421597 -0.08956789 -0.10517512 0.98892690
1464104408.41896 12.18127341 -1.59946678 3.40231580 -0.05372987 -0.10434932 -0.11742197 0.98612190
1464104408.61664 12.20341860 -1.61173958 3.49027067 -0.05410340 -0.11806460 -0.11590149 0.98473368
1464104408.81666 12.21811220 -1.61244947 3.57051919 -0.05920294 -0.13355427 -0.11221697 0.98288637
1464104408.98330 12.22924120 -1.60593603 3.64531004 -0.06460408 -0.14806780 -0.10983175 0.98073402
1464104409.11661 12.23460962 -1.60324377 3.71396669 -0.06404158 -0.16219121 -0.10639714 0.97891386
1464104409.21649 12.23662128 -1.60498870 3.76903617 -0.06164426 -0.17534115 -0.10432926 0.97702143
1464104409.31659 12.23538167 -1.60920654 3.82343414 -0.06429096 -0.18897683 -0.10526594 0.97420404
1464104409.41877 12.23131068 -1.61621522 3.87215103 -0.06326576 -0.20546372 -0.10635449 0.97080937
1464104409.51653 12.22539735 -1.62040120 3.91789766 -0.06378946 -0.22003319 -0.10572443 0.96764593
1464104409.64985 12.21568381 -1.61973429 3.97764443 -0.06605638 -0.23102425 -0.10333109 0.96518757
1464104409.78314 12.19961870 -1.61263663 4.03681200 -0.06833427 -0.23991893 -0.09985871 0.96322250
1464104409.98606 12.16059211 -1.59431295 4.13504684 -0.07091030 -0.24964406 -0.09646066 0.96090838
1464104410.08321 12.13394900 -1.59048422 4.18963673 -0.06783871 -0.25244479 -0.09894141 0.96014589
1464104410.18610 12.10647232 -1.59097087 4.24662876 -0.06465134 -0.25205797 -0.10123167 0.96022869
1464104410.25292 12.08956069 -1.59318877 4.27977446 -0.06099269 -0.25318806 -0.10140247 0.96015272
1464104410.35161 12.06733768 -1.59457073 4.32671224 -0.05861818 -0.25338473 -0.10328763 0.96004779
1464104410.45172 12.04792176 -1.59108821 4.37034131 -0.06362249 -0.25704799 -0.10694058 0.95835391
1464104410.58301 12.02424616 -1.58310022 4.42784386 -0.06324052 -0.25977331 -0.10863039 0.95745387
1464104410.74965 11.99977646 -1.56563258 4.50708072 -0.06781544 -0.26911787 -0.10940688 0.95446675
1464104410.88304 11.98483404 -1.55811441 4.58595478 -0.06667201 -0.27621964 -0.10850307 0.95261988
1464104410.98296 11.96681394 -1.55586317 4.64493805 -0.06267588 -0.28380616 -0.10699412 0.95083019
1464104411.08291 11.95514166 -1.55532637 4.70639180 -0.06606871 -0.28947850 -0.10766371 0.94881276
1464104411.18534 11.94465255 -1.55545979 4.76155591 -0.06833247 -0.29760008 -0.11078220 0.94577596
1464104411.28297 11.93237469 -1.55456113 4.81066414 -0.07498652 -0.31056752 -0.11055666 0.94111745
1464104411.41683 11.91732638 -1.55213906 4.86903156 -0.07829084 -0.32303446 -0.11508983 0.93609488
1464104411.54961 11.90084309 -1.53641657 4.92858708 -0.08803769 -0.33868997 -0.12188736 0.92880673
1464104411.65010 11.88863667 -1.52200620 4.97978818 -0.09201208 -0.35085307 -0.12689164 0.92321959
1464104411.74963 11.86965696 -1.51188827 5.02956916 -0.08983478 -0.36062352 -0.12835734 0.91945896
1464104411.81618 11.85834858 -1.50869246 5.06847947 -0.08334805 -0.36430644 -0.12964060 0.91843739
1464104411.88291 11.84604286 -1.50670483 5.10788304 -0.08104443 -0.37145281 -0.13282738 0.91532044
1464104411.98289 11.83013285 -1.50646856 5.16533703 -0.08254572 -0.37789690 -0.13729451 0.91188286
1464104412.08291 11.81481361 -1.50765021 5.22505491 -0.07870628 -0.38039584 -0.13362150 0.91172892
1464104412.44952 11.76962648 -1.49007242 5.41063201 -0.08279135 -0.41277944 -0.12659721 0.89818254
1464104412.61617 11.73199117 -1.47859847 5.47644836 -0.08021540 -0.46080340 -0.12645643 0.87477682
1464104412.78266 11.68531336 -1.47866885 5.52575055 -0.08401872 -0.50611239 -0.12539142 0.84915728
1464104412.98326 11.62918391 -1.47620711 5.55535834 -0.08892878 -0.55135469 -0.12527107 0.82000417
1464104413.24935 11.54271743 -1.45079016 5.56352825 -0.10440644 -0.59550229 -0.12212029 0.78712321
1464104413.54936 11.40525078 -1.42274237 5.55450212 -0.11072417 -0.61940372 -0.13201270 0.76593201
1464104413.85219 11.25200071 -1.40015968 5.51458668 -0.13226806 -0.63826130 -0.12050661 0.74873615
1464104414.11630 11.12429885 -1.36379652 5.49466045 -0.14223329 -0.65826337 -0.12219501 0.72905926
1464104414.21587 11.05859993 -1.34796079 5.47724852 -0.14553527 -0.67191419 -0.12056845 0.71611037
1464104414.31606 11.00161913 -1.33544037 5.47234466 -0.15081602 -0.68697459 -0.11819565 0.70096379
1464104414.38259 10.95794990 -1.32886082 5.46319768 -0.16127321 -0.69395327 -0.12304432 0.69085448
1464104414.44928 10.91338331 -1.32522832 5.44677472 -0.16863021 -0.70811210 -0.11761583 0.67550546
1464104414.54930 10.85055611 -1.32344645 5.42489914 -0.17676290 -0.72405981 -0.10993812 0.65757576
1464104414.71592 10.75158551 -1.31680545 5.39308841 -0.17850407 -0.74608011 -0.10474349 0.63287405
1464104414.91595 10.62021445 -1.27565885 5.36362644 -0.17690995 -0.75296915 -0.11517427 0.62327780
1464104415.08257 10.46327809 -1.23994397 5.32759596 -0.15990526 -0.74837542 -0.12179457 0.63208435
1464104415.28262 10.30756408 -1.23325009 5.31821376 -0.13222840 -0.74028905 -0.12414383 0.64736086
1464104415.48257 10.14459330 -1.22301193 5.30519004 -0.12538842 -0.73204161 -0.12167007 0.65847492
1464104415.68532 9.97342126 -1.17934589 5.29675135 -0.11801117 -0.73291645 -0.12483894 0.65827204
1464104415.91574 9.74770450 -1.16146522 5.28603521 -0.10895642 -0.73906883 -0.10953752 0.65567316
1464104416.14909 9.53514830 -1.15066388 5.26499779 -0.11006756 -0.75320575 -0.10078665 0.64063115
1464104416.38251 9.31685482 -1.09565904 5.24775489 -0.10700394 -0.75699887 -0.10519253 0.63595393
1464104416.54907 9.14313399 -1.07098693 5.23101044 -0.09913483 -0.75079654 -0.10609604 0.64437604
1464104416.71569 8.98295380 -1.06085885 5.21301990 -0.10112580 -0.75164251 -0.10448651 0.64334259
1464104416.85096 8.85393488 -1.03493932 5.19288140 -0.10506634 -0.76114342 -0.10047945 0.63208040
1464104416.98236 8.71375889 -0.99588669 5.17508913 -0.10357130 -0.76421249 -0.10177267 0.62840638
1464104417.14894 8.49634940 -0.96778767 5.14040759 -0.10319718 -0.77070675 -0.09254780 0.62192954
1464104417.31553 8.33495316 -0.96758657 5.11887794 -0.10358327 -0.78765155 -0.09573366 0.59975879
1464104417.48297 8.14831971 -0.94236843 5.08450481 -0.09435786 -0.79610175 -0.09547354 0.59008762
1464104417.61554 7.99171433 -0.90747626 5.05844112 -0.08265244 -0.79061402 -0.08708256 0.60042874
1464104417.74885 7.83091722 -0.88454119 5.02973875 -0.07349666 -0.78727272 -0.09012093 0.60553953
1464104417.98224 7.56262733 -0.85871370 4.98173497 -0.08842580 -0.78106233 -0.09459307 0.61088023
1464104418.21549 7.30073902 -0.80205319 4.94486476 -0.08151928 -0.77827840 -0.08308811 0.61703622
1464104418.41550 7.06608871 -0.77626527 4.90933001 -0.08064358 -0.78067452 -0.08071074 0.61443444
1464104418.61527 6.82640585 -0.75062611 4.86557535 -0.08630928 -0.78627195 -0.08713945 0.60558554
1464104418.81546 6.60956346 -0.70692629 4.83497359 -0.07377118 -0.78290734 -0.07395985 0.61330568
1464104419.01544 6.37070242 -0.67557188 4.80505632 -0.07140127 -0.77749507 -0.07785956 0.61995255
1464104419.21536 6.13374120 -0.65250870 4.78923103 -0.08066373 -0.77485943 -0.07705319 0.62221301
1464104419.41821 5.89851512 -0.60970145 4.79017473 -0.06659445 -0.77642182 -0.06190725 0.62361994
1464104419.58207 5.70323135 -0.58905341 4.78674491 -0.06251202 -0.78758316 -0.06735239 0.60931820
1464104419.81526 5.41254838 -0.55242851 4.76028742 -0.06641657 -0.79911138 -0.07541074 0.59272511
1464104420.04885 5.15979565 -0.49226731 4.75444344 -0.05200482 -0.79205198 -0.06731986 0.60449748
1464104420.24857 4.91488191 -0.46635560 4.73641318 -0.06162247 -0.78810717 -0.07649102 0.60765029
1464104420.51815 4.59434291 -0.41090118 4.72026550 -0.06483412 -0.78846324 -0.06457519 0.60823705
1464104420.74849 4.32024427 -0.37148361 4.69923034 -0.05196349 -0.80319978 -0.06381355 0.58999808
1464104420.98501 4.05877610 -0.32715275 4.65735043 -0.06126941 -0.81731422 -0.07926666 0.56741548
1464104421.24851 3.73346703 -0.25107213 4.59574841 -0.04761918 -0.81222218 -0.08315244 0.57542438
1464104421.48178 3.45094124 -0.22864128 4.54298595 -0.06001377 -0.80117263 -0.09078959 0.58845392
1464104421.68434 3.21226189 -0.17890720 4.49876077 -0.05212340 -0.80051103 -0.07765720 0.59197516
1464104421.84846 3.00846129 -0.15267444 4.45393612 -0.04860773 -0.81114799 -0.07049778 0.57853806
1464104421.98172 2.83142221 -0.14538713 4.40462430 -0.05413024 -0.82001436 -0.07310509 0.56506815
1464104422.25124 2.53545982 -0.09131653 4.34882102 -0.04467887 -0.82558756 -0.07252949 0.55780682
1464104422.48165 2.24222138 -0.04537533 4.30172457 -0.03881873 -0.81564014 -0.07915605 0.57180293
1464104422.71501 1.96783453 -0.00552972 4.26561733 -0.06046407 -0.81530663 -0.08752657 0.56917335
1464104423.01735 1.60752123 0.06759125 4.23102711 -0.06091571 -0.82003057 -0.08018823 0.56339062
1464104423.24914 1.33636278 0.09112057 4.19463487 -0.06762199 -0.83871285 -0.09011791 0.53279149
1464104423.51802 1.02382878 0.15336079 4.14729901 -0.04101490 -0.83961529 -0.07637577 0.53621888
1464104423.74819 0.75817386 0.19088827 4.10447328 -0.06262328 -0.84674002 -0.09395194 0.51988719
1464104424.01987 0.44177339 0.25772550 4.03359269 -0.06241385 -0.86281855 -0.08026123 0.49518359
1464104424.21614 0.23531809 0.28343869 4.00047778 -0.05920635 -0.88070037 -0.08215267 0.46272282
1464104424.38143 0.06648007 0.29254958 3.94651546 -0.05553745 -0.90054903 -0.08337933 0.42305429
1464104424.61482 -0.17729136 0.34648454 3.84433964 -0.04489199 -0.91338931 -0.07080630 0.39836057
1464104424.84812 -0.39557057 0.37741721 3.75564292 -0.04481518 -0.92149500 -0.07925416 0.37756768
1464104425.04809 -0.57668486 0.39185960 3.66514142 -0.05644412 -0.93258091 -0.07888648 0.34768353
1464104425.24791 -0.75742085 0.42845544 3.57631136 -0.05091942 -0.94342358 -0.06879289 0.32035401
1464104425.44820 -0.93403260 0.43790957 3.48426998 -0.04356990 -0.95564563 -0.06218371 0.28456332
1464104425.61704 -1.06194342 0.44604015 3.40166900 -0.04610395 -0.96624663 -0.06746677 0.24431559
1464104425.81459 -1.21188271 0.48927984 3.28942648 -0.04546612 -0.97307064 -0.06233830 0.21721028
1464104426.01671 -1.36673267 0.51958593 3.16036276 -0.03344778 -0.97711173 -0.06344721 0.20027072
1464104426.21593 -1.50654827 0.52562322 3.03759616 -0.03582089 -0.98200136 -0.06604845 0.17328528
1464104426.38120 -1.61986517 0.54920368 2.92270450 -0.03591282 -0.98710671 -0.05692196 0.14522568
1464104426.51683 -1.70193803 0.56866997 2.84748007 -0.03221665 -0.99128535 -0.04875379 0.11806149
1464104426.64820 -1.78924356 0.57564633 2.76174722 -0.03399824 -0.99410494 -0.04259488 0.09372920
1464104426.78112 -1.86059616 0.57406686 2.67838722 -0.03359624 -0.99683102 -0.04675605 0.05489152
1464104426.91448 -1.92510037 0.58148028 2.58261857 -0.03690440 -0.99789600 -0.04635641 0.02631966
1464104427.08112 -1.98450552 0.60886093 2.47311134 -0.03219678 -0.99859286 -0.04208537 -0.00211654
1464104427.24770 -2.04140339 0.62631102 2.34215606 -0.02268760 -0.99861600 -0.03764464 -0.02888317
1464104427.41435 -2.09149017 0.62081777 2.22416180 -0.02351311 -0.99764135 -0.03625085 -0.05333620
1464104427.54783 -2.12218898 0.61737851 2.13793693 -0.02838649 -0.99554076 -0.03695856 -0.08201745
1464104427.68443 -2.14839946 0.62608822 2.05605919 -0.02780866 -0.99263861 -0.03560897 -0.11237111
1464104427.81455 -2.17769009 0.63851378 1.97030731 -0.02605776 -0.98910407 -0.03065994 -0.14161248
1464104427.94769 -2.20736901 0.63876558 1.88188581 -0.02272143 -0.98420561 -0.02402400 -0.17391351
1464104428.08102 -2.23160328 0.62903302 1.81077813 -0.02204528 -0.97995231 -0.01807573 -0.19718200
1464104428.24756 -2.24439908 0.62157384 1.72862381 -0.02481447 -0.97345305 -0.01445354 -0.22707816
1464104428.41640 -2.23888115 0.63181774 1.65474323 -0.02423717 -0.96711145 -0.01868314 -0.25250532
1464104428.58100 -2.21926579 0.64068135 1.57690453 -0.02183301 -0.96201573 -0.01927255 -0.27143622
1464104428.74948 -2.19231811 0.63974996 1.49420675 -0.01392865 -0.95595715 -0.02005270 -0.29248899
1464104428.91431 -2.16827995 0.62575515 1.41808109 -0.01460484 -0.95416022 -0.01325222 -0.29864588
1464104429.08095 -2.14078829 0.61717437 1.35314418 -0.01735433 -0.94939236 -0.01580298 -0.31321435
1464104429.24757 -2.11715625 0.61675303 1.29715128 -0.01876530 -0.94431859 -0.01862621 -0.32796849
1464104429.41412 -2.09628541 0.62171106 1.23397710 -0.01616610 -0.93917350 -0.02133575 -0.34239827
1464104429.54751 -2.08002025 0.62097968 1.17621523 -0.01546200 -0.93442742 -0.01305544 -0.35557823
1464104429.68357 -2.06586870 0.61789462 1.11906940 -0.01383467 -0.92869987 -0.01672599 -0.37019642
1464104429.78083 -2.06441809 0.61334374 1.06852817 -0.01306039 -0.92412626 -0.01612530 -0.38152335
1464104429.88077 -2.04957343 0.60703063 1.04430561 -0.01291930 -0.92007029 -0.01342026 -0.39131017
1464104429.98085 -2.03918617 0.60620875 1.01499690 -0.01337115 -0.91513878 -0.01567507 -0.40261212
1464104430.08134 -2.02604538 0.60558119 0.98895583 -0.01462567 -0.91052418 -0.01665442 -0.41286129
1464104430.14780 -2.01654363 0.60633049 0.97250381 -0.01442864 -0.90773124 -0.01945826 -0.41885221
1464104430.21673 -2.00643566 0.60676375 0.95626276 -0.01583956 -0.90542878 -0.02124982 -0.42367000
1464104430.28078 -1.99658200 0.60646257 0.93857751 -0.01561034 -0.90345854 -0.02257825 -0.42779576
1464104430.35019 -1.98419002 0.60591501 0.92382098 -0.01511541 -0.90176692 -0.02317245 -0.43133628
1464104430.41495 -1.97187788 0.60441169 0.90581000 -0.01575412 -0.90189774 -0.02193540 -0.43110453
1464104430.48149 -1.95769179 0.60254041 0.88710838 -0.01509011 -0.90172710 -0.01979923 -0.43158837
1464104430.54743 -1.94189517 0.60031061 0.86780572 -0.01378844 -0.90172856 -0.01558654 -0.43180151
1464104430.61396 -1.97279646 0.60851159 0.83540224 -0.01005843 -0.90158196 -0.01330934 -0.43228654
1464104430.71408 -1.89910879 0.59915463 0.81845058 0.00091676 -0.90112170 -0.01661516 -0.43324679
1464104430.81407 -1.87673855 0.59932437 0.79091133 0.01058696 -0.90135370 -0.02162332 -0.43241399
1464104430.91408 -1.85959566 0.59752495 0.76392982 0.01429634 -0.90461943 -0.02126502 -0.42544930
1464104431.04736 -1.83803138 0.59320315 0.73269488 0.01540719 -0.90693950 -0.02154047 -0.42042761
1464104431.21406 -1.81608490 0.58840775 0.69237441 0.01474421 -0.91006810 -0.01794339 -0.41380756
1464104431.41400 -1.78814363 0.58924315 0.65535290 0.02386269 -0.91187511 -0.01945628 -0.40931139
1464104431.58059 -1.76081188 0.58878459 0.61945655 0.02832327 -0.91255375 -0.01508584 -0.40769579
1464104431.74730 -1.75420674 0.58934594 0.57223234 0.02493247 -0.91130534 -0.01641208 -0.41064778
1464104431.88083 -1.69681341 0.57326955 0.55608021 0.01621570 -0.91218950 -0.01401874 -0.40920758
1464104432.04726 -1.66606184 0.56253242 0.53280545 0.00333015 -0.91277155 -0.01495090 -0.40818315
1464104432.24718 -1.62439407 0.55548280 0.51887619 -0.00588253 -0.91178395 -0.02283901 -0.40999245
1464104432.41369 -1.58488331 0.55247169 0.50601766 -0.00675501 -0.91423879 -0.02679481 -0.40423240
1464104432.54717 -1.55390756 0.54464205 0.49246696 -0.01092696 -0.91936935 -0.02677761 -0.39233094
1464104432.71378 -1.51532535 0.53412393 0.47528722 -0.01545834 -0.92584858 -0.02663641 -0.37663770
1464104433.24707 -1.47658752 0.53870091 0.44103127 -0.00831685 -0.91649672 -0.02368765 -0.39925367
1464104433.91682 -1.35827190 0.54115752 0.31917952 -0.01824670 -0.92140336 -0.04893017 -0.38508278
1464104434.08031 -1.33247219 0.53390615 0.25708048 -0.03257544 -0.93730626 -0.04556096 -0.34397676
1464104434.48030 -1.29253694 0.52539450 0.14481881 -0.03044165 -0.94550510 -0.05830444 -0.31889497
1464104434.78070 -1.19424306 0.52677721 0.08525332 -0.02913542 -0.93466039 -0.05931599 -0.34934611
1464104434.98024 -1.13917399 0.52438046 0.02917526 -0.03571170 -0.92292535 -0.04857381 -0.38022896
1464104435.18237 -1.10152448 0.52818854 -0.03180878 -0.02752722 -0.90711417 -0.04403203 -0.41766890
1464104435.38067 -1.05436311 0.52739355 -0.08401966 -0.01431525 -0.88768429 -0.03440325 -0.45894236
1464104435.58016 -1.01282521 0.52219346 -0.12909213 -0.00133584 -0.86566873 -0.02992335 -0.49972038
1464104435.81327 -0.93335290 0.53901233 -0.19086724 0.01077270 -0.84175988 -0.02158150 -0.53931298
1464104436.01534 -0.86809635 0.52635227 -0.26190279 0.02948328 -0.81929000 -0.00897344 -0.57255053
1464104436.28053 -0.80854246 0.48913613 -0.35190115 0.03683615 -0.79549507 -0.01005165 -0.60475587
1464104436.48006 -0.75976097 0.48702160 -0.41793341 0.03793946 -0.76933277 -0.01302239 -0.63758772
1464104436.64668 -0.73102621 0.48018806 -0.48276587 0.04047878 -0.74283316 -0.01023002 -0.66817341
1464104436.84962 -0.69261766 0.47736187 -0.57191273 0.05526514 -0.71328961 -0.00417725 -0.69867463
1464104437.07999 -0.65594727 0.44820170 -0.67284105 0.06023544 -0.68513635 0.00222275 -0.72591662
1464104437.27992 -0.59757444 0.43624868 -0.74264580 0.05839422 -0.66232229 0.01461983 -0.74679686
1464104437.47983 -0.52401571 0.43144531 -0.80386978 0.05974552 -0.63191920 0.02980185 -0.77215312
1464104437.71350 -0.44809465 0.40346358 -0.86012501 0.06269818 -0.59390215 0.03865217 -0.80115865
1464104437.91317 -0.38235053 0.38593759 -0.89101804 0.06474590 -0.56035634 0.03263315 -0.82507201
1464104438.07984 -0.32499393 0.37440370 -0.90444183 0.06007679 -0.52472355 0.02343484 -0.84882671
1464104438.24644 -0.26694809 0.35735476 -0.92315432 0.05516098 -0.48225656 0.02540679 -0.87392240
1464104438.37978 -0.23093478 0.34617692 -0.92569137 0.06104113 -0.44142573 0.02655875 -0.89482509
1464104438.57979 -0.17833414 0.31893860 -0.93877083 0.06561183 -0.39416693 0.03347467 -0.91608240
1464104438.81301 -0.10959581 0.29769398 -0.93855365 0.06723734 -0.35305903 0.04069707 -0.93229406
1464104439.01603 -0.04658115 0.27446223 -0.91417872 0.06316462 -0.31606083 0.05274060 -0.94516359
1464104439.14640 -0.00519281 0.25738167 -0.89006830 0.05199795 -0.27390185 0.06671891 -0.95803057
1464104439.27973 0.02687475 0.23620445 -0.86197796 0.05144562 -0.23251801 0.08266347 -0.96770629
1464104439.44694 0.05654475 0.20711593 -0.82586438 0.04803198 -0.19232661 0.07757395 -0.97708019
1464104439.64680 0.09603574 0.17507373 -0.77328542 0.04496992 -0.15002279 0.08212962 -0.98423859
1464104439.81300 0.12549022 0.14764793 -0.72518877 0.03804566 -0.10380655 0.08621106 -0.99012342
1464104440.14624 0.14367350 0.07541647 -0.62042634 0.01996983 -0.00882525 0.08026320 -0.99653457
1464104440.34851 0.13584487 0.03253715 -0.56016880 0.01414564 0.02952484 0.07594328 -0.99657453
1464104440.54639 0.11207185 -0.00626926 -0.49043587 0.00682891 0.04801993 0.09316147 -0.99446890
1464104440.77980 0.06957961 -0.04348746 -0.39800171 -0.00648451 0.05276067 0.09395209 -0.99415656
1464104440.97945 0.03317426 -0.07319973 -0.31864791 -0.00798058 0.04874485 0.08980353 -0.99473392
1464104441.34891 -0.05555263 -0.12837128 -0.20407235 -0.03327018 0.05985960 0.07405819 -0.99489965
1464104441.47941 -0.09517039 -0.14902649 -0.16318195 -0.04837881 0.07113295 0.07214074 -0.99367767
1464104441.61265 -0.13441756 -0.17430665 -0.12241395 -0.06064399 0.07889377 0.06607818 -0.99284025
1464104441.74704 -0.16795970 -0.19563085 -0.08480276 -0.06994721 0.08002654 0.05933627 -0.99256352
1464104441.87932 -0.20198428 -0.19958476 -0.04918461 -0.06906119 0.08788793 0.05287053 -0.99232604
1464104442.01538 -0.24690964 -0.19785699 -0.02913444 -0.06316769 0.10953313 0.05034366 -0.99069564
1464104442.11269 -0.28724541 -0.18348427 -0.00944373 -0.05644182 0.12108306 0.05315952 -0.98960966
1464104442.21267 -0.31928452 -0.16847662 -0.00689909 -0.04910240 0.13254990 0.06093044 -0.98808247
1464104442.31268 -0.35156709 -0.15109062 -0.00043933 -0.04044560 0.13989511 0.06390280 -0.98727400
1464104442.41272 -0.38160994 -0.13147707 0.00234965 -0.03473650 0.14511079 0.06559815 -0.98662714
1464104442.51500 -0.40906725 -0.10802781 0.00073051 -0.02652235 0.14909351 0.06742126 -0.98616533
1464104442.74594 -0.45308777 -0.04355799 -0.01228382 -0.01015327 0.16387486 0.05836342 -0.98470079
1464104442.84888 -0.46161225 -0.01047076 -0.01785259 0.00483967 0.16715065 0.05729508 -0.98425328
1464104442.97920 -0.46358077 0.03014458 -0.02404033 0.01768778 0.17326367 0.05410485 -0.98322912
1464104443.11260 -0.45936192 0.06538230 -0.03077120 0.02481598 0.17899907 0.05577535 -0.98195347
1464104443.28036 -0.44640432 0.10378525 -0.04051429 0.03263791 0.18454283 0.06061643 -0.98041030
1464104443.41245 -0.43085759 0.13418638 -0.04830936 0.04387460 0.19173185 0.06474312 -0.97832625
1464104443.57925 -0.40513169 0.16622353 -0.05433833 0.05481951 0.20847052 0.07023040 -0.97396230
1464104443.71258 -0.37241426 0.18662142 -0.05573260 0.06250058 0.21731992 0.07310693 -0.97135015
1464104443.84850 -0.33228924 0.20196751 -0.05543508 0.07353963 0.22020967 0.08296509 -0.96913179
1464104443.97915 -0.28700303 0.20825557 -0.05326695 0.07794090 0.22179611 0.09142102 -0.96766414
1464104444.11252 -0.23917637 0.20956496 -0.04547913 0.08258649 0.22299380 0.09711213 -0.96644838
1464104444.24654 -0.19041406 0.20513043 -0.03237993 0.08243439 0.21838430 0.10255412 -0.96695167
1464104444.37919 -0.14533426 0.19911776 -0.01784084 0.08335248 0.21240340 0.10755203 -0.96766199
1464104444.51445 -0.10556601 0.18886622 -0.00486147 0.08305325 0.20465312 0.10879721 -0.96921743
1464104444.68175 -0.06902468 0.16464534 0.00988454 0.08428015 0.19202621 0.10175429 -0.97245507
1464104444.81286 -0.05180361 0.13735175 0.02185631 0.08294375 0.17795754 0.09341774 -0.97607611
1464104444.94577 -0.04116762 0.10513716 0.03340964 0.07888068 0.16815561 0.08664115 -0.97877211
1464104445.07908 -0.03121095 0.07187202 0.04202065 0.07809390 0.15831553 0.08480736 -0.98063513
1464104445.21227 -0.02514959 0.03116131 0.04622003 0.07110827 0.14439186 0.07983751 -0.98372790
1464104445.31220 -0.02625985 -0.00357483 0.04627322 0.05995745 0.13565766 0.06875627 -0.98654685
1464104445.41359 -0.03158132 -0.04034766 0.04439022 0.04728139 0.12805013 0.06419554 -0.98855782
1464104445.51488 -0.04010833 -0.07843309 0.04132667 0.03049634 0.12033261 0.06363419 -0.99022256
1464104445.61219 -0.05395691 -0.11359129 0.03765077 0.01759120 0.12082688 0.06088059 -0.99064876
1464104445.71230 -0.07374881 -0.14783423 0.03357632 0.00189270 0.12801742 0.05741215 -0.99010697
1464104445.81229 -0.09624862 -0.17685269 0.02872300 -0.00944615 0.13114119 0.05791273 -0.98962562
1464104445.94567 -0.12586049 -0.21176769 0.02220885 -0.01826353 0.11947835 0.05964551 -0.99087526
1464104446.04562 -0.14618697 -0.23662947 0.01500162 -0.03066917 0.10573134 0.05782909 -0.99223792
1464104446.14647 -0.16935944 -0.25760367 0.00739272 -0.04019892 0.10220598 0.05638944 -0.99234985
1464104446.27975 -0.20336225 -0.27858675 -0.00434822 -0.05409347 0.10959470 0.05338969 -0.99106631
1464104446.44546 -0.24276347 -0.28258164 -0.02023848 -0.06097599 0.11866469 0.04734920 -0.98992862
1464104446.57885 -0.27013770 -0.26407696 -0.02869600 -0.05878158 0.12969447 0.03477291 -0.98919913
1464104446.71223 -0.28921379 -0.23318519 -0.03132835 -0.04286842 0.13862271 0.03124492 -0.98892356
1464104446.84841 -0.30426165 -0.19767708 -0.03143873 -0.02374491 0.14755670 0.03736595 -0.98806224
1464104446.98157 -0.30810786 -0.16360895 -0.03083812 -0.00373849 0.15089393 0.03851408 -0.98779234
1464104447.14639 -0.30234226 -0.12551056 -0.03134759 0.01151139 0.15149121 0.04271272 -0.98746824
1464104447.31202 -0.28987384 -0.08536655 -0.03179824 0.02458096 0.15633468 0.04613079 -0.98632003
1464104447.44550 -0.27313069 -0.05199939 -0.03074837 0.03640043 0.14936740 0.05327377 -0.98667436
1464104447.61211 -0.25206797 -0.01300290 -0.03157384 0.04748029 0.14656288 0.05517718 -0.98651935
1464104447.77878 -0.23058505 0.02173481 -0.03664878 0.04643625 0.14582720 0.05526663 -0.98667305
1464104447.94545 -0.20780877 0.05432704 -0.03986356 0.05894076 0.13951713 0.06084989 -0.98658920
1464104448.24523 -0.18462721 0.07000757 -0.01997586 0.06437066 0.14627713 0.07464666 -0.98432073
1464104448.44535 -0.18522060 0.06671111 0.02691353 0.07215812 0.14528497 0.07756101 -0.98370208
1464104448.61179 -0.19560319 0.06591858 0.08422917 0.07106141 0.13544445 0.07602069 -0.98530499
1464104448.74527 -0.21057026 0.06470697 0.13051647 0.06954745 0.12803796 0.07508820 -0.98647412
1464104448.91200 -0.23154896 0.06268671 0.17759789 0.06205442 0.12279490 0.07221252 -0.98785425
1464104449.07861 -0.25254927 0.05830747 0.21541856 0.05944146 0.12241233 0.07154199 -0.98811117
1464104449.64521 -0.24831065 0.05105171 0.19038886 0.04928446 0.12330284 0.06868167 -0.98876199
1464104449.74523 -0.23846113 0.04515277 0.15916524 0.04474493 0.12878298 0.07008099 -0.98818090
1464104449.87854 -0.22262366 0.03814415 0.10840053 0.03992987 0.13803417 0.07358825 -0.98688244
1464104450.01442 -0.20136603 0.03309485 0.05116850 0.03944475 0.14771149 0.07656117 -0.98527347
1464104450.14515 -0.17992981 0.03229819 -0.00806478 0.04183697 0.15779150 0.07595946 -0.98365729
1464104450.31173 -0.15160051 0.03613329 -0.07874724 0.04746990 0.15924323 0.07786132 -0.98301873
1464104450.51444 -0.12880672 0.04195711 -0.16141507 0.05197114 0.16124507 0.07992387 -0.98229894
1464104450.71206 -0.11157954 0.04078291 -0.25152680 0.04694630 0.15972219 0.08363555 -0.98249171
1464104450.91171 -0.09200381 0.04553027 -0.35115902 0.05087832 0.15698242 0.09075495 -0.98210562
1464104451.14499 -0.08040603 0.03972601 -0.46194293 0.05163639 0.16077124 0.08568589 -0.98190846
1464104452.47827 -0.07655398 0.04854451 -0.43952289 0.02634575 0.16104322 0.09231453 -0.98226728
1464104452.71153 -0.10647149 0.02765616 -0.32163087 0.01029118 0.15928698 0.08784339 -0.98326257
1464104452.87814 -0.12763701 0.01450269 -0.23042094 0.00559359 0.15608329 0.08296984 -0.98423713
1464104453.07807 -0.14995127 0.01569140 -0.13927434 0.00776299 0.15831360 0.08653415 -0.98355904
1464104453.24746 -0.16836578 0.02272454 -0.06833540 0.01333467 0.15822153 0.08587768 -0.98357163
1464104453.41122 -0.19352804 0.02868863 0.00322263 0.01200541 0.15808576 0.08741183 -0.98347544
1464104453.54476 -0.21539619 0.03199780 0.06193671 0.00864902 0.15481593 0.08745032 -0.98402727
1464104453.68071 -0.23787606 0.02983614 0.11945433 0.00379292 0.15355077 0.08828478 -0.98418168
1464104453.81123 -0.25465523 0.02256981 0.16759123 -0.00311169 0.15128801 0.08419865 -0.98489230
1464104453.97822 -0.27091661 0.01944014 0.20822339 -0.00714919 0.15160782 0.08197553 -0.98500963
1464104454.21124 -0.28039566 0.02645597 0.23773802 -0.00484887 0.14995163 0.08586493 -0.98494579
1464104454.47779 -0.26709127 0.04455000 0.22513269 0.00283360 0.14390167 0.09691966 -0.98483037
1464104454.61108 -0.25196884 0.05725238 0.19627941 0.00930884 0.14071230 0.10106534 -0.98483460
1464104454.74465 -0.23167940 0.06630380 0.15180585 0.01265012 0.13993411 0.09255515 -0.98574437
1464104454.84685 -0.20919172 0.07327981 0.11072176 0.01229646 0.13629435 0.08226840 -0.98716997
1464104454.94456 -0.18474259 0.08050212 0.06431885 0.00617028 0.13602200 0.07659816 -0.98772095
1464104455.07787 -0.14910534 0.09156051 -0.00116977 0.00744111 0.13680882 0.07343753 -0.98784356
