odom 0.3739593625 -0.1984832734 -0.6997678876
odom 0.6593047976 -0.5224273801 -1.023479342
odom 0.8923248649 -0.86870116 -0.9690206647
odom 1.135562181 -1.209271312 -0.9633701444
odom 1.339324951 -1.559750438 -1.142502666
odom 1.501123071 -1.944503784 -1.069352984
odom 1.771655321 -2.289227247 -0.7452433705
odom 2.139563084 -2.549444675 -0.4495576024
odom 2.550055027 -2.704440355 -0.2876656651
odom 3.016827345 -2.843127489 -0.303088963
odom 3.385443211 -3.044894457 0.002164375968
odom 3.88583374 -3.04938364 0.03332237899
odom 4.415185452 -3.047653198 0.01032284088
odom 4.863800049 -3.021399021 -0.1002014354
odom 5.269635201 -3.036242723 -0.09891397506
odom 5.677612305 -3.054498434 -0.09818203002
odom 6.094299316 -3.097677708 -0.101130791
odom 6.489264011 -3.166983128 -0.1136353686
odom 6.937158108 -3.185418844 -0.109813042
odom 7.369494915 -3.259902954 -0.1221016124
odom 7.771100044 -3.305365086 -0.1224206164
odom 8.178222656 -3.329318285 -0.1255019307
odom 8.584759712 -3.391439915 -0.1335557103
odom 9.001446724 -3.42653513 -0.0899880603
odom 9.40812397 -3.456671238 -0.02098256722
odom 9.829492569 -3.443371534 0.01034052204
odom 10.28942299 -3.422213793 -0.0007451216225
odom 10.76064491 -3.430145264 -0.01606685296
odom 11.18310547 -3.451071262 -0.1249569133
odom 11.63253212 -3.521603346 -0.2193344235
odom 12.05322933 -3.599234104 -0.216088593
odom 12.47186279 -3.697790623 -0.2131488919
odom 12.89876747 -3.785211325 -0.2177122235
odom 13.31129169 -3.872741699 -0.2278068662
odom 13.75263691 -3.95515132 -0.1744058728
odom 14.16087627 -3.988391161 -0.03745204583
odom 14.59158325 -3.987158298 0.0273201745
odom 15.02115536 -3.963668823 0.08950693905
odom 15.410285 -3.860653639 0.430773139
odom 15.77110004 -3.621377707 0.8836765289
odom 15.94771099 -3.211709738 1.372096896
odom 16.0236702 -2.816558838 1.47211802
odom 16.04904747 -2.370175123 1.557723165
odom 16.09584999 -1.969284058 1.515810966
odom 16.06989861 -1.560910106 1.441495061
odom 16.11268997 -1.158798218 1.492155075
odom 16.11530113 -0.742993176 1.57943821
odom 16.11941528 -0.3322906494 1.568132043
odom 16.10878372 0.06911315769 1.557545185
odom 16.11436844 0.4831542969 1.485937715
odom 16.15798378 0.8929535151 1.40729928
odom 16.2379818 1.302770972 1.347150922
odom 16.3358593 1.720410228 1.287278175
odom 16.44888306 2.109271288 1.280029297
odom 16.56413078 2.511669874 1.272896051
odom 16.68774986 2.948883057 1.275908828
odom 16.81387901 3.381463766 1.266344547
odom 16.96160889 3.781658888 1.257572412
odom 16.98795128 3.901989698 0.2269911617
odom 17.00058556 3.919872999 -0.808699429
odom 17.02480507 3.46999526 -1.639684081
odom 16.98314857 3.026293993 -1.70262754
odom 16.88729858 2.586535692 -1.905181289
odom 16.75998497 2.206420898 -1.950742126
odom 16.59747887 1.7890625 -1.949440837
odom 16.45508385 1.404174805 -1.939642787
odom 16.31787109 0.9752960205 -1.798341632
odom 16.271101 0.5520599484 -1.630203128
odom 16.26776695 0.1441894621 -1.58919847
odom 16.26329994 -0.309146136 -1.594223857
odom 16.25858116 -0.7257965207 -1.604035258
odom 16.24411011 -1.133996606 -1.680324435
odom 16.19462967 -1.539224267 -1.696948409
odom 16.14733887 -1.990029931 -1.69593513
odom 16.09747314 -2.443429708 -1.697301745
odom 16.06077385 -2.878454685 -1.694079757
odom 16.05880737 -3.304672241 -1.460454345
odom 16.2073307 -3.696438551 -0.999473393
odom 16.50230789 -3.984896898 -0.6186626554
odom 16.86726761 -4.166195869 -0.2954524159
odom 17.28793335 -4.215463161 -0.03615409508
odom 17.72219276 -4.196847439 0.08419317752
odom 18.17961502 -4.159890652 0.0698973015
odom 18.60248375 -4.11212492 0.07104375213
odom 19.02918053 -4.083096504 0.03520733118
odom 19.45129395 -4.093383789 -0.1189015582
odom 19.86575317 -4.160653591 -0.2447713017
odom 20.28369141 -4.27038908 -0.2633603215
odom 20.68802452 -4.374459743 -0.2614338994
odom 21.0929203 -4.477478027 -0.2429187894
odom 21.54319572 -4.552237034 -0.1775196195
odom 21.96862793 -4.6390872 -0.1852996945
odom 22.37449455 -4.696539402 -0.134429276
odom 22.82686234 -4.731814861 -0.0710061267
odom 23.26079178 -4.747512817 -0.005754773039
odom 23.69566154 -4.72946167 0.02608674392
odom 24.10987663 -4.721130371 0.02183043584
odom 24.52571487 -4.718356609 0.01330479886
odom 24.97190666 -4.714969158 -0.06822998077
odom 25.3842411 -4.749343872 -0.1444376111
odom 25.56279945 -4.752679348 -1.182104945
odom 25.5372982 -4.786520481 -2.195423841
odom 25.14186478 -4.935000896 -3.061149836
odom 24.73763466 -4.971176147 -3.061805487
odom 24.30431557 -4.997528076 3.108763695
odom 23.87285805 -4.963302612 3.028049707
odom 23.4617672 -4.912054539 3.021727324
odom 23.05520058 -4.8704772 3.017827988
odom 22.62938309 -4.833072186 3.019109011
odom 22.21572304 -4.780502319 3.016679287
odom 21.76523399 -4.718832493 3.014847517
odom 21.31331253 -4.669375896 3.010068655
odom 20.85366249 -4.619699001 3.007192612
odom 20.43622398 -4.560128689 3.004581213
odom 20.03310585 -4.503677368 -3.103746414
odom 19.62452507 -4.562210083 -3.135792017
odom 19.20880699 -4.519326687 2.95686698
odom 18.7729435 -4.498184204 3.074468613
odom 18.36527061 -4.44416523 2.959246397
odom 17.97132683 -4.368487835 2.893795252
odom 17.55573082 -4.282361031 2.925725937
odom 17.1199398 -4.191974163 2.926021338
odom 16.72383499 -4.107388496 2.922374249
odom 16.28245926 -4.029516697 3.004644871
odom 15.80320454 -3.996533155 3.06191802
odom 15.38421059 -3.957473755 3.058488131
odom 14.93079281 -3.932430983 3.052706003
odom 14.51295757 -3.889029026 3.052165508
odom 14.11089516 -3.872924805 3.054042339
odom 13.70369244 -3.852062941 3.053876638
odom 13.30125141 -3.820611715 3.054578781
odom 12.89940166 -3.789071798 3.052799463
