  extrinsicRot: [    0.977066 , 0.212936,-0.000364779 ,
   -0.212935  , 0.977054 , -0.00493888 ,
-0.000695254  , 0.00490328  , 0.999988 ]
  extrinsicRPY: [    0.977066 , 0.212936,-0.000364779 ,
   -0.212935  , 0.977054 , -0.00493888 ,
-0.000695254  , 0.00490328  , 0.999988 ]


  extrinsicRot: [   1, 0, 0,
                  0, 1, 0,
                  0, 0, 1 ]
  extrinsicRPY: [   1, 0, 0,
                  0, 1, 0,
                  0, 0, 1 ]



  extrinsicRot: [   -1, 0, 0,
                  0, -1, 0,
                  0, 0, 1 ]
  extrinsicRPY: [   -1, 0, 0,
                  0, -1, 0,
                  0, 0, 1 ]

