1403637150.938319 -10.3322067 8.1140804 -0.1570723 -0.8147859 -0.0057348 -0.0097819 0.5796509
1403637151.338319 -10.2873011 8.2166834 -0.0958591 -0.8115630 -0.0068396 -0.0029917 0.5842172
1403637151.588319 -10.2623138 8.2615013 -0.0158291 -0.8175496 -0.0056971 0.0034596 0.5758194
1403637151.838319 -10.2292576 8.3089075 0.0447285 -0.8178818 -0.0107981 -0.0001590 0.5752847
1403637152.088319 -10.1956224 8.3593893 0.0879819 -0.8186225 -0.0118519 0.0002754 0.5742092
1403637153.338319 -9.9785414 8.6540346 0.1628218 -0.8161260 -0.0135656 -0.0003913 0.5777138
1403637153.738319 -9.9020300 8.7364359 0.2022686 -0.8192945 -0.0152162 -0.0035919 0.5731592
1403637153.888319 -9.8793259 8.7716417 0.2286360 -0.8163088 -0.0140740 -0.0025150 0.5774381
1403637154.288319 -9.8253126 8.8615503 0.2207756 -0.8277999 0.0035078 0.0215917 0.5605960
1403637154.738319 -9.7060242 9.0040951 0.1436911 -0.8255849 -0.0086469 -0.0108755 0.5641063
1403637155.138319 -9.5959787 9.1848011 0.1278539 -0.8260363 0.0331688 -0.0364360 0.5614586
1403637155.288319 -9.5611820 9.2686863 0.1525795 -0.8191461 0.0466208 -0.0435051 0.5700289
1403637155.438319 -9.5266047 9.3556328 0.1808071 -0.8125744 0.0604837 -0.0511581 0.5774484
1403637155.988319 -9.3758030 9.6376858 0.1485120 -0.8041778 0.1494230 -0.0845383 0.5690551
1403637157.188319 -8.6617413 9.8706541 -0.1556885 -0.7521999 0.3425592 -0.2248362 0.5160387
1403637159.438319 -6.3563147 9.2248497 -0.2237140 -0.6985599 0.4313560 -0.2711031 0.5024424
1403637159.688319 -6.0750408 9.0529575 -0.2693249 0.7082824 -0.4190438 0.2788161 -0.4949743
1403637159.938319 -5.7794485 8.8815708 -0.2923833 0.7070370 -0.4202696 0.2895132 -0.4895449
1403637160.438319 -5.1706800 8.5397491 -0.3680010 0.6387213 -0.5070711 0.3521196 -0.4592667
1403637160.838319 -4.7232099 8.2514715 -0.4771960 0.5924152 -0.5745713 0.4017995 -0.3968245
1403637161.038319 -4.5027337 8.1297092 -0.4930414 -0.5834703 0.5906470 -0.3987334 0.3894996
1403637161.238319 -4.2666450 8.0171013 -0.4588914 -0.5651175 0.6027588 -0.3861212 0.4101635
1403637162.038319 -3.3271704 7.3371921 -0.2325709 -0.5139877 0.5948597 -0.4610194 0.4116062
1403637162.888319 -2.8888471 6.4569621 -0.2469125 -0.4864206 0.6176066 -0.4601584 0.4125662
1403637163.088319 -2.8761501 6.2048464 -0.2694483 -0.4565046 0.6397448 -0.4900180 0.3771104
1403637163.288319 -2.9071679 5.9555087 -0.3067025 -0.4124041 0.6685333 -0.5216336 0.3329932
1403637163.488319 -2.9824128 5.7291393 -0.3542072 -0.3632326 0.7016467 -0.5319166 0.3046614
1403637163.688319 -3.0992644 5.5223446 -0.3960664 -0.3350198 0.7361336 -0.5141996 0.2854251
1403637164.088319 -3.4131839 5.0636854 -0.3622811 -0.3124440 0.7530048 -0.5017883 0.2890864
1403637164.288319 -3.6131346 4.7890692 -0.3028407 -0.3229213 0.7430251 -0.5132254 0.2832580
1403637164.438319 -3.7808473 4.5731745 -0.2579651 -0.3357986 0.7407240 -0.5126333 0.2752709
1403637164.638319 -4.0169296 4.2798328 -0.2228161 -0.3359314 0.7447622 -0.4991252 0.2887098
1403637164.838319 -4.2670236 3.9657917 -0.2176551 -0.3476727 0.7342504 -0.5136051 0.2760610
1403637164.988319 -4.4620175 3.7233417 -0.2279975 -0.3426930 0.7328457 -0.5264549 0.2614268
1403637165.188319 -4.7226191 3.4009259 -0.2520690 -0.3156080 0.7382326 -0.5451551 0.2412675
1403637165.988319 -5.7419863 2.2982619 -0.2127352 -0.2889739 0.7679579 -0.5565863 0.1301779
1403637166.588319 -6.1579380 1.7714546 -0.3481606 -0.3167921 0.7202469 -0.5889445 0.1844762
1403637166.938319 -6.3141856 1.6837932 -0.4210281 -0.3604291 0.7304037 -0.5609335 0.1481712
1403637167.388319 -6.3037415 1.8685615 -0.4518759 -0.3779428 0.6998923 -0.5916746 0.1312665
1403637167.938319 -6.0066519 2.5396390 -0.5043755 -0.3514457 0.7507820 -0.5164587 0.2146686
1403637168.488319 -5.5897970 3.1920023 -0.6514845 -0.3689257 0.7205828 -0.5368491 0.2375857
1403637169.088319 -5.1187167 3.9216917 -0.8945333 -0.3793012 0.7254707 -0.5308020 0.2192532
1403637169.288319 -4.9416118 4.1818724 -0.9472406 -0.3955325 0.7111090 -0.5335031 0.2307650
1403637169.488319 -4.7559080 4.4688859 -0.9634055 -0.4271137 0.6870793 -0.5257632 0.2628098
1403637169.688319 -4.5733547 4.7813797 -0.9561330 -0.4740582 0.6470034 -0.5179508 0.2972918
1403637169.888319 -4.4040947 5.1197014 -0.9548302 -0.5189632 0.6104426 -0.4995369 0.3293935
1403637170.288319 -4.1184058 5.8813295 -1.0297216 0.5872682 -0.5399647 0.4696120 -0.3781782
1403637171.388319 -4.1573462 8.0666924 -1.3233391 -0.7076689 0.3323529 -0.2814899 0.5563359
1403637171.888319 -4.5841699 8.7328033 -1.2848125 -0.7130458 0.3109044 -0.3045877 0.5496631
1403637172.138319 -4.9082880 9.0174150 -1.3040143 -0.7067276 0.3190505 -0.3104982 0.5498487
1403637172.388319 -5.3033862 9.2734518 -1.3165514 -0.7100875 0.3591634 -0.2661697 0.5439953
1403637173.188319 -6.4773560 9.6654119 -1.2017885 0.7194583 -0.4588633 0.2265328 -0.4695816
1403637173.538319 -6.7121840 9.7068033 -1.2623782 0.6629927 -0.5164834 0.2797429 -0.4641435
1403637173.838319 -6.7864356 9.6621046 -1.3532131 0.6183338 -0.5815855 0.2846489 -0.4454170
1403637174.338319 -6.6131926 9.3647232 -1.3837053 0.5890253 -0.5571356 0.3822092 -0.4433570
1403637174.588319 -6.5026274 9.1660099 -1.3101289 -0.5642091 0.5742098 -0.3702744 0.4635173
1403637174.838319 -6.4113903 8.8994188 -1.2407911 -0.5390908 0.5901487 -0.4179401 0.4317773
1403637175.088319 -6.3555894 8.6049843 -1.2077487 -0.5040026 0.6339222 -0.4348339 0.3937555
1403637176.038319 -6.5749092 7.2835045 -1.1845565 -0.4742736 0.6450776 -0.4608420 0.3828366
1403637176.288319 -6.7407699 6.8731480 -1.1234815 -0.4718981 0.6299835 -0.4773379 0.3906167
1403637176.538319 -6.9605155 6.4638042 -1.0983214 -0.4706834 0.6392978 -0.4786589 0.3750212
1403637176.788319 -7.2150097 6.0600491 -1.0965564 -0.4579161 0.6652772 -0.4720585 0.3533833
1403637177.038319 -7.4814777 5.6600523 -1.1206901 -0.4602932 0.6859833 -0.4570584 0.3296280
1403637177.288319 -7.7224274 5.2541151 -1.1738591 -0.4728377 0.7090759 -0.4261054 0.3034305
1403637177.638319 -7.9272404 4.6471133 -1.2801328 -0.4901660 0.7009392 -0.4432544 0.2682291
1403637177.888319 -7.9466677 4.2252297 -1.3129702 -0.4781585 0.6953227 -0.4682873 0.2619114
1403637178.988319 -7.1567245 3.2105742 -1.4129859 -0.3847314 0.7039973 -0.5430844 0.2478483
1403637179.288319 -6.8328795 3.2020180 -1.4683068 -0.3893591 0.7103394 -0.5307980 0.2491398
1403637179.538319 -6.5768008 3.2426627 -1.4339290 -0.3952260 0.7104393 -0.5280902 0.2453426
1403637180.038319 -6.0645323 3.4359803 -1.5642773 -0.4035078 0.6952851 -0.5509745 0.2240245
1403637180.288319 -5.8067484 3.6339331 -1.6870058 -0.3893961 0.7106931 -0.5299146 0.2499530
1403637180.538319 -5.5587111 3.8637495 -1.7630603 -0.3934729 0.7320830 -0.4988108 0.2458076
1403637182.638319 -3.2997012 6.6488428 -1.0248257 -0.3464769 0.6997923 -0.5606687 0.2754905
1403637182.988319 -3.1919262 7.2356596 -0.8750836 -0.3336212 0.7069651 -0.5506812 0.2926561
1403637183.288319 -3.2235882 7.7414989 -0.8637224 -0.3192447 0.7147067 -0.5392030 0.3107040
1403637183.588319 -3.3910959 8.2111263 -0.9198722 -0.3131848 0.7192424 -0.5329975 0.3170476
1403637183.888319 -3.6965175 8.6207180 -0.9962791 -0.3053470 0.7337093 -0.5110126 0.3275666
1403637184.238319 -4.2216563 8.9469538 -1.0125942 -0.3075618 0.7451484 -0.4981407 0.3193987
1403637184.588319 -4.8612041 9.1276989 -1.0888612 -0.3485156 0.7489149 -0.4980183 0.2638957
1403637185.238319 -5.9309072 9.2152462 -1.1763904 -0.3659183 0.7655765 -0.4707542 0.2416343
1403637185.538319 -6.2900929 9.1157475 -1.0971298 -0.3784334 0.7683821 -0.4663312 0.2211614
1403637186.038319 -6.6901922 8.8366613 -0.9235821 -0.3642979 0.7386099 -0.5151008 0.2375153
1403637186.388319 -6.9031410 8.6421013 -0.8063822 -0.3613715 0.7340307 -0.5216545 0.2418387
1403637186.738319 -7.0899706 8.4647341 -0.6276183 -0.3489678 0.7402014 -0.5152004 0.2547389
1403637187.038319 -7.2613344 8.3044348 -0.5388718 -0.3285142 0.7559921 -0.4920937 0.2799966
1403637187.338319 -7.4642348 8.0795288 -0.5192828 -0.3338824 0.7585350 -0.4976732 0.2558684
1403637187.788319 -7.7476721 7.6495743 -0.5469680 -0.3364796 0.7725661 -0.4888689 0.2256775
1403637188.138319 -7.8878798 7.2386799 -0.5963197 -0.3414210 0.7676652 -0.4976122 0.2156471
1403637188.588319 -7.9582582 6.6789374 -0.7058804 -0.3273387 0.7476310 -0.5335333 0.2218998
1403637188.938319 -8.0032387 6.2688932 -0.8420391 -0.2661567 0.7712514 -0.5326982 0.2248650
1403637189.288319 -8.0982761 5.8506074 -0.9555218 -0.2638136 0.7925413 -0.5164163 0.1886655
1403637189.638319 -8.1867208 5.3950686 -1.0934815 -0.2610668 0.7736167 -0.5433522 0.1952682
1403637190.688319 -8.5437326 4.1777620 -0.9498236 -0.2734745 0.7619666 -0.5579483 0.1825167
1403637191.038319 -8.6742630 3.8752251 -0.9162309 -0.2941610 0.7534490 -0.5474648 0.2146300
1403637191.388319 -8.8255692 3.6092157 -0.9531550 -0.3037098 0.7466946 -0.5497676 0.2190043
1403637191.738319 -8.9946671 3.3922205 -0.9687557 -0.3113394 0.7539122 -0.5426387 0.2005676
1403637192.138319 -9.1404200 3.2128434 -0.8722310 -0.3240761 0.7624279 -0.5334488 0.1706180
1403637192.538319 -9.1413269 3.0985646 -0.7037632 -0.3224096 0.7694378 -0.5253286 0.1674731
1403637193.038319 -8.9533272 2.9690485 -0.5731761 -0.3107944 0.7703497 -0.5241188 0.1877962
1403637193.338319 -8.7894592 2.8656774 -0.4590547 -0.2941547 0.7862561 -0.5010419 0.2103117
1403637193.638319 -8.6151371 2.7037356 -0.4061723 -0.3120409 0.7684787 -0.5265396 0.1866199
1403637193.938319 -8.3998089 2.5334797 -0.3143189 -0.3168383 0.7650860 -0.5303616 0.1815856
1403637194.288319 -8.1082687 2.3582799 -0.2891471 -0.3112754 0.7605873 -0.5378072 0.1880903
1403637194.588319 -7.8329372 2.2320225 -0.2650237 -0.3114625 0.7651166 -0.5318421 0.1863638
1403637194.938319 -7.4713082 2.0955241 -0.1908529 -0.3098869 0.7726042 -0.5229174 0.1833301
1403637195.288319 -7.0757866 1.9621100 -0.1755084 -0.3013657 0.7561271 -0.5480331 0.1926403
1403637195.638319 -6.6869597 1.8707366 -0.1811584 -0.3131181 0.7501962 -0.5450147 0.2052353
1403637195.988319 -6.3192916 1.8272663 -0.1257819 -0.3386253 0.7359500 -0.5538191 0.1923405
1403637196.338319 -5.9365034 1.8810139 -0.1059802 -0.3516131 0.7000512 -0.5968161 0.1735135
1403637196.688319 -5.5357075 2.1466827 -0.1426438 -0.3420028 0.7020989 -0.5980808 0.1799725
1403637197.088319 -5.0976329 2.7000186 -0.2448603 -0.3273973 0.7127789 -0.5848805 0.2065710
1403637197.438319 -4.7693682 3.3443317 -0.2758378 -0.3817107 0.7056013 -0.5360934 0.2627304
1403637198.188319 -4.2655501 4.8838058 -0.0524225 0.5919607 -0.5467025 0.4506437 -0.3842125
1403637198.538319 -4.1272759 5.6958594 0.1479000 0.6370128 -0.4798132 0.4368280 -0.4161433
1403637198.888319 -4.0742540 6.5791860 0.1829706 0.6338678 -0.4630513 0.4419593 -0.4341279
1403637199.238319 -4.1713567 7.5315084 0.1473489 0.6292606 -0.4656360 0.4020152 -0.4749710
1403637201.438319 -7.0068035 10.8714638 -0.3363161 -0.7537742 0.2928944 -0.1425306 0.5707209
1403637202.838319 -7.4128051 10.2736530 -0.3014761 -0.7656536 0.2921862 -0.2028642 0.5359547
1403637204.938319 -7.0977077 9.4735918 -0.3610196 -0.7592779 0.2981983 -0.2273242 0.5318815
1403637205.438319 -7.1450052 9.3935099 -0.3823946 -0.7690131 0.2861001 -0.2197262 0.5277169
1403637207.438319 -7.5481892 9.2865086 -0.3041760 -0.7596205 0.2812347 -0.2095811 0.5476848
1403637207.938319 -7.6690536 9.1958456 -0.3286734 -0.7666880 0.2895813 -0.2037715 0.5355453
1403637208.438319 -7.7471623 9.1087303 -0.2031831 -0.7611647 0.2944786 -0.2042673 0.5405412
1403637208.938319 -7.8064322 9.0116310 -0.1991387 -0.7611543 0.2843910 -0.2224526 0.5387766
1403637209.438319 -7.9293747 8.9394770 -0.2546907 -0.7836969 0.2544874 -0.1951641 0.5319451
1403637211.488319 -7.2375550 11.0248747 -0.6584238 -0.7774422 0.2499223 -0.1732274 0.5505579
1403637211.838319 -6.9124060 11.5778904 -0.8040731 -0.7889586 0.2653525 -0.1517864 0.5330035
1403637212.188319 -6.5347786 12.1046391 -0.8500000 -0.7771863 0.2537048 -0.1729162 0.5492858
1403637212.538319 -6.1538634 12.5866556 -0.8186373 -0.7724354 0.2526217 -0.1818161 0.5535956
1403637212.988319 -5.6940556 13.1521950 -0.7182553 -0.7869044 0.2503595 -0.1871879 0.5320353
1403637213.288319 -5.3938313 13.5397215 -0.6538413 -0.7876016 0.2510008 -0.1778133 0.5339142
1403637213.588319 -5.0964036 13.9276609 -0.6373405 -0.7828636 0.2430270 -0.1884392 0.5408813
1403637213.938319 -4.7885737 14.3736496 -0.6802733 -0.7899881 0.2280795 -0.2057832 0.5306138
1403637214.238319 -4.5888968 14.7845001 -0.7004590 -0.7819631 0.2149770 -0.1837504 0.5554760
1403637214.538319 -4.4526620 15.1778421 -0.6643271 -0.7858858 0.1443999 -0.1661797 0.5778546
1403637214.838319 -4.4162607 15.5301991 -0.5821676 -0.7866423 0.0795058 -0.1646130 0.5897244
1403637215.138319 -4.5208721 15.8417444 -0.5056531 -0.7820759 0.0716754 -0.1569762 0.5988140
1403637215.438319 -4.7628593 16.0946522 -0.4757144 -0.7718868 0.0728545 -0.1267056 0.6187313
1403637215.738319 -5.1136694 16.2325058 -0.4433317 -0.7741073 0.0274283 -0.0724681 0.6282941
1403637216.038319 -5.5204616 16.2495995 -0.3612134 -0.7969338 -0.0236597 -0.0129807 0.6034631
1403637216.338319 -5.9293141 16.2019100 -0.2644105 -0.7966009 -0.0496670 0.0287290 0.6017759
1403637216.688319 -6.3614402 16.0817261 -0.2158418 -0.7803780 -0.0462588 0.0417180 0.6221972
1403637217.088319 -6.7697153 15.7836514 -0.1679649 -0.7762391 -0.0334961 0.0393661 0.6283159
1403637217.438319 -7.0322986 15.3720350 -0.1440327 -0.7869751 -0.0049871 0.0624439 0.6137960
1403637217.788319 -7.1649046 14.8767948 -0.1896725 -0.7728840 -0.0588243 0.0456705 0.6301618
1403637218.138319 -7.2449274 14.2590971 -0.1908166 -0.7754575 -0.1287884 0.0750359 0.6135540
1403637218.438319 -7.2990103 13.6634655 -0.2026329 -0.7766392 -0.1441946 0.0852811 0.6072613
1403637218.788319 -7.3501449 12.9102421 -0.2197926 -0.7835915 -0.1424203 0.0820521 0.5991394
1403637219.088319 -7.3986115 12.2323208 -0.3015018 -0.7854875 -0.1526030 0.0585971 0.5968984
1403637219.688319 -7.6032953 10.7897911 -0.4321501 -0.8123574 -0.1429384 0.0641179 0.5617229
1403637220.538319 -8.1183643 9.0625744 -0.1825690 -0.8147166 -0.1196253 0.0901624 0.5601755
1403637220.888319 -8.3244429 8.4985485 -0.0686634 -0.8157421 -0.1182316 0.0886346 0.5592223
1403637221.188319 -8.4677496 8.0786180 -0.0293820 -0.8244374 -0.1045425 0.0733776 0.5513521
1403637222.138319 -8.7940197 7.2217255 -0.2119379 -0.8368829 -0.0074295 0.0114054 0.5472121
1403637223.688319 -8.8915730 6.8968296 -0.2229639 -0.8170728 0.0358708 -0.0355680 0.5743169
1403637224.188319 -8.8839464 6.9376445 -0.1542062 -0.8141124 0.0332791 -0.0384598 0.5784754
1403637225.088319 -8.9225407 6.9763384 -0.2721957 -0.8112223 0.0328286 -0.0410140 0.5823726
1403637225.438319 -8.9542685 6.9609680 -0.3506216 -0.8077828 0.0293001 -0.0413145 0.5872998
1403637225.888319 -9.0293684 6.8976622 -0.3381560 -0.8189375 0.0266084 -0.0401913 0.5718547
1403637226.338319 -9.1417608 6.8371363 -0.2259885 -0.8105541 0.0254498 -0.0404854 0.5837075
1403637226.738319 -9.2693167 6.7715898 -0.2035342 -0.8272402 0.0245491 -0.0412330 0.5597947
1403637227.088319 -9.3993835 6.7635059 -0.2281179 -0.8229051 0.0423742 -0.0185680 0.5662919
1403637227.438319 -9.4883757 6.7903337 -0.2157309 -0.8210269 0.0413312 -0.0273620 0.5687332
1403637227.838319 -9.5423527 6.8428011 -0.2260071 -0.8223009 0.0494093 -0.0235608 0.5664133
1403637228.188319 -9.5555754 6.8978610 -0.2794756 -0.8065290 0.0375299 -0.0372292 0.5888258
1403637229.038319 -9.6406374 6.8688202 -0.2449785 -0.8138114 0.0325491 -0.0395158 0.5788692
1403637229.388319 -9.7032537 6.8202524 -0.2698690 -0.8104485 0.0379987 -0.0501405 0.5824211
1403637229.788319 -9.7579546 6.7583766 -0.3485513 -0.8193207 0.1451197 -0.0722782 0.5499359
1403637230.138319 -9.7311945 6.7412772 -0.4347494 -0.7932100 0.2183684 -0.1608211 0.5452240
1403637230.538319 -9.7032433 6.7550664 -0.4459673 -0.7719118 0.2597533 -0.2005289 0.5444888
1403637230.938319 -9.6909189 6.7733641 -0.3627585 -0.7523170 0.3341407 -0.2199754 0.5234308
1403637231.338319 -9.6279659 6.7599163 -0.3767856 0.6953253 -0.4581418 0.2849294 -0.4748093
1403637231.738319 -9.4852581 6.6979651 -0.6099057 0.5929760 -0.5871796 0.3623435 -0.4150978
1403637232.238319 -9.2035522 6.4837818 -0.8106861 -0.4677012 0.6714392 -0.4420522 0.3674435
1403637232.738319 -8.9698305 6.0976753 -0.8297448 -0.3637017 0.7457475 -0.4692571 0.3022901
1403637233.138319 -8.8436470 5.6234074 -0.7560911 -0.3406921 0.7847878 -0.4598615 0.2378324
1403637233.588319 -8.6050625 4.8838849 -0.7252889 -0.3814859 0.7722158 -0.4691754 0.1950019
1403637234.088319 -8.0511875 4.0794144 -0.8958664 -0.4273908 0.6897379 -0.5657418 0.1467469
1403637234.538319 -7.2682533 3.8493428 -1.1135936 -0.4096509 0.6814141 -0.5764655 0.1885427
1403637235.038319 -6.3243561 4.0933251 -1.4086937 -0.4317677 0.6644742 -0.5274695 0.3063108
1403637235.538319 -5.5813322 4.5425081 -1.5859109 -0.5080245 0.6440333 -0.4689818 0.3273957
1403637236.038319 -4.9149055 5.1036353 -1.5773261 0.5744668 -0.5590529 0.4848491 -0.3498132
1403637236.488319 -4.4348559 5.8824806 -1.4132475 0.6287095 -0.5007460 0.4453573 -0.3945058
1403637236.938319 -4.1159320 6.8938360 -1.2125828 0.6265957 -0.4565820 0.4274115 -0.4650054
1403637237.988319 -4.8836021 9.0376759 -0.4091679 -0.6286442 0.4378632 -0.3309453 0.5509604
1403637238.488319 -5.7416110 9.4672976 -0.1092218 -0.5480407 0.5915836 -0.3137278 0.5012537
1403637238.988319 -6.5451169 9.2571383 0.0668583 -0.5122991 0.7154074 -0.2697616 0.3911145
1403637239.488319 -6.8695970 8.3406353 0.2252181 -0.4941675 0.7081519 -0.3701985 0.3424506
1403637239.988319 -6.8784304 7.1040235 0.0875585 -0.3815123 0.7255152 -0.4966628 0.2853101
1403637240.488319 -6.8961315 5.8612094 -0.2304919 -0.2994842 0.7813008 -0.5145904 0.1872822
1403637240.988319 -6.8201017 4.6684399 -0.4034181 -0.2988429 0.7597543 -0.5508677 0.1732365
1403637241.488319 -6.6233478 3.6211648 -0.5758200 -0.3239516 0.7484610 -0.5547897 0.1645283
1403637241.938319 -6.3254919 2.9264178 -0.6772639 -0.3175183 0.7210000 -0.5864832 0.1880914
1403637242.388319 -6.0246391 2.5674376 -0.6726222 -0.3224376 0.7153962 -0.5957480 0.1712496
1403637242.838319 -5.7321568 2.5853324 -0.6701100 -0.3437249 0.6988267 -0.5921378 0.2070436
1403637243.338319 -5.4690871 3.0160525 -0.6159056 -0.3706983 0.6996743 -0.5670459 0.2269307
1403637243.838319 -5.2711425 3.6986837 -0.5936482 -0.3544031 0.7347566 -0.5233561 0.2462304
1403637244.338319 -5.1184621 4.3529453 -0.3668876 -0.3416769 0.7476682 -0.5130730 0.2469920
1403637244.788319 -5.0069914 4.8284764 -0.0913479 -0.3971411 0.7304232 -0.5012325 0.2398472
1403637245.238319 -4.8110423 5.2379799 0.0801735 -0.4106742 0.7413732 -0.4615290 0.2621133
1403637245.738319 -4.4437661 5.5549421 0.1563020 -0.4473015 0.7088035 -0.4753313 0.2675426
1403637246.238319 -3.9858432 5.8755236 0.1101730 -0.5498543 0.5977516 -0.4466409 0.3753199
1403637246.788319 -3.5907540 6.2964597 -0.0671166 0.6773142 -0.4111924 0.3700529 -0.4850021
1403637247.238319 -3.4940741 6.7132778 -0.1699721 0.7399309 -0.3509116 0.2862812 -0.4973996
1403637247.638319 -3.5084724 7.1135755 -0.2863524 -0.7191441 0.3329237 -0.2940705 0.5343363
1403637248.138319 -3.7703426 7.5901279 -0.4104152 -0.7477539 0.2760525 -0.2528564 0.5483811
1403637248.588319 -4.1849270 7.9922934 -0.4895094 -0.7603046 0.2563225 -0.2232678 0.5535219
1403637249.088319 -4.7362862 8.4040184 -0.4960197 -0.7684079 0.2718848 -0.2259546 0.5334532
1403637249.588319 -5.3419552 8.8341694 -0.4116467 -0.7634942 0.2788914 -0.2291020 0.5355449
1403637250.688319 -6.7851725 9.6704540 -0.5062791 -0.7840997 0.2401783 -0.1420792 0.5543602
1403637252.388319 -7.7949486 10.1837196 -0.1029849 -0.7887844 0.1427156 -0.1033098 0.5888788
1403637252.938319 -7.9591846 10.1289234 -0.1718905 -0.8057843 0.1536898 -0.0933441 0.5642495
1403637253.488319 -8.0256691 10.0430584 -0.1682146 -0.7971072 0.1488558 -0.1066045 0.5754105
1403637254.038319 -8.0801439 9.9056587 -0.1703598 -0.7957394 0.1402715 -0.1200421 0.5768122
1403637254.588319 -8.2010498 9.7180786 -0.0398395 -0.8102717 0.1078490 -0.0981088 0.5676290
1403637255.138319 -8.3692970 9.5328007 -0.0255620 -0.8016314 0.0975902 -0.0858413 0.5835184
1403637255.738319 -8.5964518 9.2757750 -0.0207782 -0.8102590 0.0307818 -0.0425232 0.5837161
1403637256.288319 -8.8354492 9.0143366 0.0540340 -0.8111950 -0.0384528 0.0002573 0.5835094
1403637256.838319 -9.1189604 8.7435570 0.0448294 -0.8209590 -0.0202471 0.0162219 0.5703971
1403637257.388319 -9.3861313 8.4759045 0.0392036 -0.8141601 -0.0592179 0.0214349 0.5772144
1403637257.938319 -9.6693182 8.2362337 0.0408213 -0.8262964 -0.0790685 0.0398473 0.5562321
1403637258.488319 -9.9816055 8.1017590 0.0025465 -0.8051417 -0.1448980 0.0934060 0.5674738
1403637259.038319 -10.2605705 8.0315762 -0.0856068 -0.8003513 -0.1427167 0.1111736 0.5715856
1403637259.538319 -10.4345369 7.9908848 -0.0326006 -0.8003359 -0.1283469 0.1203313 0.5731575
1403637259.988319 -10.4856939 7.9636183 -0.0372894 -0.8015804 -0.1308499 0.1135900 0.5722275
1403637260.438319 -10.4675398 7.9376183 -0.1158781 -0.7974875 -0.1546891 0.0830853 0.5772186
1403637260.888319 -10.4841690 7.9020629 -0.2175307 -0.8026464 -0.1521660 0.0901581 0.5696274
1403637261.238319 -10.5227785 7.8736124 -0.2969134 -0.8100919 -0.1533388 0.0902146 0.5586585
1403637261.488319 -10.5609245 7.8605833 -0.3245881 -0.8043337 -0.1479364 0.0972652 0.5671869
1403637261.888319 -10.6248360 7.8693886 -0.3190746 -0.8056815 -0.1490919 0.0929582 0.5656919
1403637262.288319 -10.6894207 7.8968096 -0.3554842 -0.7985413 -0.1361329 0.1032420 0.5771831
1403637262.438319 -10.6797647 7.8920708 -0.3557842 -0.7944014 -0.1221254 0.0941670 0.5874895
1403637262.888319 -10.6723518 7.8878736 -0.3656657 -0.7923874 -0.0943789 0.1013956 0.5940822
1403637263.038319 -10.6710787 7.8881254 -0.3671341 -0.7918323 -0.0946776 0.1002263 0.5949726
1403637263.538319 -10.6721821 7.8888741 -0.3688195 -0.7920126 -0.0942354 0.1008321 0.5947003
1403637263.888319 -10.6729136 7.8888664 -0.3682201 -0.7920130 -0.0940108 0.1009651 0.5947126
1403637264.238319 -10.6729546 7.8880649 -0.3677227 -0.7921394 -0.0939759 0.1009343 0.5945551
1403637264.588319 -10.6730757 7.8881121 -0.3675954 -0.7921873 -0.0940268 0.1008267 0.5945015
1403637265.088319 -10.6718702 7.8883696 -0.3658891 -0.7923605 -0.0939501 0.1009220 0.5942668
