1403638541.877830 0.4042129 -3.3432903 1.5041058 -0.8237054 -0.0046709 -0.0183360 0.5667021
1403638542.127830 0.3004564 -3.1983795 1.5671450 -0.8247039 -0.0459225 0.0154289 0.5634860
1403638542.377830 0.1878710 -3.0545261 1.5963608 -0.8187087 -0.1015622 0.0532493 0.5626414
1403638542.627830 0.0671501 -2.9093356 1.6076052 -0.7969313 -0.1489813 0.0532672 0.5829811
1403638542.877830 -0.0878993 -2.7963850 1.6493828 -0.8048360 -0.1477435 0.0722133 0.5702592
1403638543.377830 -0.4438230 -2.6152246 1.7689497 -0.8134934 -0.1352052 0.0816159 0.5597201
1403638543.627830 -0.6302716 -2.5254879 1.7874553 -0.8103184 -0.1602349 0.0930680 0.5559197
1403638543.877830 -0.8287860 -2.4400396 1.8082217 -0.7963806 -0.2153346 0.1209328 0.5520725
1403638544.127830 -1.0429022 -2.3510070 1.8708130 -0.7867241 -0.2507481 0.1566520 0.5418953
1403638544.227829 -1.1302998 -2.3124335 1.8941298 -0.7845672 -0.2553905 0.1665568 0.5398969
1403638544.477829 -1.3466229 -2.2080390 1.9250267 -0.7842245 -0.2605642 0.1713406 0.5364137
1403638544.577830 -1.4333909 -2.1634426 1.9332187 -0.7815177 -0.2600069 0.1726949 0.5401873
1403638544.827830 -1.6493487 -2.0517759 1.9732491 -0.7757511 -0.2624477 0.1772126 0.5458268
1403638545.327830 -2.0628614 -1.8319304 1.9807045 -0.7759644 -0.2664199 0.1779030 0.5433692
1403638545.477829 -2.1838286 -1.7683995 1.9578941 -0.7746732 -0.2666843 0.1810624 0.5440376
1403638545.677830 -2.3449523 -1.6902471 1.9387423 -0.7694861 -0.2855679 0.1954191 0.5367991
1403638545.877830 -2.5030279 -1.6147528 1.9468226 -0.7561644 -0.3236246 0.2175937 0.5254854
1403638546.077830 -2.6582856 -1.5405689 1.9791306 -0.7374800 -0.3674291 0.2363301 0.5150406
1403638546.277829 -2.8184915 -1.4664167 1.9997833 -0.7268698 -0.3889321 0.2506557 0.5075076
1403638546.477829 -2.9863353 -1.3927882 1.9970069 -0.7254825 -0.3926152 0.2607705 0.5015245
1403638546.677830 -3.1592033 -1.3194921 1.9926088 0.7199934 0.4025287 -0.2658873 -0.4988828
1403638547.077830 -3.5298581 -1.1742350 2.0518229 0.7090484 0.4224935 -0.2655463 -0.4982315
1403638547.327830 -3.7800355 -1.0970941 2.0584738 -0.7064492 -0.4277807 0.2594371 0.5006251
1403638547.727829 -4.2137518 -1.0060129 2.0252979 0.7146986 0.4157045 -0.2706204 -0.4931127
1403638548.027829 -4.5598164 -0.9456704 1.9691978 0.7124856 0.4193730 -0.2667400 -0.4953181
1403638548.277829 -4.8673391 -0.9078869 1.9654998 0.7039626 0.4363616 -0.2811582 -0.4847422
1403638548.527829 -5.1836081 -0.8793817 2.0065506 0.6851308 0.4654952 -0.3032175 -0.4711360
1403638548.777829 -5.5098143 -0.8491331 2.0354471 0.6738201 0.4806298 -0.3149469 -0.4645101
1403638549.027829 -5.8449697 -0.8176819 2.0850222 0.6709962 0.4858361 -0.3173574 -0.4615318
1403638549.277829 -6.1824222 -0.7880102 2.1703267 0.6715309 0.4830729 -0.3206320 -0.4613911
1403638549.527829 -6.5283966 -0.7554169 2.2698636 0.6739658 0.4775265 -0.3253330 -0.4603225
1403638549.777829 -6.8723702 -0.7168574 2.3425801 0.6728873 0.4753476 -0.3260041 -0.4636689
1403638550.027829 -7.2228413 -0.6675004 2.4425361 0.6753843 0.4749805 -0.3252751 -0.4609183
1403638550.277829 -7.5817752 -0.6053393 2.5905898 0.6757696 0.4757370 -0.3258269 -0.4591804
1403638550.527829 -7.9385462 -0.5345594 2.7469110 0.6760169 0.4736656 -0.3303914 -0.4576936
1403638550.777829 -8.2909069 -0.4495509 2.8669028 0.6727649 0.4671095 -0.3393852 -0.4626161
1403638551.027829 -8.6234131 -0.3488836 2.9617577 0.6627397 0.4576274 -0.3505739 -0.4779655
1403638551.277829 -8.9086199 -0.2420738 3.0525081 0.6631399 0.4523439 -0.3574127 -0.4773750
1403638551.527829 -9.1375446 -0.1154363 3.1494105 0.6878930 0.4290299 -0.3418863 -0.4752370
1403638551.777829 -9.3270750 0.0472243 3.2153056 0.7194223 0.3785582 -0.3204833 -0.4862258
1403638552.027829 -9.4712286 0.2487514 3.2678499 -0.7300397 -0.3509238 0.2884808 0.5105609
1403638552.277829 -9.5686369 0.4659812 3.3554218 -0.7386477 -0.3433734 0.2739467 0.5113190
1403638552.527829 -9.6344032 0.6973696 3.4413183 -0.7332067 -0.3335582 0.2846955 0.5197068
1403638552.777829 -9.6526270 0.9377763 3.4902575 -0.7290334 -0.3362508 0.2862466 0.5229798
1403638553.027829 -9.6191521 1.1834857 3.5061488 -0.7266069 -0.3502492 0.2769937 0.5221512
1403638553.277829 -9.5527916 1.4262366 3.5062652 -0.7156603 -0.3493598 0.2871687 0.5322701
1403638553.527829 -9.4379473 1.6540582 3.5281510 -0.7038995 -0.3570046 0.2817725 0.5455978
1403638554.577830 -8.4853754 2.1886225 3.7516484 -0.7265201 -0.3785252 0.2554441 0.5134544
1403638554.827830 -8.2494774 2.2713990 3.7859051 -0.7284379 -0.3706645 0.2676888 0.5102233
1403638555.077830 -8.0176716 2.3628616 3.8287449 -0.7311458 -0.3610040 0.2682130 0.5129940
1403638555.377830 -7.7319894 2.4843805 3.8343182 -0.7435895 -0.3391900 0.2465811 0.5207894
1403638555.877830 -7.2542791 2.6910589 3.8411922 -0.7491905 -0.3319101 0.2355515 0.5225556
1403638556.127830 -7.0208941 2.8005500 3.8962505 -0.7499429 -0.3353362 0.2328741 0.5204844
1403638556.627830 -6.5983868 3.0554931 3.9482417 0.7651680 0.3335611 -0.2338926 -0.4985467
1403638557.227829 -6.1433201 3.5041392 4.0655499 -0.7546096 -0.3235096 0.2479492 0.5142241
1403638557.727829 -5.7486424 3.9639020 4.1265302 -0.7475250 -0.3361633 0.2317504 0.5239198
1403638558.177830 -5.4261236 4.3687243 4.1646833 -0.7588585 -0.3400486 0.2240911 0.5082162
1403638558.677830 -5.1830673 4.8561726 4.2709513 0.7713768 0.3386227 -0.2207819 -0.4914952
1403638558.927830 -5.1239462 5.1422548 4.3494663 -0.7666547 -0.3299746 0.2309011 0.5000415
1403638559.227829 -5.0713730 5.5146027 4.3861799 -0.7547513 -0.3326581 0.2289360 0.5169879
1403638559.477829 -5.0363097 5.8242865 4.3747287 -0.7497452 -0.3397695 0.2216853 0.5227754
1403638560.077830 -5.0129681 6.5051184 4.3018236 -0.7553590 -0.3213548 0.2153092 0.5289659
1403638560.427830 -5.0191898 6.8833852 4.2135162 -0.7763793 -0.2412671 0.1696966 0.5569810
1403638560.977829 -4.9647808 7.3949800 4.0486603 -0.7988229 -0.0993221 0.1054368 0.5838660
1403638561.577830 -4.6885786 7.7511826 4.0272155 -0.8086833 -0.0492155 0.0414355 0.5847155
1403638561.777829 -4.5731711 7.8265810 3.9970307 -0.8109809 -0.0537894 0.0371396 0.5814094
1403638562.027829 -4.4280515 7.9071646 3.9338439 -0.8106070 -0.0454737 0.0256114 0.5832602
1403638562.277829 -4.2861762 7.9666467 3.8930035 -0.8108385 -0.0222765 0.0067571 0.5848065
1403638562.527829 -4.1518145 8.0067892 3.8875451 -0.8097465 0.0156045 -0.0128378 0.5864317
1403638562.777829 -4.0127950 8.0353251 3.9140372 -0.8058762 0.0765326 -0.0352382 0.5860583
1403638562.977829 -3.8891172 8.0403271 3.9227386 -0.8007573 0.1231307 -0.0627475 0.5828282
1403638563.277829 -3.6812606 8.0153866 3.8983226 -0.7891918 0.1785368 -0.0946549 0.5799489
1403638563.577830 -3.4515219 7.9321132 3.8391964 -0.7741812 0.1921565 -0.1095775 0.5930527
1403638563.827830 -3.2508655 7.7985382 3.8154161 -0.7803829 0.1930981 -0.1035707 0.5856519
1403638564.177830 -2.9415886 7.5360837 3.8290691 -0.7809180 0.1842382 -0.0932109 0.5895205
1403638564.477829 -2.6458371 7.2433248 3.8380036 -0.7789117 0.1690547 -0.0956783 0.5962903
1403638564.727829 -2.3883495 6.9460115 3.8671117 -0.7822602 0.1729759 -0.0852220 0.5923552
1403638565.077830 -1.9985191 6.4623909 3.8061850 -0.7809099 0.1795516 -0.0782892 0.5931367
1403638565.327830 -1.6903152 6.0812149 3.6605964 -0.7829493 0.1786512 -0.0805085 0.5904166
1403638565.527829 -1.4266516 5.7556024 3.5344024 -0.7820171 0.1753140 -0.0886037 0.5914925
1403638565.727829 -1.1526725 5.4122047 3.4340882 -0.7827265 0.1655172 -0.1093426 0.5899041
1403638565.927830 -0.8901041 5.0512977 3.3638997 -0.7885525 0.1618073 -0.1203490 0.5809640
1403638566.127830 -0.6466146 4.6837635 3.2927079 -0.7897133 0.1635406 -0.1211879 0.5787232
1403638566.427830 -0.3119808 4.1292520 3.1283414 -0.7904969 0.1625730 -0.1203881 0.5780923
1403638566.627830 -0.1053491 3.7629128 2.9876475 -0.7977515 0.1617382 -0.1148095 0.5694308
1403638566.727829 -0.0061026 3.5815697 2.9074965 -0.8101617 0.1623105 -0.1109575 0.5522507
1403638566.927830 0.1912538 3.2390828 2.7382755 -0.8267784 0.1586944 -0.1072868 0.5289065
1403638567.077830 0.3401342 3.0074472 2.6103168 -0.8203661 0.1558029 -0.1078308 0.5395336
1403638567.327830 0.5841061 2.6562042 2.3839417 -0.7982596 0.1484039 -0.1196877 0.5713423
1403638567.577830 0.8053210 2.3111892 2.1578546 -0.8019992 0.1513830 -0.1228207 0.5646192
1403638567.827830 1.0014255 1.9802749 1.9823438 -0.8103490 0.1537105 -0.1270361 0.5509708
1403638568.077830 1.1770759 1.6896259 1.8538091 -0.8118224 0.1552905 -0.1280457 0.5481178
1403638568.377830 1.3620319 1.3851285 1.7556139 -0.8112456 0.1548459 -0.1315770 0.5482615
1403638568.627830 1.4926708 1.1673683 1.6611941 -0.8142114 0.1544953 -0.1325810 0.5437027
1403638569.177830 1.7058424 0.8328197 1.5301917 -0.8161464 0.1524947 -0.1353939 0.5406647
1403638569.677830 1.8074499 0.6894526 1.4627481 -0.8133868 0.1513359 -0.1394987 0.5440944
1403638570.177830 1.8076336 0.6657440 1.4510807 -0.8084955 0.1544238 -0.1344176 0.5517423
1403638570.477829 1.7740450 0.6828845 1.4031286 -0.8031108 0.1816714 -0.1167080 0.5553259
1403638571.527829 2.0846641 0.3945361 1.0839654 -0.7331397 0.3521947 -0.2240695 0.5368960
1403638571.777829 2.2200711 0.2082351 1.0500653 -0.7273617 0.3772187 -0.2393162 0.5209395
1403638572.027829 2.3721087 -0.0002388 1.0034790 -0.7077334 0.4217110 -0.2573137 0.5050374
1403638572.527829 2.7274113 -0.4960415 0.9823309 0.6696736 -0.4939746 0.3171628 -0.4549001
1403638572.777829 2.9305348 -0.7515566 0.9742992 0.6654999 -0.5018832 0.3341857 -0.4399353
1403638572.977829 3.1103244 -0.9450386 1.0013202 0.6703007 -0.5005070 0.3372908 -0.4317692
1403638573.177830 3.3046122 -1.1218171 1.0220814 0.6743186 -0.4986694 0.3345498 -0.4297671
1403638573.427830 3.5717430 -1.3191936 1.0392358 0.6771466 -0.4965342 0.3334464 -0.4286486
1403638573.677830 3.8700485 -1.4864099 1.0894635 0.6767661 -0.4974492 0.3390661 -0.4237519
1403638573.877830 4.1296101 -1.5968997 1.1470234 0.6609852 -0.5044737 0.3597232 -0.4233246
1403638574.077830 4.3969917 -1.6886841 1.1884011 0.6198882 -0.5341398 0.3785673 -0.4325733
1403638574.327830 4.7132125 -1.8099778 1.2099867 -0.5634992 0.5828661 -0.3988793 0.4285218
1403638574.627830 5.0492029 -1.9958527 1.2135217 -0.5238140 0.6230263 -0.4290162 0.3916656
1403638574.827830 5.2519870 -2.1342297 1.2420602 -0.5218120 0.6294937 -0.4438027 0.3667272
1403638575.077830 5.4930444 -2.3030705 1.2734631 -0.5222307 0.6407564 -0.4329906 0.3594792
1403638575.277829 5.6862669 -2.4418297 1.2762818 -0.5177445 0.6443213 -0.4252265 0.3687451
1403638575.477829 5.8796825 -2.5940855 1.2594066 -0.5267559 0.6439285 -0.4196015 0.3630686
1403638575.727829 6.1338396 -2.8003650 1.2433653 -0.5428187 0.6364706 -0.4211856 0.3505077
1403638575.927830 6.3559198 -2.9660356 1.2670934 -0.5509918 0.6338430 -0.4202287 0.3435968
1403638576.177830 6.6640730 -3.1611233 1.3442490 -0.5503560 0.6310990 -0.4228566 0.3464311
1403638576.427830 6.9988160 -3.3433256 1.4127562 -0.5544952 0.6249977 -0.4321135 0.3393973
1403638576.677830 7.3587523 -3.4992206 1.4491260 -0.5622231 0.6187807 -0.4407135 0.3267823
1403638576.877830 7.6652470 -3.5911736 1.4619856 -0.5555646 0.6123648 -0.4502311 0.3371190
1403638577.127830 8.0514584 -3.6674199 1.4626439 -0.5427892 0.6171410 -0.4455266 0.3549964
1403638577.377830 8.4313030 -3.7212119 1.4942889 -0.5468665 0.6136581 -0.4502169 0.3488055
1403638577.627830 8.8066950 -3.7452874 1.5485201 -0.5484850 0.6135626 -0.4496080 0.3472145
1403638577.827830 9.1024685 -3.7430601 1.5658219 -0.5476560 0.6161371 -0.4451314 0.3497221
1403638578.077830 9.4714193 -3.7188270 1.5731254 -0.5478304 0.6143286 -0.4453220 0.3523785
1403638578.277829 9.7677097 -3.6832504 1.6073768 -0.5391082 0.6212860 -0.4343147 0.3670653
1403638578.477829 10.0601339 -3.6513546 1.6367805 -0.5362338 0.6229351 -0.4327936 0.3702635
1403638578.727829 10.4123173 -3.6208851 1.6439395 -0.5371030 0.6210123 -0.4371206 0.3671369
1403638578.927830 10.6841011 -3.5984917 1.6342947 -0.5429483 0.6151915 -0.4452300 0.3584922
1403638579.127830 10.9534540 -3.5658562 1.6425226 -0.5450042 0.6123044 -0.4473387 0.3576893
1403638579.377830 11.2834826 -3.5057297 1.6982744 -0.5405311 0.6166027 -0.4401858 0.3658735
1403638579.827830 11.8349218 -3.3871131 1.7542374 -0.5602087 0.5799702 -0.4346754 0.4010713
1403638582.327830 13.2171783 -2.8821535 1.7167320 -0.7265712 0.3649640 -0.2811229 0.5097694
1403638582.827830 13.2508640 -2.7920575 1.9361429 -0.7266213 0.3638415 -0.2830834 0.5094153
1403638583.677830 13.1624966 -2.5951395 2.2208607 0.7335523 -0.3685419 0.2804419 -0.4974233
1403638583.977829 13.1168957 -2.4920311 2.3121390 0.7326069 -0.3674788 0.2814834 -0.4990124
1403638584.577830 12.9298182 -2.2798781 2.3574593 -0.7099163 0.3545739 -0.2978092 0.5306652
1403638585.477829 12.3014975 -2.0647550 2.4191377 -0.7258346 0.3679544 -0.2790780 0.5097927
1403638585.777829 12.0726070 -1.9939294 2.4380617 0.7348966 -0.3714271 0.2729206 -0.4974767
1403638586.077830 11.8666134 -1.9014592 2.5232961 0.7340985 -0.3747519 0.2706060 -0.4974261
1403638586.377830 11.6782246 -1.8005302 2.5836337 -0.7265506 0.3683994 -0.2821936 0.5067267
1403638586.677830 11.4774065 -1.7000306 2.5973024 -0.7256919 0.3641248 -0.2896321 0.5068502
1403638587.277829 11.0121632 -1.4957283 2.5188944 -0.7262789 0.3682103 -0.2817229 0.5075158
1403638587.577830 10.7610455 -1.3970590 2.5207732 -0.7275527 0.3715382 -0.2782492 0.5051767
1403638587.927830 10.4703293 -1.2822974 2.4793572 -0.7258908 0.3735543 -0.2775189 0.5064808
1403638588.227829 10.2262793 -1.1879702 2.4068663 -0.7275897 0.3667419 -0.2867598 0.5038671
1403638588.527829 9.9734726 -1.0848105 2.3636410 -0.7277177 0.3672328 -0.2853180 0.5041429
1403638589.127830 9.4232941 -0.8844857 2.3687673 -0.7234914 0.3723835 -0.2805018 0.5091258
1403638589.427830 9.1452808 -0.7954319 2.3194671 -0.7223110 0.3725551 -0.2804620 0.5106962
1403638589.727829 8.8620510 -0.7169390 2.3096023 -0.7239329 0.3733596 -0.2794988 0.5083343
1403638590.027829 8.5786057 -0.6473291 2.3175712 -0.7241791 0.3758481 -0.2791104 0.5063595
1403638590.327830 8.2988358 -0.5819485 2.2802591 -0.7222806 0.3763693 -0.2805273 0.5078987
1403638590.577830 8.0666485 -0.5333030 2.2314448 -0.7240686 0.3779180 -0.2790336 0.5050175
1403638591.177830 7.5497723 -0.4236124 2.2597623 0.7326083 -0.3837860 0.2710225 -0.4924836
1403638591.477829 7.3391404 -0.3577480 2.2569137 0.7444887 -0.3922847 0.2594261 -0.4738642
1403638591.727829 7.2154760 -0.2788808 2.2209973 0.7461331 -0.3959154 0.2550822 -0.4706055
1403638592.077830 7.1316810 -0.1335771 2.1925454 0.7381112 -0.3908722 0.2609285 -0.4840733
1403638592.377830 7.1193905 0.0111649 2.2574334 -0.7299025 0.3736065 -0.2498201 0.5150241
1403638592.677830 7.1314754 0.1280184 2.3893394 -0.7533764 0.3374245 -0.2239563 0.5180845
1403638592.977829 7.1814661 0.2297127 2.5194232 -0.7705203 0.3236345 -0.2119732 0.5065825
1403638593.327830 7.3006592 0.3679824 2.6494279 -0.7662895 0.3142135 -0.2231528 0.5140741
1403638593.627830 7.4204035 0.5017912 2.7686706 -0.7573127 0.3046502 -0.2434365 0.5238366
1403638594.227829 7.5423412 0.7540624 2.9558363 -0.7555260 0.2918516 -0.2276550 0.5405329
1403638594.527829 7.5460386 0.8398442 3.0628233 -0.7559383 0.2798942 -0.2315770 0.5445991
1403638594.827830 7.5099730 0.9079356 3.1998861 -0.7563244 0.2872273 -0.2202721 0.5449344
1403638595.177830 7.4472666 0.9612651 3.2902966 -0.7592663 0.2916885 -0.2181687 0.5392908
1403638595.877830 7.2936964 1.0076158 3.3203244 -0.7628207 0.2871667 -0.2249148 0.5339029
1403638596.277829 7.1719956 1.0285943 3.2549100 -0.7694501 0.2646731 -0.2557559 0.5219992
1403638596.627830 6.9660854 1.1088288 3.2755148 -0.7728020 0.2437106 -0.2798167 0.5148635
1403638597.027829 6.5341063 1.3384501 3.4070668 -0.7724419 0.2328856 -0.2936053 0.5127311
1403638597.377830 5.9750452 1.6581894 3.4855039 -0.7648446 0.2386913 -0.2916184 0.5224915
1403638597.727829 5.2650371 2.0425711 3.5000880 -0.7525303 0.2571483 -0.2694163 0.5431271
1403638598.027829 4.5729322 2.3748846 3.4650598 -0.7628946 0.2305832 -0.2752801 0.5376279
1403638598.277829 3.9233544 2.6638765 3.4646986 -0.7638226 0.2488421 -0.2319749 0.5484885
1403638598.577830 3.1242890 2.9918091 3.4451728 -0.7693571 0.2548742 -0.2111081 0.5464081
1403638598.777829 2.5957923 3.1963086 3.4048736 -0.7767445 0.2364182 -0.1985383 0.5489596
1403638599.077830 1.8132706 3.4847102 3.3794601 -0.7890426 0.1905647 -0.1685661 0.5591795
1403638599.427830 0.9070050 3.7900829 3.4181743 -0.8061876 0.1309824 -0.1289753 0.5623785
1403638599.827830 -0.0991229 4.1225567 3.4637501 -0.8150516 0.1134211 -0.1114842 0.5571332
1403638600.177830 -0.9384292 4.4329014 3.4345841 -0.8153430 0.1394787 -0.0872097 0.5551174
1403638600.527829 -1.6737008 4.7481785 3.3826945 -0.8170303 0.1655494 -0.0627407 0.5487418
1403638600.877830 -2.2230468 5.0674081 3.4107451 -0.8270150 0.1605298 -0.0701602 0.5341848
1403638601.177830 -2.5764894 5.3719063 3.4345357 -0.8317655 0.1326558 -0.1035730 0.5289993
1403638601.527829 -2.9546583 5.7914286 3.4460483 -0.8165589 0.1083307 -0.0963119 0.5587659
1403638601.827830 -3.2846742 6.1578197 3.5042579 -0.8169562 0.0399765 -0.0609910 0.5720698
1403638602.127830 -3.6290138 6.5059114 3.5865741 -0.8169962 -0.0237557 -0.0255853 0.5755845
1403638602.477829 -4.0642004 6.8766589 3.6507921 -0.7819695 -0.0730514 0.0369499 0.6179171
1403638602.827830 -4.4624000 7.0866108 3.7900338 -0.7522877 -0.1259132 0.1065748 0.6378483
1403638603.177830 -4.7322950 7.0752320 3.9511666 -0.7476171 -0.1809918 0.1683288 0.6164215
1403638603.527829 -4.8702049 6.9457965 4.0136404 -0.7820133 -0.2187788 0.1648580 0.5598328
1403638603.877830 -4.9506130 6.7932520 4.0044937 -0.7574305 -0.2382796 0.1526924 0.5883932
1403638604.227829 -5.0128946 6.5517845 3.9448857 -0.7481942 -0.2446017 0.1421994 0.6001287
1403638604.577830 -5.0751996 6.1846933 3.9536161 -0.7710869 -0.2391004 0.1508661 0.5705219
1403638604.927830 -5.1279907 5.7802877 3.9585896 -0.7818515 -0.2329920 0.1591471 0.5559627
1403638605.277829 -5.1682992 5.3950925 4.0075102 -0.7976423 -0.2387382 0.1518615 0.5326431
1403638605.627830 -5.2369442 5.0733714 4.0395718 -0.7733506 -0.2584304 0.1248853 0.5652839
1403638606.027829 -5.4015417 4.6641555 4.0911822 -0.7701702 -0.2653632 0.1132432 0.5688549
1403638606.427830 -5.6867990 4.1789207 4.1139574 -0.7838165 -0.2580734 0.1180221 0.5523587
1403638606.827830 -6.0699177 3.6895165 4.0355411 -0.8011086 -0.2653519 0.1490908 0.5153490
1403638607.277829 -6.5933933 3.2863865 3.9824524 -0.7679359 -0.3179342 0.2109361 0.5144883
1403638607.727829 -7.1200237 3.0164318 3.8830388 -0.7531341 -0.3228673 0.2313037 0.5244463
1403638608.127830 -7.5318661 2.8389854 3.7172613 -0.7557694 -0.3139933 0.2334812 0.5250776
1403638608.527829 -7.8837452 2.7066665 3.4738493 -0.7449944 -0.3143952 0.2259615 0.5432127
1403638608.927830 -8.1557407 2.5547853 3.2215064 -0.7477075 -0.3122042 0.2296171 0.5392010
1403638609.327830 -8.3444128 2.4009321 3.0627444 -0.7522436 -0.3042985 0.2406721 0.5325494
1403638609.777829 -8.4638147 2.2625728 2.8027968 -0.7522182 -0.3116198 0.2286054 0.5336666
1403638610.227829 -8.5193720 2.1537960 2.5992732 -0.7450684 -0.3068084 0.2343949 0.5438758
1403638610.627830 -8.4904747 2.0571949 2.3911095 -0.7329916 -0.3018557 0.2393483 0.5606406
1403638611.027829 -8.3562298 1.9215527 2.2029290 -0.7433882 -0.3050933 0.2402395 0.5445884
1403638611.427830 -8.1352253 1.7794867 2.0296266 -0.7361455 -0.3157807 0.2278792 0.5535729
1403638611.827830 -7.8647432 1.5837536 1.9224706 -0.7453893 -0.3172979 0.2220752 0.5425855
1403638612.277829 -7.5538254 1.3435988 1.7962819 -0.7537197 -0.3092623 0.2299404 0.5323446
1403638612.677830 -7.2604618 1.1647310 1.7200760 -0.7484533 -0.3129728 0.2171132 0.5428880
1403638613.077830 -6.9666085 0.9680088 1.6036741 -0.7490686 -0.3072414 0.2152953 0.5460279
1403638613.477829 -6.6795430 0.7404044 1.5826877 -0.7510867 -0.3063500 0.2140263 0.5442524
1403638613.877830 -6.3945365 0.5013542 1.5186270 -0.7504390 -0.2791688 0.2153696 0.5590362
1403638614.327830 -6.0138025 0.2058239 1.3703707 -0.7788568 -0.2213518 0.1627136 0.5638346
1403638614.727829 -5.6510601 -0.0758629 1.3395159 -0.7945653 -0.1764273 0.1483095 0.5617323
1403638615.127830 -5.2342024 -0.3143213 1.4258773 -0.8185831 -0.0953684 0.0964654 0.5581401
1403638615.527829 -4.7626176 -0.4962345 1.5441923 -0.8152986 0.0019441 0.0046771 0.5790182
1403638615.877830 -4.3656082 -0.6631012 1.6217659 -0.8131308 0.0554813 -0.0298652 0.5786598
1403638616.227829 -3.9761178 -0.8462031 1.6789558 -0.8099111 0.1025138 -0.0607437 0.5743212
1403638616.727829 -3.4207866 -1.1235391 1.5277810 -0.8107937 0.1770763 -0.1017597 0.5485452
1403638617.127830 -2.9484444 -1.3073447 1.3952637 -0.8132166 0.1774260 -0.1102548 0.5431776
1403638617.627830 -2.3191001 -1.4231325 1.4031233 -0.8243912 0.1604052 -0.1119921 0.5311369
1403638618.127830 -1.7108371 -1.3741728 1.5698540 -0.8225011 0.1506650 -0.1104058 0.5372168
1403638618.527829 -1.2522874 -1.2466344 1.6493206 -0.8216469 0.1455850 -0.1097302 0.5400549
1403638618.927830 -0.8213644 -1.0501378 1.7235631 -0.8149186 0.1580236 -0.1233005 0.5438132
1403638619.327830 -0.4181139 -0.8076963 1.7638258 -0.7880633 0.2285460 -0.1759231 0.5438504
1403638619.727829 -0.0712687 -0.5628430 1.7053362 -0.7627038 0.2976671 -0.1946789 0.5401642
1403638620.177830 0.3111615 -0.3520605 1.6092349 -0.7502213 0.3117354 -0.2021038 0.5469396
1403638620.677830 0.7389420 -0.2567975 1.6065737 -0.7583115 0.3055070 -0.2041035 0.5384891
1403638621.127830 1.1183683 -0.2372792 1.5541414 -0.7656060 0.2904794 -0.2103350 0.5340673
1403638621.627830 1.4994382 -0.2244842 1.5328327 -0.7614652 0.2787035 -0.2140092 0.5446971
1403638622.077830 1.7573131 -0.2484543 1.4392933 -0.7540414 0.2745636 -0.2171681 0.5557641
1403638622.527829 1.9121110 -0.3434165 1.3520957 -0.7554681 0.2779441 -0.2155801 0.5527567
1403638622.977829 1.9615681 -0.5182382 1.4114277 -0.7399010 0.2734397 -0.2273633 0.5710366
1403638623.477829 1.8681195 -0.8315889 1.4339755 -0.7565742 0.2870365 -0.2100858 0.5486977
1403638623.977829 1.7162783 -1.2183014 1.4850353 -0.7605765 0.2866844 -0.2168863 0.5406437
1403638624.427830 1.5440644 -1.5954418 1.4925768 -0.7584052 0.2966505 -0.2108946 0.5406877
1403638624.877830 1.3628750 -2.0044575 1.4521106 -0.7598026 0.2813196 -0.2161340 0.5448352
1403638625.327830 1.1529193 -2.4439709 1.4575624 -0.7665358 0.2776227 -0.1924673 0.5461727
1403638625.777829 0.9705330 -2.8852830 1.4920479 -0.7727390 0.2779777 -0.1896576 0.5381752
1403638626.227829 0.8308884 -3.3058577 1.5026658 -0.7765464 0.2809496 -0.1895479 0.5311446
1403638626.727829 0.7122726 -3.7267919 1.4310327 -0.7798055 0.2732950 -0.1994390 0.5267227
1403638627.177830 0.6263338 -4.0141206 1.4268746 -0.7853711 0.2741280 -0.1948798 0.5196803
1403638627.627830 0.5767677 -4.2138448 1.3811638 -0.7835666 0.2688098 -0.2020024 0.5224553
1403638628.077830 0.5344398 -4.3393359 1.3141656 -0.7825006 0.2680194 -0.2063375 0.5227647
1403638628.527829 0.4789619 -4.3925295 1.2804251 -0.7761065 0.2778980 -0.1969981 0.5306813
1403638628.977829 0.4399788 -4.4228630 1.2564994 -0.7709242 0.2772934 -0.2000092 0.5373830
1403638629.427830 0.4114647 -4.4528456 1.2349404 -0.7793894 0.2728053 -0.2061824 0.5249936
1403638629.827830 0.3896558 -4.4340835 1.2452452 -0.7716730 0.2911607 -0.1836438 0.5348094
1403638630.277829 0.4051113 -4.4269638 1.1573187 -0.7687197 0.2736895 -0.2097111 0.5386882
1403638630.527829 0.4058435 -4.4068360 1.1503617 -0.7700005 0.2726519 -0.2062862 0.5387079
1403638630.927830 0.4048218 -4.4060650 1.1227082 -0.7944314 0.2696216 -0.1958612 0.5077611
1403638631.127830 0.3975086 -4.4152589 1.1218004 -0.7945970 0.2702774 -0.1949015 0.5075225
1403638631.327830 0.3903948 -4.4246979 1.1228937 -0.7945110 0.2701867 -0.1951045 0.5076272
1403638631.477829 0.3849816 -4.4315243 1.1248903 -0.7946897 0.2700275 -0.1954264 0.5073086
