0.000000 0.000000 0.000000
0.000000 0.000000 0.000000
0.000000 0.000000 0.000000
0.000000 0.000000 0.000000
0.000000 0.000000 0.000000
0.000000 0.000000 0.000000
0.000000 0.000000 0.000000
0.000000 0.000000 0.000000
0.000000 0.000000 0.000000
0.000000 0.000000 0.000000
0.000000 0.000000 0.000000
0.000000 0.000000 0.000000
-0.107874 -1.964335 -0.000000
-0.217334 -2.417075 -0.000000
0.131669 -2.496535 -0.000000
0.122151 -2.880902 -0.000001
-0.483846 -3.344729 -0.000001
-1.199303 -3.767902 -0.000001
-1.876687 -4.152269 -0.000002
-2.528689 -4.547723 -0.000002
-3.286978 -4.917306 -0.000003
-4.076995 -5.455049 -0.000004
-4.855908 -6.129538 -0.000005
-5.763317 -6.565646 -0.000006
-6.540643 -6.953708 -0.000007
-7.122845 -7.561673 -0.000008
-7.440121 -8.276816 -0.000010
-7.987423 -8.690749 -0.000011
-8.377672 -8.877388 -0.000012
-9.126444 -9.051092 -0.000013
-10.378098 -9.692318 -0.000016
-11.375932 -10.703127 -0.000019
-12.288102 -11.614149 -0.000022
-13.295455 -12.458646 -0.000026
-14.060091 -13.101720 -0.000029
-14.607393 -13.796536 -0.000032
-15.115037 -14.805497 -0.000035
-15.833668 -15.640755 -0.000039
-16.777566 -16.307851 -0.000043
-17.640559 -17.061800 -0.000047
-18.481342 -17.754767 -0.000052
-19.433172 -18.384905 -0.000056
-20.312028 -19.120374 -0.000061
-21.225786 -20.016612 -0.000067
-22.290250 -20.947959 -0.000073
-23.031091 -21.365587 -0.000077
-23.810006 -21.853435 -0.000082
-24.468355 -22.337588 -0.000086
-25.256789 -23.080448 -0.000092
-26.100746 -23.775263 -0.000098
-26.751164 -24.270503 -0.000102
-27.322263 -24.743568 -0.000107
-28.096420 -25.560345 -0.000113
-28.810294 -26.358643 -0.000120
-29.511478 -27.387931 -0.000127
-30.428410 -28.295255 -0.000136
-31.270781 -29.099097 -0.000143
-32.397116 -29.886306 -0.000153
-33.256938 -30.631013 -0.000160
-33.981918 -31.440398 -0.000168
-34.914714 -32.393920 -0.000178
-36.074364 -33.497123 -0.000190
-37.603641 -34.302809 -0.000203
-39.205892 -35.241545 -0.000218
-40.519421 -36.121148 -0.000231
-41.564852 -36.928683 -0.000243
-42.505581 -37.688173 -0.000253
-43.216284 -38.419945 -0.000262
-43.827045 -39.148022 -0.000271
-44.480639 -39.940775 -0.000281
-45.359499 -40.709505 -0.000292
-46.212977 -41.515193 -0.000303
-46.918921 -42.108371 -0.000312
-47.707358 -42.725572 -0.000322
-48.562422 -43.464734 -0.000333
-49.196980 -44.093023 -0.000343
-50.171023 -44.619675 -0.000354
-51.308465 -45.390250 -0.000368
-52.249195 -46.103541 -0.000381
-53.145505 -46.635737 -0.000392
-53.781649 -47.214131 -0.000402
-54.265499 -47.696435 -0.000410
-54.708104 -48.263743 -0.000418
-55.650420 -48.923445 -0.000431
-56.691094 -49.669997 -0.000446
-57.730181 -50.471987 -0.000462
-58.951702 -51.129839 -0.000478
-59.692549 -51.983572 -0.000492
-60.709426 -52.506527 -0.000506
-61.423304 -53.155141 -0.000518
-62.170496 -53.820387 -0.000531
-62.727321 -54.367367 -0.000541
-63.258765 -55.173055 -0.000553
-63.858425 -56.006462 -0.000566
-64.466016 -56.802910 -0.000579
-65.183068 -57.625229 -0.000594
-65.800177 -58.382870 -0.000607
-66.706009 -59.170077 -0.000624
-67.421474 -59.757710 -0.000637
-68.232122 -60.289905 -0.000651
-68.955518 -60.820252 -0.000664
-69.910528 -61.505823 -0.000681
-71.025763 -62.202480 -0.000700
-71.695225 -63.089475 -0.000716
-72.612163 -63.967229 -0.000735
-73.808305 -64.706387 -0.000756
-74.931474 -65.510223 -0.000778
-76.008637 -66.282645 -0.000798
-77.025518 -67.012564 -0.000818
-78.155033 -67.921731 -0.000842
-79.197297 -68.731110 -0.000863
-80.047607 -69.401898 -0.000881
-81.010550 -70.050509 -0.000900
-81.906864 -70.617812 -0.000918
-82.977683 -71.379145 -0.000940
-84.130995 -72.251353 -0.000965
-85.300172 -73.238131 -0.000992
-86.410652 -74.065988 -0.001017
-87.492576 -74.866127 -0.001041
-88.469800 -75.740183 -0.001065
-89.237620 -76.651200 -0.001086
-89.800797 -77.604720 -0.001106
-90.287828 -78.694986 -0.001126
-90.797069 -79.761230 -0.001146
-91.192089 -80.779428 -0.001165
-91.571246 -81.854912 -0.001184
-91.737824 -82.736367 -0.001198
-91.622025 -83.505101 -0.001206
-91.499878 -84.166657 -0.001213
-91.130255 -84.867020 -0.001217
-90.681314 -85.781743 -0.001223
-90.119740 -86.762991 -0.001229
-89.161567 -87.640760 -0.001227
-88.458802 -88.466784 -0.001229
-87.829012 -89.314983 -0.001232
-87.326133 -90.218618 -0.001238
-86.767732 -91.334765 -0.001246
-86.491707 -92.203288 -0.001255
-86.472679 -93.208554 -0.001269
-86.342604 -94.313609 -0.001284
-86.226808 -95.633023 -0.001302
-86.141151 -96.690032 -0.001317
-86.182406 -97.717473 -0.001333
-86.439410 -98.750456 -0.001353
-86.729729 -99.814853 -0.001373
-86.850305 -101.106546 -0.001395
-86.824932 -102.135836 -0.001411
-86.618712 -103.525470 -0.001431
-86.680590 -104.597261 -0.001450
-86.828133 -105.589591 -0.001468
-86.560041 -106.605948 -0.001481
-86.331609 -107.711003 -0.001497
-86.334792 -108.965739 -0.001518
-86.342735 -110.316565 -0.001542
-86.366540 -111.410532 -0.001561
-86.277711 -112.543305 -0.001580
-86.155569 -113.759235 -0.001600
-86.014391 -115.134086 -0.001623
-85.835138 -116.390671 -0.001643
-85.387788 -118.075974 -0.001668
-85.029274 -119.419412 -0.001689
-84.680279 -120.945794 -0.001713
-84.374118 -122.612617 -0.001741
-84.374130 -124.142692 -0.001771
-84.285302 -125.469496 -0.001795
-84.156814 -126.711297 -0.001818
-84.041018 -128.041798 -0.001844
-83.880802 -129.318709 -0.001867
-83.536564 -130.654756 -0.001890
-83.209775 -131.774595 -0.001909
-82.805251 -132.816823 -0.001925
-82.462597 -133.807309 -0.001942
-82.227816 -134.594523 -0.001955
-82.072357 -135.640445 -0.001976
-82.032705 -136.634625 -0.001996
-81.713845 -137.408904 -0.002009
-81.298216 -138.373520 -0.002025
-81.180829 -139.317806 -0.002044
-81.126898 -140.090235 -0.002060
-81.022201 -140.753638 -0.002073
-80.852463 -141.681293 -0.002092
-80.777908 -142.427852 -0.002108
-80.709699 -143.272350 -0.002126
-80.506647 -144.187070 -0.002144
-80.487619 -145.293972 -0.002169
-80.433687 -146.038683 -0.002185
-80.408312 -147.090148 -0.002209
-80.495572 -148.099109 -0.002234
-80.528894 -149.039698 -0.002256
-80.665332 -150.000614 -0.002281
-80.722449 -150.837719 -0.002301
-80.708179 -151.828203 -0.002325
-80.455949 -152.872277 -0.002346
-80.256070 -153.862762 -0.002368
-79.910242 -154.834769 -0.002387
-79.610419 -155.840037 -0.002408
-79.372468 -157.022705 -0.002434
-78.848964 -158.223855 -0.002457
-78.434921 -159.290106 -0.002479
-77.947903 -160.291680 -0.002498
-77.516407 -161.132485 -0.002514
-77.072223 -162.294828 -0.002538
-76.870757 -163.279769 -0.002561
-76.482096 -164.362650 -0.002584
-76.109298 -165.225630 -0.002602
-76.121995 -166.042409 -0.002624
-76.080755 -166.925713 -0.002646
-75.793624 -168.019682 -0.002672
-75.358957 -169.180176 -0.002698
-74.843384 -170.381325 -0.002724
-74.291323 -171.373660 -0.002744
-74.034333 -172.406647 -0.002769
-73.644083 -173.214189 -0.002786
-72.949246 -174.489256 -0.002813
-72.203645 -175.810522 -0.002841
-71.711868 -177.092979 -0.002871
-71.277201 -178.253473 -0.002899
-71.145538 -179.548863 -0.002934
-71.088434 -180.507932 -0.002960
-70.936146 -181.550158 -0.002988
-70.603007 -182.439008 -0.003010
-70.403125 -183.263180 -0.003032
-70.549081 -184.172354 -0.003060
-70.604611 -185.085224 -0.003087
-70.617308 -185.894611 -0.003110
-70.530061 -186.777916 -0.003135
-70.628426 -187.838619 -0.003168
-70.731549 -188.873451 -0.003200
-70.511045 -189.902742 -0.003228
-70.376209 -191.114976 -0.003263
-70.298483 -192.255141 -0.003296
-70.225517 -193.668797 -0.003338
-69.890794 -195.063976 -0.003377
-69.694089 -196.418500 -0.003417
-69.405371 -197.686172 -0.003453
-68.916766 -199.107223 -0.003492
-68.509072 -201.008731 -0.003548
-68.104549 -202.843715 -0.003602
-67.647671 -204.006057 -0.003634
-67.373230 -205.197965 -0.003670
-67.024227 -206.349219 -0.003703
-67.008370 -207.474600 -0.003740
-66.752965 -208.514978 -0.003771
-66.646683 -209.777105 -0.003812
-66.283403 -210.908032 -0.003845
-65.885221 -212.109180 -0.003881
-65.699620 -213.471096 -0.003925
-65.196734 -214.565065 -0.003956
-64.763652 -215.799476 -0.003994
-64.330568 -216.854639 -0.004025
-63.757880 -217.991111 -0.004059
-63.464401 -219.184866 -0.004097
-63.232791 -220.240028 -0.004131
-63.026566 -221.579768 -0.004175
-62.923457 -222.958314 -0.004223
-62.560177 -224.301751 -0.004266
-61.984318 -225.696931 -0.004310
-61.343414 -226.933191 -0.004348
-60.777073 -228.459573 -0.004397
-60.163140 -229.974868 -0.004446
-59.480992 -231.601038 -0.004499
-58.816291 -232.791099 -0.004536
-58.015156 -233.561685 -0.004557
-57.263198 -233.885074 -0.004562
-56.749200 -233.894317 -0.004558
-56.249478 -233.563542 -0.004541
-55.592699 -232.935254 -0.004513
-54.880395 -232.192396 -0.004479
-54.091945 -231.617698 -0.004452
-52.992557 -230.970933 -0.004419
-51.652034 -230.346344 -0.004385
-50.152872 -229.958289 -0.004359
-48.853597 -229.475989 -0.004332
-47.635231 -229.276420 -0.004315
-46.453353 -229.185877 -0.004303
-45.136629 -228.969677 -0.004286
-43.891294 -228.792282 -0.004271
-42.622162 -228.598256 -0.004255
-41.356204 -228.481842 -0.004243
-40.432912 -228.686965 -0.004244
-39.179647 -228.930894 -0.004245
-38.085021 -228.853286 -0.004236
-36.947562 -228.485555 -0.004216
-35.838657 -227.971838 -0.004191
-34.620291 -227.607802 -0.004171
-33.447931 -227.214200 -0.004151
-32.189905 -227.086698 -0.004140
-31.042928 -227.088549 -0.004134
-29.992722 -226.717121 -0.004116
-28.820362 -226.436241 -0.004101
-27.425905 -226.330914 -0.004091
-25.963231 -226.094384 -0.004076
-24.644922 -226.050037 -0.004069
-23.578853 -225.909598 -0.004060
-22.498505 -225.682307 -0.004048
-21.321386 -225.449472 -0.004036
-19.727042 -225.397733 -0.004029
-18.432528 -225.089134 -0.004014
-16.915917 -224.353666 -0.003984
-15.697551 -223.910168 -0.003965
-14.687006 -223.599719 -0.003952
-13.497196 -222.838380 -0.003923
-12.245516 -222.132477 -0.003895
-10.738424 -221.853443 -0.003883
-9.316998 -221.738874 -0.003877
-7.735345 -221.607673 -0.003870
-6.647067 -221.443209 -0.003863
-5.431875 -221.243635 -0.003855
-4.132603 -220.844486 -0.003840
-2.595370 -220.650455 -0.003833
-1.323068 -220.262393 -0.003819
0.157055 -220.075754 -0.003812
1.427771 -219.809654 -0.003803
2.547777 -219.598991 -0.003796
3.701099 -219.645189 -0.003798
4.714816 -219.460397 -0.003792
5.719014 -219.288540 -0.003787
6.826330 -218.931891 -0.003776
8.028829 -218.577091 -0.003765
9.244020 -218.246313 -0.003756
10.541705 -217.970972 -0.003748
11.928228 -217.686391 -0.003741
13.402004 -217.211475 -0.003728
14.877366 -216.760582 -0.003715
16.117939 -216.320776 -0.003703
17.542535 -215.692482 -0.003686
19.092458 -215.311809 -0.003677
20.459944 -214.916352 -0.003668
21.749695 -214.504264 -0.003659
22.979163 -214.149462 -0.003651
24.563987 -214.143914 -0.003657
25.511073 -213.619104 -0.003643
26.580313 -213.094293 -0.003629
27.341787 -211.933800 -0.003594
27.971590 -211.004296 -0.003566
28.883774 -210.159796 -0.003542
29.803889 -209.405844 -0.003521
31.004798 -208.219478 -0.003488
31.818624 -207.362043 -0.003464
32.641967 -206.199701 -0.003430
33.401853 -204.859959 -0.003391
33.666780 -203.802950 -0.003358
33.849213 -202.367119 -0.003313
34.071306 -200.975637 -0.003270
34.360027 -199.519478 -0.003226
34.325122 -198.266591 -0.003186
34.248969 -196.560965 -0.003133
34.209304 -195.115895 -0.003088
34.207714 -193.866703 -0.003050
33.952297 -192.502942 -0.003007
33.920565 -191.133636 -0.002965
34.003052 -189.298655 -0.002911
34.342537 -187.384213 -0.002856
34.333013 -185.656411 -0.002805
33.852328 -184.490378 -0.002769
33.619123 -183.474025 -0.002738
33.646088 -182.396689 -0.002707
33.741270 -181.445012 -0.002680
33.501719 -180.397245 -0.002649
33.441433 -179.573074 -0.002626
33.487435 -178.301708 -0.002590
33.005164 -177.242853 -0.002558
32.457851 -176.357703 -0.002530
32.243684 -175.374612 -0.002502
32.373766 -174.374889 -0.002475
32.632347 -173.325272 -0.002448
32.854440 -172.366203 -0.002423
33.109848 -171.294411 -0.002395
33.692054 -170.024890 -0.002364
