0.000000 0.000000 0.000000
0.000000 0.000000 0.000000
0.000000 0.000000 0.000000
0.000000 0.000000 0.000000
0.000000 0.000000 0.000000
0.000000 0.000000 0.000000
0.000000 0.000000 0.000000
0.000000 0.000000 0.000000
0.000000 0.000000 0.000000
0.000000 0.000000 0.000000
0.000000 0.000000 0.000000
0.000000 0.000000 0.000000
0.000000 0.000000 0.000000
0.000000 0.000000 0.000000
0.000000 0.000000 0.000000
0.000000 0.000000 0.000000
0.000000 0.000000 0.000000
0.000000 0.000000 0.000000
0.000000 0.000000 0.000000
0.000000 0.000000 0.000000
0.000000 0.000000 0.000000
0.000000 0.000000 0.000000
0.000000 0.000000 0.000000
0.000000 0.000000 0.000000
0.000000 0.000000 0.000000
0.000000 0.000000 0.000000
0.000000 0.000000 0.000000
0.000000 0.000000 0.000000
0.000000 0.000000 0.000000
0.000000 0.000000 0.000000
0.000000 0.000000 0.000000
0.000000 0.000000 0.000000
0.000000 0.000000 0.000000
-0.107874 -1.964335 -0.000000
-0.217334 -2.417075 -0.000000
0.131669 -2.496535 -0.000000
0.122151 -2.880902 -0.000001
-0.483846 -3.344729 -0.000001
-1.199303 -3.767902 -0.000001
-1.876687 -4.152269 -0.000002
-2.528689 -4.547723 -0.000002
-3.286978 -4.917306 -0.000003
-4.076995 -5.455049 -0.000004
-4.855908 -6.129538 -0.000005
-5.763317 -6.565646 -0.000006
-6.540643 -6.953708 -0.000007
-7.122845 -7.561673 -0.000008
-7.440121 -8.276816 -0.000010
-7.987423 -8.690749 -0.000011
-8.377672 -8.877388 -0.000012
-9.126444 -9.051092 -0.000013
-10.378098 -9.692318 -0.000016
-11.375932 -10.703127 -0.000019
-12.288102 -11.614149 -0.000022
-13.295455 -12.458646 -0.000026
-14.060091 -13.101720 -0.000029
-14.607393 -13.796536 -0.000032
-15.115037 -14.805497 -0.000035
-15.833668 -15.640755 -0.000039
-16.777566 -16.307851 -0.000043
-17.640559 -17.061800 -0.000047
-18.481342 -17.754767 -0.000052
-19.433172 -18.384905 -0.000056
-20.312028 -19.120374 -0.000061
-21.225786 -20.016612 -0.000067
-22.290250 -20.947959 -0.000073
-23.031091 -21.365587 -0.000077
-23.810006 -21.853435 -0.000082
-24.468355 -22.337588 -0.000086
-25.256789 -23.080448 -0.000092
-26.100746 -23.775263 -0.000098
-26.751164 -24.270503 -0.000102
-27.322263 -24.743568 -0.000107
-28.096420 -25.560345 -0.000113
-28.810294 -26.358643 -0.000120
-29.511478 -27.387931 -0.000127
-30.428410 -28.295255 -0.000136
-31.270781 -29.099097 -0.000143
-32.397116 -29.886306 -0.000153
-33.256938 -30.631013 -0.000160
-33.981918 -31.440398 -0.000168
-34.914714 -32.393920 -0.000178
-36.074364 -33.497123 -0.000190
-37.603641 -34.302809 -0.000203
-39.205892 -35.241545 -0.000218
-40.519421 -36.121148 -0.000231
-41.564852 -36.928683 -0.000243
-42.505581 -37.688173 -0.000253
-43.216284 -38.419945 -0.000262
-43.827045 -39.148022 -0.000271
-44.480639 -39.940775 -0.000281
-45.359499 -40.709505 -0.000292
-46.212977 -41.515193 -0.000303
-46.918921 -42.108371 -0.000312
-47.707358 -42.725572 -0.000322
-48.562422 -43.464734 -0.000333
-49.196980 -44.093023 -0.000343
-50.171023 -44.619675 -0.000354
-51.308465 -45.390250 -0.000368
-52.249195 -46.103541 -0.000381
-53.145505 -46.635737 -0.000392
-53.781649 -47.214131 -0.000402
-54.265499 -47.696435 -0.000410
-54.708104 -48.263743 -0.000418
-55.650420 -48.923445 -0.000431
-56.691094 -49.669997 -0.000446
-57.730181 -50.471987 -0.000462
-58.951702 -51.129839 -0.000478
-59.692549 -51.983572 -0.000492
-60.709426 -52.506527 -0.000506
-61.423304 -53.155141 -0.000518
-62.170496 -53.820387 -0.000531
-62.727321 -54.367367 -0.000541
-63.258765 -55.173055 -0.000553
-63.858425 -56.006462 -0.000566
-64.466016 -56.802910 -0.000579
-65.183068 -57.625229 -0.000594
-65.800177 -58.382870 -0.000607
-66.706009 -59.170077 -0.000624
-67.421474 -59.757710 -0.000637
-68.232122 -60.289905 -0.000651
-68.955518 -60.820252 -0.000664
-69.910528 -61.505823 -0.000681
-71.025763 -62.202480 -0.000700
-71.695225 -63.089475 -0.000716
-72.612163 -63.967229 -0.000735
-73.808305 -64.706387 -0.000756
-74.931474 -65.510223 -0.000778
-76.008637 -66.282645 -0.000798
-77.025518 -67.012564 -0.000818
-78.155033 -67.921731 -0.000842
-79.197297 -68.731110 -0.000863
-80.047607 -69.401898 -0.000881
-81.010550 -70.050509 -0.000900
-81.906864 -70.617812 -0.000918
-82.977683 -71.379145 -0.000940
-84.130995 -72.251353 -0.000965
-85.300172 -73.238131 -0.000992
-86.410652 -74.065988 -0.001017
-87.492576 -74.866127 -0.001041
-88.469800 -75.740183 -0.001065
-89.237620 -76.651200 -0.001086
-89.800797 -77.604720 -0.001106
-90.287828 -78.694986 -0.001126
-90.797069 -79.761230 -0.001146
-91.192089 -80.779428 -0.001165
-91.571246 -81.854912 -0.001184
-91.737824 -82.736367 -0.001198
-91.622025 -83.505101 -0.001206
-91.499878 -84.166657 -0.001213
-91.130255 -84.867020 -0.001217
-90.681314 -85.781743 -0.001223
-90.119740 -86.762991 -0.001229
-89.161567 -87.640760 -0.001227
-88.458802 -88.466784 -0.001229
-87.829012 -89.314983 -0.001232
-87.326133 -90.218618 -0.001238
-86.767732 -91.334765 -0.001246
-86.491707 -92.203288 -0.001255
-86.472679 -93.208554 -0.001269
-86.342604 -94.313609 -0.001284
-86.226808 -95.633023 -0.001302
-86.141151 -96.690032 -0.001317
-86.182406 -97.717473 -0.001333
-86.439410 -98.750456 -0.001353
-86.729729 -99.814853 -0.001373
-86.850305 -101.106546 -0.001395
-86.824932 -102.135836 -0.001411
-86.618712 -103.525470 -0.001431
-86.680590 -104.597261 -0.001450
-86.828133 -105.589591 -0.001468
-86.560041 -106.605948 -0.001481
-86.331609 -107.711003 -0.001497
-86.334792 -108.965739 -0.001518
-86.342735 -110.316565 -0.001542
-86.366540 -111.410532 -0.001561
-86.277711 -112.543305 -0.001580
-86.155569 -113.759235 -0.001600
-86.014391 -115.134086 -0.001623
-85.835138 -116.390671 -0.001643
-85.387788 -118.075974 -0.001668
-85.029274 -119.419412 -0.001689
-84.680279 -120.945794 -0.001713
-84.374118 -122.612617 -0.001741
-84.374130 -124.142692 -0.001771
-84.285302 -125.469496 -0.001795
-84.156814 -126.711297 -0.001818
-84.041018 -128.041798 -0.001844
-83.880802 -129.318709 -0.001867
-83.536564 -130.654756 -0.001890
-83.209775 -131.774595 -0.001909
-82.805251 -132.816823 -0.001925
-82.462597 -133.807309 -0.001942
-82.227816 -134.594523 -0.001955
-82.072357 -135.640445 -0.001976
-82.032705 -136.634625 -0.001996
-81.713845 -137.408904 -0.002009
-81.298216 -138.373520 -0.002025
-81.180829 -139.317806 -0.002044
-81.126898 -140.090235 -0.002060
