0.000000 0.000000 0.000000
0.000000 0.000000 0.000000
-0.001567 -0.000139 0.000876
-0.000623 -0.000754 -0.000996
-0.002735 0.000513 0.002330
-0.006681 0.004803 0.000970
-0.005798 -0.006115 0.001251
-0.008188 -0.002562 0.013147
-0.000150 -0.003166 0.048464
0.020730 -0.005779 0.072026
0.044376 0.001647 0.020386
0.059982 -0.017694 0.007592
0.099828 -0.060007 0.096944
0.144677 -0.168103 0.116507
0.170846 -0.170916 0.150503
0.182105 -0.247301 0.130372
0.174143 -0.343570 0.195651
0.283533 -0.358493 0.254265
0.363757 -0.443242 0.296230
0.430631 -0.456071 0.349039
0.508592 -0.445493 0.438976
0.581736 -0.437804 0.488085
0.627572 -0.401888 0.536053
0.468898 -0.383339 0.313239
0.470268 -0.374287 0.313949
0.461025 -0.351832 0.315328
0.466371 -0.382944 0.305823
0.598034 -0.397928 0.286888
1.047175 -0.444421 0.257886
1.634981 -0.425627 0.249888
2.298157 -0.465450 0.228961
2.896348 -0.410328 0.204810
3.396285 -0.332834 0.199829
4.079404 -0.284144 0.179600
4.947191 -0.238806 0.155937
5.905781 -0.151544 0.098383
6.583491 -0.080509 0.074178
7.338398 -0.004774 0.054877
8.181500 0.068923 0.022088
8.880840 0.101872 0.015255
9.884981 0.120066 -0.024640
10.524409 0.096771 0.014350
10.992259 0.116985 -0.036351
11.838717 0.167079 -0.045895
12.460008 0.164321 -0.050106
13.187154 0.150556 -0.076220
14.226205 0.223038 -0.108151
15.027973 0.257323 -0.142635
15.829690 0.307515 -0.130969
16.386293 0.270133 -0.115923
17.203310 0.283957 -0.097510
17.788562 0.280997 -0.083067
18.593272 0.328611 -0.099455
19.230228 0.351581 -0.106749
19.941236 0.360747 -0.122123
20.614833 0.383404 -0.114242
21.445786 0.428526 -0.150273
22.281310 0.480953 -0.150058
23.418769 0.559795 -0.186016
24.242381 0.535625 -0.191813
25.175989 0.528937 -0.197391
26.144838 0.586410 -0.233462
27.146394 0.628622 -0.207142
28.202315 0.635566 -0.208960
28.918509 0.626320 -0.169499
29.737994 0.646188 -0.163534
31.266134 0.693675 -0.183301
32.289624 0.731173 -0.170390
33.238326 0.755923 -0.197325
34.303757 0.728584 -0.162920
35.599100 0.763382 -0.161381
36.379234 0.818753 -0.158662
37.047257 0.823800 -0.147825
37.875065 0.829507 -0.194054
38.921767 0.835364 -0.160699
39.630756 0.874183 -0.178222
40.683388 0.925195 -0.198501
42.051874 0.951564 -0.208959
43.126667 0.969848 -0.215923
44.094002 0.959895 -0.176580
45.351200 1.028087 -0.187622
46.376557 1.093010 -0.218519
47.572804 1.135245 -0.220774
48.872039 1.164615 -0.239005
50.123879 1.149998 -0.230406
51.322018 1.176972 -0.242004
52.436394 1.232838 -0.234919
53.043515 1.256135 -0.206135
53.935721 1.233670 -0.197965
54.989569 1.235806 -0.204831
55.882639 1.263240 -0.174463
56.845696 1.227556 -0.183812
57.713887 1.259389 -0.187333
58.815418 1.277141 -0.165440
59.917939 1.251102 -0.148998
61.147942 1.252280 -0.094928
62.250379 1.268907 -0.109163
63.581205 1.283804 -0.101147
64.920027 1.342722 -0.061849
66.096183 1.364305 -0.019798
67.218391 1.314232 0.006279
68.244211 1.293184 0.040029
69.277299 1.320514 0.032474
70.378045 1.342979 0.058945
71.773999 1.428602 0.088762
72.148353 1.473500 0.074749
73.319855 1.554055 0.125824
74.532445 1.588035 0.167334
76.135580 1.613304 0.156558
76.947640 1.605332 0.130272
77.931134 1.638406 0.144080
79.420175 1.612879 0.171204
80.473116 1.594266 0.197640
81.670081 1.570228 0.225875
82.788554 1.625296 0.251410
83.987318 1.639760 0.283043
85.007114 1.666910 0.258825
86.350675 1.656563 0.289558
87.495258 1.642366 0.337549
88.769828 1.689016 0.330254
89.888301 1.739659 0.366892
91.406389 1.749383 0.401967
92.633912 1.819655 0.409064
93.851083 1.878651 0.408254
95.007811 1.909829 0.421329
96.390716 1.927476 0.459495
97.637932 1.985789 0.439324
99.346333 2.002463 0.453777
100.383251 1.965919 0.487464
101.389484 2.026705 0.492222
102.522978 2.013671 0.535441
103.754616 2.002512 0.541493
105.023590 2.008039 0.563027
106.051537 1.991176 0.569201
107.487026 1.989649 0.589924
108.725721 2.062007 0.606964
109.813309 2.190369 0.575490
110.653230 2.236964 0.602091
111.782120 2.270957 0.602347
113.196513 2.350263 0.548553
114.252061 2.404935 0.525622
115.295320 2.541764 0.544581
116.503995 2.764537 0.525413
117.325822 3.039905 0.505095
118.212639 3.430276 0.516574
119.059129 4.039260 0.460668
119.558838 4.599772 0.441351
119.962699 5.268579 0.391047
119.976233 5.973596 0.389988
119.820045 6.865981 0.413694
120.097323 8.848165 0.569184
120.059267 10.157605 0.649632
120.269119 11.259469 0.691872
120.757045 12.090386 0.711872
121.420074 13.173247 0.733130
122.014606 14.068215 0.758309
122.584390 15.037015 0.698457
123.150366 16.104148 0.722352
123.684118 17.106929 0.723170
124.107815 17.860450 0.720024
124.690191 19.163701 0.754899
125.215926 20.188278 0.754503
125.699016 21.275174 0.771561
126.245309 22.397152 0.797699
126.693780 23.122892 0.805076
127.167619 23.999710 0.822340
127.632532 24.859036 0.847154
128.503946 26.516086 0.882702
128.809128 27.250449 0.902303
129.230121 28.151248 0.928019
129.855151 29.311665 0.934096
130.300632 30.068403 0.987664
130.831042 30.989993 0.975746
131.468175 32.174762 0.984612
132.006960 33.195131 1.038275
132.684426 34.165621 1.041394
133.306285 35.117590 1.053518
133.889987 36.051406 1.083843
134.556058 37.125233 1.067027
135.122291 38.073203 1.048772
135.857084 39.285965 1.086320
136.466556 40.191236 1.120858
137.342419 41.511942 1.103677
137.892563 42.500677 1.076380
138.472903 43.550359 1.073439
139.114081 44.587211 1.087890
139.648271 45.712044 1.062610
140.223555 47.090591 1.066573
140.846748 48.370399 1.108392
141.393869 49.699761 1.114570
141.825761 50.753402 1.096833
142.316048 51.904970 1.035126
142.895916 53.395077 1.019538
143.235696 54.224162 1.072431
143.695867 55.358664 1.098509
144.150640 56.387131 1.178109
144.732905 57.323379 1.194577
145.346863 58.366648 1.206032
145.966243 59.323177 1.211342
146.423194 60.233075 1.258075
