0.000000 0.000000 0.000000
0.061242 0.007943 0.180357
-0.097928 0.027514 0.396622
-0.078251 -0.021288 0.669230
0.004078 -0.002528 0.778175
-0.021224 -0.104693 1.138454
0.088538 -0.134917 1.709329
3.110706 0.610148 0.294881
3.052328 -1.750653 -0.168826
5.082152 -1.784782 -0.195404
6.140939 -2.022162 -0.061690
7.421185 -1.965313 -0.143394
8.912046 -1.968067 -0.230001
10.480602 -2.172598 -0.112821
11.730389 -1.987272 -0.237990
13.165684 -2.265196 -0.200734
14.461497 -2.369785 -0.146904
15.631842 -2.504903 -0.096114
16.803671 -2.777948 -0.003462
17.671527 -2.713852 0.110443
18.867298 -2.688273 0.250703
20.275940 -2.793903 0.294607
21.518572 -2.738707 0.433015
22.896476 -3.022276 0.505176
24.100716 -3.121545 0.591271
25.289531 -3.201374 0.658365
26.710213 -3.303964 0.706313
27.992434 -3.395520 0.770385
29.191962 -3.661522 0.799209
30.549969 -3.726989 0.865371
31.389840 -3.609874 0.925802
32.391560 -3.523716 0.999083
33.674269 -3.558921 1.056573
34.760394 -3.584437 1.076441
35.982048 -3.613514 1.133563
37.110844 -3.640114 1.214904
38.360135 -3.741646 1.286457
39.360122 -3.456467 1.320983
40.373080 -3.321501 1.368408
41.497581 -3.448012 1.443775
42.467783 -3.501844 1.537925
43.776669 -3.549392 1.619016
44.619863 -3.551695 1.712363
45.881631 -3.634708 1.766494
46.935456 -3.590816 1.872463
48.147554 -3.635780 1.886693
49.225759 -3.789835 1.895332
50.349129 -3.951916 1.941550
51.400499 -4.098040 2.001145
52.558978 -4.135088 2.040004
53.571121 -4.012827 2.088069
54.503946 -4.219501 2.236812
55.596694 -4.455200 2.249838
57.037750 -4.366924 2.357703
58.256904 -4.397407 2.356456
59.373815 -4.359733 2.328961
60.408432 -4.506202 2.332273
61.504716 -4.621162 2.386651
62.545350 -4.836398 2.437705
63.768142 -4.931829 2.459976
65.033169 -5.040831 2.554616
66.166619 -5.226558 2.663440
67.336211 -5.308555 2.733200
68.447878 -5.275838 2.804935
69.668720 -5.405117 2.847596
70.766056 -5.318655 2.874587
71.978650 -5.431049 2.834883
73.325381 -5.665929 2.843484
74.462183 -5.785993 2.839707
75.490235 -5.852579 2.903676
76.830239 -6.100306 2.963010
78.014821 -6.230699 3.006603
79.160367 -6.519236 3.063844
80.384462 -6.696544 3.139796
81.658409 -6.891295 3.128144
82.842448 -7.075324 3.184461
83.963779 -7.284720 3.263599
85.294638 -7.523539 3.393372
86.604707 -7.786838 3.511586
87.889187 -7.909293 3.702136
89.137572 -8.105607 3.762436
90.435172 -8.142902 3.820203
91.535680 -8.264093 3.815846
92.894285 -8.266334 3.922303
94.267118 -8.336781 3.922526
95.531050 -8.398876 4.040114
96.941902 -8.536516 4.062115
98.319617 -8.657554 4.092482
99.529681 -8.710754 4.137093
100.887617 -8.905864 4.237988
102.246700 -9.012151 4.275066
103.629236 -9.188720 4.327075
104.987108 -9.376541 4.390086
106.259543 -9.554766 4.481726
107.604700 -9.603007 4.548905
108.845225 -9.573728 4.597460
110.161219 -9.688645 4.690508
111.627383 -9.878508 4.773639
113.100246 -9.935165 4.815534
114.498070 -10.006465 4.912818
115.945465 -9.987531 4.910865
117.504290 -10.138426 4.993925
118.931706 -10.351690 5.032932
120.323395 -10.345207 5.114325
121.679780 -10.630610 5.144513
123.255367 -10.754693 5.204194
124.681742 -10.730874 5.267567
126.141945 -10.771682 5.326994
127.749514 -10.979606 5.400475
129.158356 -11.174546 5.432807
130.828085 -11.389244 5.548754
132.248904 -11.477775 5.640577
133.331407 -11.576344 5.570705
134.836879 -11.760852 5.654550
136.370257 -11.799908 5.684231
137.846233 -11.856765 5.758275
139.345815 -11.883621 5.827015
140.882514 -12.019882 5.961656
142.152650 -12.083085 5.933944
143.397378 -12.312446 5.823434
144.572369 -12.142044 5.501218
145.808019 -12.122553 5.413683
146.992117 -12.139037 5.090946
148.157942 -11.981827 4.958384
149.344033 -11.580786 4.426606
150.406074 -10.942822 3.388195
151.085092 -10.144849 2.607887
151.421943 -9.564626 1.412869
151.654315 -8.374333 0.614505
151.646042 -7.200880 0.559794
151.762926 -6.038055 0.557141
151.928775 -4.865429 0.728273
152.535538 -3.670395 0.762984
153.081230 -2.582634 0.832288
153.573069 -1.288678 0.785400
154.222369 -0.167973 0.801790
154.773649 0.956220 0.872956
155.530696 2.044998 0.902898
156.184423 3.074545 0.940558
156.994516 4.108119 1.004985
157.637165 5.084416 0.988663
158.253845 5.940966 0.964273
158.989786 6.876362 0.992416
159.579531 7.940410 0.989146
160.261016 8.740753 1.005979
161.168312 9.764633 0.978226
162.027344 10.917959 0.996447
162.583276 11.949206 0.993923
163.341777 13.050479 0.983243
164.040930 14.100248 1.037287
164.888505 15.046057 1.097579
165.756727 16.111715 1.101847
166.489376 17.253362 1.083746
167.199557 18.340205 1.118591
167.977015 19.486157 1.132605
168.804512 20.554499 1.177834
169.486276 21.529845 1.233453
170.398931 22.526901 1.244961
171.275324 23.700061 1.223084
172.277784 24.835387 1.246988
173.124360 25.933027 1.315147
173.950143 27.013892 1.275160
174.833761 28.141719 1.202079
175.753309 29.270218 1.154349
176.563973 30.424411 1.130983
177.473442 31.636471 1.121821
178.299559 32.903429 1.115622
179.002959 34.104310 1.171541
179.876018 35.504452 1.206685
180.510874 36.696424 1.202356
180.949891 37.757131 1.166656
181.625756 38.967269 1.199859
182.469090 40.256175 1.275708
183.392394 41.644634 1.366526
184.089537 42.761433 1.564430
184.926810 43.894624 1.659357
185.821751 45.151785 1.646971
186.703420 46.308377 1.661898
187.497575 47.353563 1.684393
188.337679 48.453136 1.679546
189.222794 49.340052 1.702527
190.003658 50.447235 1.693273
190.803951 51.372120 1.684774
191.709325 52.662505 1.699956
192.445781 53.640206 1.712241
193.343697 55.127098 1.760102
194.358103 56.354910 1.800316
195.230712 57.475133 1.817237
196.018254 58.728295 1.799454
196.857052 59.893041 1.815522
197.705910 61.164473 1.840412
198.333625 62.278147 1.822158
198.721527 63.045195 1.815445
199.463689 64.257326 1.841170
200.290168 65.387097 1.848253
200.865946 66.440217 1.952605
201.687412 67.435867 1.910841
202.545107 68.504281 1.893890
203.299487 69.499167 1.945275
204.064679 70.402117 1.945491
204.741026 71.702198 2.019659
205.470302 72.915681 2.068166
206.122226 73.845634 2.085823
206.889961 74.917334 2.119432
207.634066 75.962458 2.102413
208.527995 77.024678 2.131006
209.415747 78.151550 2.124119
210.361041 79.204583 2.069350
211.348044 80.196554 2.029386
212.237042 81.419226 2.076039
212.923836 82.245574 2.037336
213.662291 83.314296 2.092251
214.439643 84.599693 2.113361
215.222696 85.715157 2.120669
215.933387 86.693306 2.103554
216.702811 87.838672 2.131752
217.593455 88.941667 2.144287
218.239588 90.049200 2.206578
219.046218 91.390956 2.248939
219.844911 92.505003 2.250908
220.580015 93.588595 2.286068
221.523534 94.731987 2.355079
222.361333 95.924910 2.390319
223.265150 96.877729 2.463431
224.213528 97.804957 2.428956
224.798889 98.866817 2.354279
225.579339 99.844877 2.344857
226.341948 100.772494 2.356480
227.360538 101.868865 2.368113
228.085992 102.729850 2.416061
228.809348 103.841751 2.391016
229.641407 105.000358 2.379562
230.573873 106.016981 2.455940
231.143099 107.064467 2.490158
231.878245 108.194544 2.525039
232.691842 109.299776 2.538840
233.469268 110.420805 2.567897
234.349019 111.767665 2.576363
235.198589 112.917372 2.552427
235.987833 114.225661 2.554783
236.767933 115.442992 2.545896
237.412168 116.454559 2.582379
238.235659 117.499157 2.640202
239.116279 118.804174 2.649071
239.918718 120.017672 2.661701
240.812099 121.103701 2.689763
241.613796 122.253270 2.682533
242.464124 123.456880 2.659036
243.223136 124.175311 2.594310
243.877510 125.399690 2.590937
244.407138 126.554845 2.606227
245.003644 127.618722 2.641112
245.575829 128.856041 2.639913
246.161879 130.070707 2.604227
246.794831 131.202416 2.502828
247.334399 132.426500 2.276193
247.622682 133.773414 2.265311
247.858332 134.956668 1.978506
248.169698 136.285487 1.655846
248.533368 137.471005 1.329063
249.071400 138.459581 1.008735
249.633904 139.344683 0.671285
249.619301 140.008492 0.327137
249.250245 140.382835 -0.402939
248.321146 140.864392 -0.928765
247.414832 141.617962 -1.101599
246.433731 142.299311 -1.174642
245.537770 143.239179 -1.179748
244.604942 144.219432 -1.087415
243.437302 145.185008 -1.027421
242.213880 145.990932 -1.084420
241.102012 146.923482 -1.095921
239.841786 147.859127 -1.098525
238.771232 148.830064 -1.061039
237.493334 149.793526 -1.111184
236.553580 150.491468 -1.140966
235.385781 151.298869 -1.173560
234.308947 152.320829 -1.176775
233.089615 153.282736 -1.208572
232.136009 154.031784 -1.228305
231.161650 154.845605 -1.248018
229.997317 155.895555 -1.270559
228.632468 157.064931 -1.231577
227.408439 158.055253 -1.232963
226.234892 158.982768 -1.270131
225.128128 159.860419 -1.314542
223.763634 160.941856 -1.310424
222.569571 161.872096 -1.314712
221.438853 162.706903 -1.314659
220.172712 163.736693 -1.290341
219.069877 164.665510 -1.288941
217.847261 165.395795 -1.385349
216.630592 166.175394 -1.415392
215.461177 167.179894 -1.431901
214.234993 168.198453 -1.463194
213.052142 169.164016 -1.439441
211.718655 170.207814 -1.477354
210.603248 171.010102 -1.563982
209.318107 171.751558 -1.556387
208.171795 172.552610 -1.584206
207.033920 173.507932 -1.625254
205.764367 174.579115 -1.658871
204.691355 175.443437 -1.612920
203.469098 176.378626 -1.646649
202.271900 177.300178 -1.693773
201.235312 178.020504 -1.711565
200.162665 178.865303 -1.727700
198.853400 179.678044 -1.761900
197.685131 180.754474 -1.786978
196.462243 181.524584 -1.752121
195.251164 182.433794 -1.776469
193.899637 183.410214 -1.775375
192.673166 184.215592 -1.767707
191.474172 185.190113 -1.816114
190.288239 186.251045 -1.833426
189.234679 187.197443 -1.851130
188.116162 188.088128 -1.888663
186.774673 189.052127 -1.897364
185.447930 189.960760 -1.868123
183.949097 191.068911 -1.868277
182.732359 191.874187 -1.926119
181.676846 192.798434 -1.924939
180.396208 193.929316 -1.881473
179.358416 194.885420 -1.846344
178.218659 195.858403 -1.871978
176.974984 196.762383 -1.850214
175.619011 197.512801 -1.785437
174.408745 198.280787 -1.813699
173.237613 199.147988 -1.724086
172.013111 199.922014 -1.642929
170.550830 200.596416 -1.591812
169.311134 201.154908 -1.629016
167.663448 201.452258 -1.656412
166.236030 201.841476 -1.669753
164.784656 202.164572 -1.701833
163.277281 202.506507 -1.759522
161.980551 202.742745 -1.749566
160.501551 202.804907 -1.683436
158.935330 202.687980 -1.698339
157.503830 202.434892 -1.642383
155.784417 202.040652 -1.621351
154.217772 201.554100 -1.740315
152.792469 201.003546 -1.793269
151.293760 200.266690 -1.843952
149.781328 199.501115 -1.874645
148.365583 198.594097 -1.960848
146.944408 197.610595 -1.980059
145.812358 196.543274 -1.945377
144.536148 195.407768 -2.069202
143.498229 194.186689 -2.248327
142.443301 192.867453 -2.286796
141.285191 191.574859 -2.254922
140.096430 190.216505 -2.276104
138.998883 188.892524 -2.307728
137.868057 187.669058 -2.336366
136.642467 186.378964 -2.331772
135.682796 185.267747 -2.387395
134.660916 184.152563 -2.412619
133.442779 182.870586 -2.430487
132.429527 181.759685 -2.506673
131.450571 180.823537 -2.524254
130.273730 179.732429 -2.556301
129.293353 178.700382 -2.636768
127.953326 177.466327 -2.697471
126.900523 176.436664 -2.730709
125.849889 175.506316 -2.773637
124.713172 174.646651 -2.795775
123.519921 173.677612 -2.767105
122.342841 172.780412 -2.789011
