0.004999898866
0.009999797732
0.0149996966
0.01999959546
0.02499949433
0.0299993932
0.03499929206
0.03999919093
0.04499908979
0.04999898866
0.05499888753
0.06499868526
0.07499848299
0.08499828072
0.09499807846
0.1049978762
0.1199975728
0.1349972694
0.1549968648
0.1749964603
0.1949960558
0.2199955501
0.2499949433
0.2849942354
0.3249934263
0.3649926172
0.4149916059
0.4699904934
0.5299892798
0.6049877628
0.6849861447
0.7749843242
0.8799822004
0.9949798744
1.129977144
1.284974009
1.45497057
1.649966626
1.869962176
2.119957119
2.404951355
2.729944781
3.094937398
3.509929004
3.979919497
4.514908676
5.124896338
5.809882482
6.589866706
7.474848805
8.479828477
9.614805519
10.90977933
12.37474969
14.03471612
15.91967799
18.05463481
20.48458565
23.23453003
26.35446692
29.89439532
33.90431421
38.45922208
43.62411761
49.48399908
56.12886467
63.66871216
72.21853922
81.92334292
92.92312043
105.402868
119.5625816
135.6172568
153.8318884
174.4964704
197.9309964
224.5154587
254.6698487
288.8741569
327.678372
371.6874818
421.6064721
478.2353266
542.4690274
615.3275537
697.9758819
791.7189857
898.0568348
1018.679395
1155.496628
1310.698488
