0.01073316515
0.006879397171
0.005410054063
0.004593079462
0.004057960655
0.003673555373
0.003380540629
0.003147765115
0.002957129682
0.002797317871
0.002660848243
0.00243873351
0.002264288216
0.002122606093
0.002004578767
0.001904287015
0.001778611808
0.001674956759
0.001561345876
0.001468143617
0.001389894443
0.001307722504
0.001226086853
0.00114783585
0.001074536995
0.001013756606
0.0009506196717
0.0008932560904
0.0008412406486
0.0007875208706
0.0007403124543
0.0006962631539
0.0006537325241
0.0006151622377
0.0005776793591
0.0005422073878
0.0005100691362
0.0004795567832
0.0004510869487
0.0004243290544
0.0003991227654
0.0003753987255
0.000353402266
0.0003327465717
0.0003134347407
0.0002952982745
0.0002782584321
0.0002624901579
0.0002476937974
0.0002338735059
0.0002209645076
0.0002089786228
0.0001977472475
0.0001873257608
0.0001776473189
0.0001686511277
0.0001603221407
0.0001525870143
0.0001454578108
0.0001388823418
0.0001328314055
0.0001272860236
0.0001222050102
0.0001175739293
0.0001133670343
0.0001095649189
0.0001061450161
0.0001030908083
0.0001003821384
9.800694455e-05
9.594809975e-05
9.419283763e-05
9.273092915e-05
9.155163111e-05
9.064714089e-05
9.001151824e-05
8.964001853e-05
8.953007502e-05
8.968089063e-05
9.009361862e-05
9.077105192e-05
9.171797505e-05
9.294106751e-05
9.444851193e-05
9.625023993e-05
9.835800976e-05
0.0001007847502
0.0001035453725
0.0001066559831
0.0001101339287
0.0001139985241
