0.008665792563
0.0062397224
0.005251443586
0.004669987234
0.004239651669
0.00388009235
0.00356737059
0.003299950972
0.003079778017
0.002896204772
0.002743444722
0.002495306237
0.002314275668
0.002174610842
0.002042344892
0.001928035539
0.001801993393
0.001697295173
0.001573303798
0.001470552555
0.001399752486
0.001310310224
0.001219061861
0.001141451905
0.001073183931
0.001008258514
0.0009409933565
0.0008852085221
0.0008312537778
0.0007794103283
0.0007295629701
0.0006851630298
0.0006415988644
0.0006027973742
0.0005651174861
0.0005307659408
0.0004990965506
0.0004700258681
0.0004430978408
0.0004173526693
0.0003935035347
0.0003711897732
0.0003509217636
0.0003315062097
0.0003138617833
0.0002956094568
0.0002777534786
0.0002614526563
0.0002459094238
0.0002310729601
0.0002182652117
0.000207684358
0.0001964003698
0.0001861879541
0.0001768478437
0.0001672064692
0.0001575900164
0.0001499409064
0.000144256677
0.0001383522124
0.0001338213596
0.0001301016224
0.0001259432188
0.0001220664948
0.0001170822953
0.0001124469994
0.0001086033766
0.0001052891021
0.0001021270876
9.865964642e-05
9.508243079e-05
9.157176752e-05
8.818963856e-05
8.565911655e-05
8.438794482e-05
8.45581e-05
8.541338627e-05
8.701106199e-05
9.024834689e-05
9.388181165e-05
9.671542295e-05
9.812456541e-05
9.964804354e-05
0.0001025932577
0.0001058784524
0.0001086032712
0.0001102504141
0.0001097448311
0.0001053742462
9.391989336e-05
7.454508065e-05
