0.01291331664
0.007423170924
0.005518841761
0.00452677961
0.003907231729
0.003478105328
0.003160284982
0.002913626573
0.002715483799
0.002552055165
0.002414418874
0.002194149683
0.002024351307
0.001888466161
0.001776619983
0.001682524319
0.001565807323
0.001470514312
0.001367050084
0.001282917099
0.001212787689
0.001139628455
0.001067430341
0.000998671275
0.0009346559164
0.0008818611857
0.0008272982342
0.0007779757245
0.0007334649491
0.0006877184024
0.0006477147323
0.000610567554
0.0005748799766
0.0005426828285
0.0005115632967
0.0004822869319
0.0004559276572
0.0004310685645
0.0004080416717
0.000386570118
0.0003665187255
0.0003478264964
0.0003306766052
0.0003147564324
0.0003000595194
0.0002864484907
0.0002738562531
0.0002623992992
0.0002518461744
0.0002421886848
0.0002333687038
0.0002253794663
0.00021809468
0.0002115364605
0.0002056465491
0.0002003730416
0.0001956923161
0.0001915494383
0.000187937527
0.0001848166653
0.0001821615325
0.0001799531193
0.0001781661978
0.0001767887967
0.0001758075161
0.0001752137804
0.0001750017227
0.0001751695581
0.0001757192999
0.0001766553114
0.0001779869997
0.0001797269968
0.0001818897644
0.0001844956867
0.0001875673176
0.0001911290083
0.0001952105905
0.0001998433837
0.0002050621058
0.000210905139
0.0002174109265
0.0002246232626
0.0002325887855
0.0002413553017
0.0002509741884
0.0002615009573
0.000272992493
0.0002855116713
0.0002991241217
0.0003138992607
0.0003299139748
