0.01675378835
0.006088193695
0.005970863991
0.004712725016
0.003987092715
0.003695657724
0.003140161044
0.002984359095
0.002735956285
0.002589479118
0.002492611181
0.002267605983
0.002084684611
0.001930804967
0.001816803378
0.001719960171
0.001587883509
0.001490985184
0.001394852964
0.001301294627
0.001229286757
0.001151271567
0.001073133314
0.001007773698
0.0009451054696
0.0008887299784
0.0008325213362
0.0007810695923
0.0007377383248
0.0006919444595
0.0006507880145
0.0006144279681
0.0005782142345
0.0005455382851
0.0005120589122
0.0004813855626
0.0004534152263
0.0004265758727
0.0004022364577
0.0003799819324
0.0003591343104
0.0003401150542
0.0003233349923
0.0003078005109
0.0002931810884
0.0002787211361
0.0002654855923
0.0002535888636
0.0002420673112
0.0002316418535
0.0002230541077
0.000215301945
0.0002079161374
0.000201886106
0.0001970798337
0.0001923135821
0.0001884376623
0.0001861440973
0.0001841089039
0.0001806105955
0.0001790389076
0.0001803715318
0.0001828200372
0.00018568343
0.0001879915496
0.00018871266
0.0001885291736
0.0001859570827
0.0001833874805
0.0001814006493
0.0001817242286
0.0001823869709
0.0001816546882
0.0001834167074
0.0001855846008
0.0001886840967
0.0001933193338
0.0002002175517
0.0002088254503
0.0002169215613
0.0002239033151
0.00022926223
0.0002323619543
0.0002319154063
0.0002347191689
0.0002433947727
0.0002598092949
0.000279787014
0.0003030562788
0.0003263271591
0.0003462767594
