214.7336647
118.5966353
88.53129074
72.99836302
62.83133675
56.08231684
50.77754467
46.75027339
43.70110379
41.00403086
38.93644991
35.47736785
32.86695815
30.79058472
29.05228526
27.54616938
25.72036235
24.23953245
22.66339404
21.34667255
20.2971278
19.18073994
18.08097163
17.06489364
16.12252902
15.35624813
14.59054961
13.91030586
13.28841563
12.65916676
12.11825361
11.60667297
11.11500458
10.68270872
10.25718347
9.857417477
9.494053997
9.145013601
8.820076069
8.5197892
8.250620963
8.006429601
7.771880323
7.553825836
7.366306748
7.182890961
6.999177896
6.829155845
6.700281009
6.604220603
6.54035319
6.513390574
6.509490805
6.517955083
6.540530746
6.570578585
6.614322429
6.671291629
6.738004635
6.781891079
6.794188245
6.768334378
6.685117412
6.556477668
6.431729277
6.32465575
6.250139249
6.220632806
6.255720381
6.345658204
6.470589189
6.618400198
6.804385924
7.027398563
7.257481
7.413185858
7.519260254
7.584371178
7.59230087
7.512733948
7.419747194
7.281887649
7.061282882
6.822425323
6.795580352
7.083973313
7.51465737
8.080280284
8.469318667
8.46337845
8.521004606
