210.3246343
118.0728792
88.65001184
73.28787711
63.53761413
56.54043683
51.27812778
47.24307195
44.09181854
41.51047112
39.36024935
35.97733413
33.41111497
31.25617128
29.47758653
28.02475762
26.32573154
24.89337157
23.31817261
22.06493932
21.00657662
19.91790852
18.85006281
17.85993037
16.94832996
16.19895719
15.43980165
14.77267132
14.16513739
13.55212288
13.02307398
12.52851575
12.0447481
11.6063387
11.20320253
10.82062131
10.47980734
10.16049947
9.876906877
9.624126279
9.378342098
9.145942502
8.935769884
8.738997165
8.547486264
8.3680983
8.213825909
8.096940537
8.009373523
7.943435375
7.885156422
7.821384149
7.745008031
7.654787939
7.562709807
7.48715306
7.428051598
7.374630375
7.329243981
7.285096961
7.222480578
7.151831791
7.084949431
7.041117588
6.991731206
6.993923711
7.040643104
7.135391465
7.258370723
7.376394021
7.440220497
7.414126122
7.256712356
6.988543622
6.708578275
6.436204635
6.166961377
5.892593724
5.64624932
5.475611324
5.333330122
5.196798479
4.968790909
4.725402907
4.782645782
4.929832973
5.085256517
5.364424527
5.633694188
5.929370999
6.349618624
