0.008753751607
0.006147630853
0.005008044187
0.004332157834
0.003872178588
0.003533225997
0.003270108968
0.003058204015
0.002882799348
0.002734492368
0.002606955752
0.00239767512
0.002231880895
0.002096338732
0.001982843404
0.001886001482
0.001764148988
0.001663245047
0.001552251419
0.001460899439
0.001384006317
0.001303072668
0.001222486781
0.001145080627
0.001072436088
0.001012101716
0.0009493387511
0.0008922384754
0.000840400514
0.0007868040725
0.0007396543413
0.0006956179637
0.000653061151
0.0006144335889
0.0005768634291
0.0005412787324
0.0005090114145
0.0004783509433
0.0004497183444
0.0004227835577
0.0003973869288
0.0003734600254
0.00035125211
0.0003303744486
0.0003108315771
0.0002924543478
0.0002751641599
0.000259140302
0.0002440801919
0.0002299897668
0.0002168050492
0.0002045406184
0.0001930266452
0.0001823229546
0.0001723646414
0.0001630933194
0.0001544982632
0.0001465092354
0.0001391449038
0.0001323583784
0.0001261273768
0.0001204410147
0.0001152665923
0.0001105997689
0.0001064255448
0.0001027360884
9.952118539e-05
9.677692311e-05
9.449645345e-05
9.267991625e-05
9.13230662e-05
9.042496019e-05
8.998541748e-05
9.000372215e-05
9.048014336e-05
9.141475493e-05
9.280849128e-05
9.466253222e-05
9.697899382e-05
9.976148748e-05
0.0001030136703
0.0001067420528
0.000110955124
0.0001156625942
0.0001208767657
0.0001266129196
0.0001328878012
0.0001397220671
0.0001471383941
0.0001551618744
0.0001638217976
