199.5966761
114.3787534
84.90991873
69.60180867
60.06663496
53.47780726
48.60862749
44.83734944
41.81360831
39.32409847
37.23106618
33.88936058
31.32121224
29.2719029
27.58975435
26.17830067
24.43300932
23.01331577
21.47820289
20.2356266
19.20447523
18.13397472
17.0836206
16.08992289
15.17165317
14.42019671
13.65008769
12.96057821
12.34462352
11.71878144
11.17843151
10.68333292
10.21460878
9.798353419
9.402802343
9.037535477
8.715045097
8.41708577
8.14700926
7.900822196
7.676299886
7.472084049
7.289380502
7.12405909
6.975336342
6.841128287
6.720133851
6.612800193
6.516324901
6.430084424
6.353039773
6.284646201
6.223390564
6.169072952
6.120856909
6.07800868
6.040064882
6.006342235
5.976578327
5.950268242
5.927046781
5.906621998
5.888654595
5.872935913
5.859247571
5.847423591
5.837319506
5.828841954
5.821922633
5.816553302
5.812757574
5.810622844
5.810302881
5.812029928
5.816136567
5.823074069
5.83344897
5.848054515
5.867921325
5.894378902
5.929109637
5.974257151
6.032517623
6.107237731
6.202550853
6.323512647
6.476190102
6.667819385
6.906841077
7.20293854
7.567103024
