207.1557482
114.3076086
84.71887739
69.20941854
59.63975486
53.03126141
48.1711133
44.41023634
41.36852759
38.88054662
36.79109991
33.49154838
30.95681307
28.95379751
27.31654911
25.92583407
24.22369471
22.82809759
21.3236688
20.09391204
19.06320839
17.99399579
16.94845302
15.97152029
15.08660433
14.37796752
13.67063802
13.03106097
12.44860936
11.85036987
11.33620189
10.85351551
10.39369204
9.987959715
9.60051215
9.239967455
8.924358677
8.632394663
8.358032906
8.111319009
7.894335918
7.684169872
7.480251284
7.287077144
7.119541279
6.968200646
6.826369689
6.701434118
6.595685502
6.509106007
6.429090324
6.344336441
6.252269538
6.149720981
6.048945065
5.962716474
5.887436901
5.831600674
5.818411438
5.838970767
5.876139976
5.919007029
5.972997476
6.023298037
6.062020689
6.061807983
6.029645414
5.96790683
5.861618659
5.734435884
5.627734362
5.555313166
5.50217055
5.49707092
5.516318361
5.54453586
5.545651842
5.540750051
5.586959604
5.689743421
5.831108636
6.017312201
6.282718603
6.502670188
6.57863463
6.525208648
6.406318623
6.33544095
6.498079393
7.028194716
7.842722374
