0.008502443978
0.005947531377
0.004942883383
0.004337709759
0.003845577908
0.003501798659
0.00320480286
0.002983068356
0.002808183152
0.002649254999
0.00252942699
0.002324896555
0.002160877179
0.002027984938
0.001923303956
0.001831721117
0.001709324816
0.001605774267
0.001501106681
0.001411312546
0.001336165672
0.001256220092
0.001178790856
0.001103258685
0.00103514764
0.0009769964612
0.000918562735
0.0008647259457
0.0008148979771
0.0007627820595
0.0007173717774
0.0006741921521
0.0006329281341
0.0005942898047
0.0005567836023
0.0005206618443
0.0004885675508
0.0004585508623
0.000431228258
0.00040641615
0.0003841025197
0.0003633487511
0.0003437805651
0.0003252242011
0.0003071806721
0.0002892673236
0.0002719150161
0.0002557691287
0.0002417785794
0.0002290520614
0.0002187375507
0.0002102027333
0.0002018187463
0.0001939361987
0.0001861206268
0.0001778038846
0.0001690255295
0.0001608340183
0.0001534280075
0.0001462077623
0.0001388683262
0.0001317379138
0.0001259548507
0.0001205993129
0.0001156038749
0.0001117510306
0.0001087552079
0.0001050530957
0.0001016147954
9.985732336e-05
9.844393483e-05
9.752771742e-05
9.861027075e-05
0.000100583893
0.000102420638
0.0001032424178
0.0001046482951
0.0001053836375
0.0001052956559
0.0001048628689
0.000105145523
0.0001028832519
0.0001006807593
0.0001010173985
0.000101405393
9.672026246e-05
9.369406253e-05
9.540733643e-05
9.388124958e-05
9.190544219e-05
9.479159798e-05
