238.7476235
129.9488915
93.20634931
74.54876374
63.16559003
55.4446225
49.83275584
45.55035862
42.16231893
39.40624035
37.11422262
33.50617728
30.77958728
28.63481095
26.89599393
25.45275629
23.68888364
22.27164442
20.75766904
19.54683075
18.55234915
17.5302206
16.53795971
15.60938426
14.76055264
14.0729138
13.37513542
12.75671707
12.20967297
11.65944599
11.18925869
10.76271846
10.36295079
10.01148484
9.68082946
9.378582573
9.114376687
8.872623077
8.655572123
8.459547839
8.282380271
8.122638056
7.980910948
7.853678132
7.740074136
7.638278162
7.547110701
7.466732015
7.394892924
7.331009395
7.274209373
7.224004485
7.179213365
7.139631994
7.10460162
7.073549223
7.046105822
7.02174941
7.000266589
6.981271783
6.964481979
6.949667495
6.936563139
6.92499593
6.914781604
6.905768188
6.89781069
6.890791032
6.88459364
6.879130849
6.874311245
6.870059789
6.866312745
6.863008892
6.860096932
6.857532468
6.855274563
6.85328845
6.851543445
6.850012698
6.848673687
6.847506546
6.846494717
6.845624915
6.844886722
6.84427271
6.843778782
6.843404225
6.843152347
6.843031038
6.843053644
