207.508704
119.781841
89.31064157
73.4209356
63.4913012
56.61100131
51.5144589
47.55906657
44.38208693
41.76232936
39.55673551
36.02909373
33.31245389
31.14089246
29.35574152
27.8559132
25.99874887
24.48581126
22.84745519
21.5193395
20.41576528
19.26859367
18.14141947
17.07345602
16.0850405
15.27498066
14.44356879
13.69798411
13.03087808
12.35192278
11.76468511
11.2256948
10.71451316
10.25974756
9.826842957
9.426384303
9.072244664
8.744559474
8.447156713
8.175786497
7.928137133
7.702849165
7.501387078
7.319322596
7.155912807
7.008981755
6.877217977
6.761198234
6.657972774
6.566962896
6.487148625
6.418023893
6.358124317
6.307318459
6.264856638
6.230135068
6.202812489
6.182437622
6.168880731
6.161910867
6.161443365
6.167462285
6.180061864
6.199389
6.225695965
6.259294973
6.30062038
6.350144627
6.408507935
6.476300217
6.554347961
6.643517712
6.744692772
6.85897151
6.987482989
7.131389907
7.292040063
7.470803924
7.669154206
7.888674916
8.130926614
8.39764458
8.690642272
9.011748501
9.362893577
9.746125962
10.16350748
10.6172763
11.10972295
11.64322073
12.22034973
