1649658679.985000 0.000000 0.000000 0.000000 -0.000000 0.000000 0.000000 1.000000
1649658680.986000 0.000000 0.000000 0.000000 -0.000000 0.000000 0.000000 1.000000
1649658681.982000 0.000000 0.000000 0.000000 0.520959 0.060183 -0.011279 0.851383
1649658682.985000 0.000000 0.000000 0.000000 0.528075 0.053698 0.073448 0.844310
1649658683.981000 0.000000 0.000000 0.000000 0.500317 0.089547 0.213072 0.834424
1649658684.974000 0.000000 0.000000 0.000000 0.448706 -0.039108 0.107801 0.886292
1649658685.985000 -1.959377 0.112385 -0.185382 0.524052 0.099501 0.167343 0.829135
1649658686.975000 -3.367101 0.239006 -0.342763 0.449166 0.044806 0.143902 0.880644
1649658687.983000 -4.553669 0.081105 -0.572793 0.554775 0.323451 0.228912 0.731576
1649658688.974000 -5.626514 -0.292214 -0.803805 0.429947 -0.037509 0.214041 0.876314
1649658689.986000 -6.988909 -0.772669 -1.068065 0.445523 0.202306 0.289513 0.822656
1649658690.965000 -8.448116 -1.332028 -1.191897 0.416675 -0.029261 0.271435 0.867092
1649658691.994000 -9.511326 -1.767827 -1.307726 0.522023 0.097638 0.181580 0.827640
1649658692.986000 -10.663619 -2.290359 -1.447631 0.525978 -0.074954 0.247421 0.810254
1649658693.977000 -11.456716 -2.782960 -1.747631 0.552323 0.205519 0.256585 0.766071
1649658694.964000 -12.258397 -3.255162 -1.936493 0.506061 -0.246967 0.198054 0.802299
1649658695.992000 -13.231363 -3.801149 -2.127044 0.545659 0.208319 0.102430 0.805213
1649658696.977000 -14.080738 -4.227830 -2.282002 0.534241 -0.026442 0.238590 0.810532
1649658697.987000 -14.977793 -4.726599 -2.492289 0.498308 -0.100496 0.296144 0.808634
1649658698.963000 -15.804903 -5.412132 -2.642000 0.512123 -0.001558 0.381133 0.769717
1649658699.993000 -16.704223 -6.266672 -2.814549 0.540734 0.041191 0.383839 0.747381
1649658700.987000 -17.515725 -6.947710 -2.829887 0.553850 0.021152 0.417019 0.720346
1649658701.986000 -18.216689 -7.605926 -3.010066 0.553749 0.037234 0.493950 0.669320
1649658702.963000 -19.072522 -8.220772 -3.068487 0.373718 0.000074 0.460080 0.805395
1649658703.964000 -19.919519 -8.706388 -3.026740 0.504436 -0.246288 0.434244 0.704498
1649658704.973000 -20.547365 -9.051587 -3.091483 0.486251 0.268361 0.533559 0.637854
1649658705.978000 -21.162430 -9.450696 -3.332702 0.521568 -0.051369 0.465628 0.713105
1649658706.996000 -21.964604 -9.806352 -3.569091 0.347328 -0.145524 0.586277 0.717263
1649658707.979000 -22.816177 -10.132738 -3.711803 0.585991 0.053063 0.445313 0.674904
1649658708.973000 -23.573401 -10.340714 -3.789899 0.447361 -0.017814 0.449790 0.772813
1649658709.971000 -24.183345 -10.803607 -3.835518 0.268918 -0.005839 0.540690 0.797059
1649658710.994000 -24.724782 -11.400482 -3.894503 0.436547 -0.175791 0.640208 0.607172
1649658711.975000 -25.282600 -12.162150 -3.968491 0.462910 -0.215936 0.652394 0.559882
1649658712.974000 -26.327612 -13.650123 -4.129055 0.461889 -0.006008 0.552064 0.694153
1649658713.986000 -26.825122 -14.419671 -4.254961 0.426490 0.136668 0.347427 0.823846
1649658714.994000 -27.340056 -15.148143 -4.361141 0.345444 -0.059862 0.410732 0.841656
1649658715.996000 -28.238075 -15.658709 -4.436298 0.440554 -0.201908 0.645960 0.589815
1649658717.002000 -28.973565 -16.237445 -4.388688 0.599930 -0.195560 0.666644 0.396769
1649658717.985000 -29.787324 -16.726315 -4.400881 0.543747 0.103088 0.524771 0.646783
1649658718.965000 -30.624133 -17.297810 -4.372259 0.504369 -0.133896 0.610794 0.595495
1649658719.973000 -31.358316 -17.844320 -4.248424 0.280701 -0.313521 0.717343 0.555276
1649658720.999000 -32.494382 -18.246021 -4.225687 0.346403 -0.219196 0.598622 0.688193
1649658721.976000 -33.274893 -18.817679 -4.233897 0.501757 -0.362174 0.511668 0.596042
1649658722.999000 -33.784713 -19.243009 -4.157361 0.413250 -0.212820 0.685254 0.560676
1649658723.976000 -34.494926 -19.528582 -4.109898 0.581599 -0.281848 0.458566 0.609936
1649658724.974000 -35.219520 -19.922013 -4.064604 0.611231 -0.334869 0.417138 0.583314
1649658725.987000 -35.891593 -20.352462 -4.030626 0.488963 -0.285659 0.612663 0.551324
1649658726.979000 -36.707941 -20.779791 -4.051589 0.322103 -0.194022 0.758685 0.531980
1649658727.995000 -37.275460 -21.315247 -4.088785 0.553053 -0.333655 0.582646 0.493286
1649658728.991000 -38.034253 -21.756285 -4.088026 0.511979 -0.039270 0.645593 0.565283
1649658729.981000 -38.731287 -22.338831 -4.159063 0.557342 -0.516821 0.476479 0.441853
1649658730.973000 -39.416191 -22.804856 -4.140415 0.581886 -0.411791 0.494104 0.497693
1649658732.003000 -40.008212 -23.214921 -4.086651 0.633719 -0.247647 0.541562 0.493742
1649658732.974000 -40.632912 -23.425509 -4.021962 -0.545963 0.582893 -0.448456 -0.401308
1649658733.979000 -41.349812 -23.688733 -3.927142 0.525371 -0.161874 0.720926 0.421958
1649658734.964000 -42.113677 -24.167527 -3.870873 0.525075 -0.400936 0.690832 0.293766
1649658735.992000 -42.948379 -24.783824 -3.838122 0.608027 -0.414189 0.516774 0.437829
1649658736.973000 -43.854687 -25.381561 -3.894121 0.616401 -0.475454 0.482438 0.401556
1649658737.978000 -44.731334 -26.021433 -3.880529 -0.574783 0.601405 -0.447416 -0.328262
1649658738.996000 -45.642256 -26.525873 -3.736333 0.500670 -0.252147 0.695472 0.449521
1649658739.980000 -46.477814 -27.237890 -3.607093 -0.573576 0.631508 -0.432070 -0.292444
1649658740.990000 -47.240578 -27.881940 -3.629533 0.523138 -0.403490 0.653851 0.368783
1649658741.998000 -48.094447 -28.376391 -3.565830 0.412542 -0.430355 0.692398 0.406435
1649658742.964000 -49.023183 -28.969313 -3.562617 0.472850 -0.368968 0.630825 0.492276
1649658743.981000 -49.800298 -29.795544 -3.492946 0.554416 -0.495136 0.614958 0.263228
1649658744.974000 -50.506755 -31.057858 -3.784193 0.498096 -0.575131 0.585861 0.279090
1649658745.986000 -51.158912 -32.135858 -4.029132 0.536658 -0.249640 0.792784 0.145503
1649658746.993000 -52.000691 -33.169700 -4.397397 0.464560 -0.417422 0.605770 0.492936
1649658747.991000 -52.964494 -34.201009 -4.646823 -0.282205 0.702109 -0.454309 -0.470114
1649658748.973000 -53.674997 -35.192400 -4.995203 0.516990 -0.463864 0.682344 0.227945
1649658749.987000 -54.419271 -36.145852 -5.164440 0.541562 -0.334917 0.738610 0.221352
1649658750.987000 -55.136624 -37.110210 -5.258208 0.482150 -0.575555 0.633921 0.185507
1649658751.978000 -55.928333 -37.851891 -5.285394 0.508178 -0.482626 0.638163 0.318708
1649658752.977000 -56.809477 -38.762554 -5.479978 -0.491873 0.690916 -0.504816 -0.160800
1649658753.968000 -57.709711 -39.458987 -5.634914 0.562461 -0.327454 0.738689 0.175356
1649658754.965000 -58.564651 -40.252001 -5.698365 0.558511 -0.552830 0.616923 0.043025
1649658755.997000 -59.310183 -41.135202 -6.033980 0.620655 -0.375059 0.682839 0.088596
1649658756.971000 -60.088523 -42.059772 -6.412570 0.577158 -0.517487 0.629514 0.052984
1649658757.987000 -60.835701 -42.954144 -6.907369 -0.434050 0.730167 -0.511285 -0.130552
1649658758.993000 -61.660626 -43.742065 -7.309753 -0.428613 0.719708 -0.529710 -0.133110
1649658759.976000 -62.570575 -44.485687 -7.509001 -0.376795 0.804452 -0.447564 -0.102804
1649658760.988000 -63.289670 -45.460915 -7.611198 -0.414559 0.695541 -0.580986 -0.082576
1649658761.985000 -63.802725 -46.529873 -7.793818 0.370649 -0.318391 0.867529 0.092949
1649658762.968000 -64.234745 -48.070754 -7.948647 -0.338403 0.675268 -0.623553 -0.201687
1649658763.985000 -64.385683 -49.271689 -8.117509 -0.189358 0.688113 -0.675131 -0.186659
1649658765.000000 -64.767484 -49.884561 -8.335364 0.339603 -0.661302 0.661949 0.095772
1649658765.984000 -65.517482 -50.194390 -8.514701 0.441868 -0.434243 0.770173 0.151719
1649658766.964000 -66.311032 -50.751329 -8.703175 -0.366625 0.684786 -0.628404 -0.041993
1649658767.993000 -67.203350 -51.436531 -8.907094 -0.389679 0.665446 -0.635043 -0.045297
1649658768.973000 -68.201630 -52.402292 -9.083987 0.351398 -0.588691 0.727981 0.002595
1649658769.975000 -68.956289 -52.892563 -9.247112 0.353568 -0.625748 0.691359 0.073839
1649658770.985000 -69.791504 -53.327926 -9.358290 0.144628 -0.384092 0.911496 0.027045
1649658771.980000 -70.719802 -53.883866 -9.431792 -0.299633 0.733182 -0.603853 0.089586
1649658772.992000 -71.611059 -54.496910 -9.517734 0.376042 -0.596604 0.706408 0.060361
1649658773.973000 -72.721128 -55.484120 -9.566537 0.199681 -0.575263 0.793150 -0.010617
1649658774.996000 -73.676333 -56.302144 -9.720557 0.280536 -0.394215 0.865946 0.126615
1649658775.988000 -74.606900 -57.119533 -9.902124 -0.307511 0.735140 -0.588197 0.137951
1649658776.991000 -75.592087 -57.729457 -10.057039 -0.292321 0.749690 -0.581152 -0.121553
1649658777.976000 -76.363605 -58.148791 -10.163640 0.246247 -0.502022 0.826544 -0.064500
1649658778.965000 -77.353979 -58.709332 -10.185498 0.697366 -0.297761 0.649572 0.055451
1649658779.976000 -78.406620 -59.575448 -10.152344 -0.488595 0.696652 -0.505284 0.143660
1649658780.975000 -79.623711 -60.297767 -10.060436 0.423201 -0.545726 0.718584 -0.081991
1649658781.986000 -80.722146 -60.942621 -10.038289 0.366619 -0.650262 0.657712 -0.100818
1649658782.997000 -81.811803 -61.493966 -10.125073 -0.371375 0.777564 -0.504681 0.052656
1649658783.993000 -82.820269 -62.162899 -10.299957 0.431273 -0.573385 0.667707 -0.198496
1649658784.989000 -83.808370 -62.868429 -10.500548 -0.375188 0.777972 -0.477300 0.161797
1649658785.984000 -84.706522 -63.616487 -10.619628 0.301358 -0.571838 0.759283 0.075330
1649658786.994000 -85.471963 -64.454030 -10.729553 -0.368400 0.683835 -0.589044 0.222887
1649658788.006000 -86.308581 -65.251160 -10.738892 0.296538 -0.615283 0.730389 0.004909
1649658788.975000 -87.299210 -66.112324 -10.664833 -0.299962 0.675109 -0.652613 0.168365
1649658789.994000 -88.320822 -66.860909 -10.568441 0.373166 -0.488638 0.780898 -0.110355
1649658790.989000 -89.266484 -67.565500 -10.615950 0.339416 -0.635568 0.692438 0.037150
1649658791.976000 -90.312138 -67.902394 -10.468291 -0.394283 0.727540 -0.550910 0.108279
1649658792.988000 -91.158223 -68.400758 -10.321966 0.439750 -0.541119 0.643652 -0.315472
1649658793.988000 -91.980327 -69.051516 -10.171902 0.421479 -0.585562 0.634855 -0.276465
1649658794.989000 -92.871869 -69.716350 -9.962769 0.419732 -0.563920 0.649864 -0.288956
1649658795.978000 -93.867810 -70.355601 -9.876075 0.406458 -0.606512 0.634821 -0.252858
1649658796.973000 -94.860398 -71.039601 -9.788512 0.311609 -0.628134 0.692012 -0.171658
1649658797.984000 -95.689359 -71.869909 -9.679062 -0.368099 0.617787 -0.597720 0.354363
1649658798.993000 -96.506903 -72.590668 -9.680404 0.311506 -0.532748 0.758126 -0.210686
1649658799.995000 -97.308910 -73.600470 -9.813914 -0.274045 0.835535 -0.438368 0.186051
1649658800.988000 -98.228470 -74.539928 -9.657087 -0.235688 0.675187 -0.633048 0.296350
1649658801.996000 -99.183885 -75.462562 -9.509803 0.250447 -0.653060 0.670525 -0.247355
1649658802.995000 -100.103849 -76.523422 -9.459264 0.378371 -0.470781 0.688073 -0.402189
1649658803.998000 -101.255047 -77.554001 -9.505144 0.433072 -0.548307 0.674061 -0.239687
1649658804.973000 -102.372544 -78.551260 -9.425131 -0.254259 0.808114 -0.491292 0.202326
1649658805.984000 -103.287833 -79.536902 -9.368613 0.380068 -0.532610 0.663738 -0.362390
1649658806.986000 -104.246071 -80.426532 -9.356276 -0.350343 0.641319 -0.423086 0.535694
1649658807.989000 -105.174663 -80.993103 -9.336174 0.372188 -0.461289 0.640787 -0.487935
1649658808.990000 -106.125126 -81.531589 -9.416591 -0.335216 0.638345 -0.599770 0.347019
1649658809.986000 -107.089554 -82.237929 -9.529248 -0.316533 0.759256 -0.399233 0.404907
1649658810.988000 -108.000229 -83.043246 -9.639799 -0.393943 0.620526 -0.601496 0.312984
1649658811.996000 -108.923073 -83.943111 -9.672987 -0.324194 0.728815 -0.483566 0.360405
1649658813.004000 -109.766295 -84.871542 -9.779556 -0.291167 0.739253 -0.503732 0.339089
1649658813.945000 -110.608188 -85.846855 -9.976268 -0.203025 0.744638 -0.483782 0.412612
1649658814.994000 -111.463222 -86.689669 -10.173855 -0.229168 0.679366 -0.643728 0.267503
1649658815.991000 -112.329816 -87.670828 -10.221626 0.171665 -0.549248 0.742925 -0.341935
1649658816.989000 -113.146847 -88.726110 -10.352998 -0.140689 0.867082 -0.406048 0.251991
1649658817.985000 -113.540134 -89.826034 -10.556836 -0.220028 0.690946 -0.478676 0.495026
1649658818.996000 -113.614921 -91.068979 -10.578593 0.059326 0.832380 -0.538125 0.118516
1649658819.964000 -113.347857 -92.347868 -10.769904 0.129587 0.706601 -0.685739 0.116985
1649658821.004000 -112.990888 -93.729514 -10.929314 0.125396 0.705600 -0.678978 0.159354
1649658821.984000 -112.710330 -94.927225 -11.056151 0.124904 0.813485 -0.562494 0.079005
1649658822.974000 -112.361414 -96.019358 -11.032425 0.133147 0.736864 -0.617805 0.240040
1649658823.982000 -112.042153 -97.184330 -11.204018 0.224640 0.802731 -0.551970 0.022114
1649658824.973000 -111.864298 -98.223671 -11.301417 0.003942 0.713616 -0.600441 0.360842
1649658826.002000 -111.809549 -99.118703 -11.239220 0.265906 0.673756 -0.602661 0.334883
1649658826.988000 -111.761146 -100.174362 -11.134534 -0.206939 0.774568 -0.596055 -0.044029
1649658827.995000 -111.797131 -101.391966 -10.961181 0.075137 0.775243 -0.602776 0.173246
1649658828.974000 -111.670717 -102.437883 -10.714032 0.247315 0.853976 -0.390864 0.238299
1649658829.984000 -111.435957 -103.439234 -10.720126 -0.225856 -0.639836 0.718786 -0.151477
1649658830.985000 -110.991555 -104.407507 -10.582776 0.212841 0.746980 -0.593861 0.209879
1649658831.976000 -110.515934 -105.473474 -10.414858 0.174098 0.769973 -0.576876 0.209871
1649658832.997000 -110.395650 -106.759428 -10.359428 -0.203617 -0.668298 0.695401 -0.168331
1649658833.977000 -110.136622 -108.163624 -10.335491 0.127277 0.702730 -0.679299 0.168889
1649658834.975000 -109.619503 -109.428785 -10.206644 0.300089 0.849206 -0.428075 0.074486
1649658835.979000 -109.388613 -110.677028 -10.130774 0.181458 0.833540 -0.477444 0.210551
1649658836.987000 -108.960629 -111.630276 -9.936107 0.127349 0.822104 -0.534168 0.150307
1649658837.986000 -108.499685 -112.533586 -9.858955 0.305449 0.706171 -0.525940 0.362506
1649658838.993000 -108.298907 -113.404335 -9.738131 0.108681 0.746903 -0.633862 0.168945
1649658839.985000 -107.970295 -114.325910 -9.652050 0.159870 0.761853 -0.553656 0.295781
1649658840.974000 -107.629363 -115.343517 -9.562832 0.275065 0.827486 -0.397959 0.285017
1649658841.981000 -107.384885 -116.400480 -9.469052 0.312930 0.670428 -0.626318 0.245615
1649658842.983000 -107.180329 -117.535610 -9.410922 0.318473 0.743491 -0.526575 0.261753
1649658844.012000 -107.023569 -118.850807 -9.424560 0.280877 0.682257 -0.587899 0.331676
1649658844.998000 -106.837201 -120.087285 -9.482961 -0.167736 -0.657240 0.701920 -0.217275
1649658845.986000 -106.890915 -121.211526 -9.401494 0.218010 0.663438 -0.618468 0.360304
1649658846.986000 -106.864786 -122.338524 -9.470781 0.332676 0.630459 -0.542031 0.445029
1649658847.963000 -106.878688 -123.441654 -9.480588 0.255750 0.784058 -0.496184 0.271379
1649658848.974000 -106.825290 -124.647192 -9.399115 -0.283652 -0.604607 0.613006 -0.422155
1649658849.984000 -106.957547 -126.106908 -9.534753 -0.121984 -0.597390 0.779712 -0.142461
1649658850.986000 -107.211626 -127.524406 -9.353971 -0.203988 -0.457748 0.782972 -0.368526
1649658851.995000 -107.475295 -128.910286 -9.175664 0.404885 0.749757 -0.404416 0.332235
1649658852.974000 -107.641047 -130.216021 -9.064415 0.325910 0.851557 -0.320786 0.256377
1649658854.008000 -107.552750 -131.427457 -8.846416 0.424118 0.692096 -0.393982 0.431167
1649658854.994000 -107.518695 -131.970979 -8.884115 0.403930 0.623194 -0.603061 0.291182
1649658856.003000 -107.264057 -133.152918 -8.784857 0.280783 0.648553 -0.512267 0.487979
1649658857.006000 -106.955172 -134.472360 -8.954887 0.444318 0.581444 -0.454380 0.507979
1649658858.001000 -106.561416 -135.780425 -8.950875 0.446878 0.638550 -0.523807 0.343773
1649658858.985000 -106.111981 -137.084791 -8.983259 0.288793 0.769876 -0.435462 0.366419
1649658859.975000 -105.795721 -138.422624 -8.879849 0.323176 0.630322 -0.526861 0.469755
1649658860.989000 -105.504069 -139.454806 -8.713974 0.562779 0.548797 -0.454048 0.419455
1649658861.988000 -105.251837 -140.333830 -8.548058 -0.502659 -0.564020 0.608084 -0.243824
1649658862.985000 -105.032012 -141.345263 -8.499652 -0.364976 -0.568005 0.664667 -0.319970
1649658863.975000 -104.939348 -142.362421 -8.390388 0.395262 0.614418 -0.398511 0.554480
1649658864.972000 -104.812924 -143.221198 -8.383213 0.516666 0.580028 -0.456604 0.433746
1649658865.985000 -104.761750 -144.210375 -8.383980 -0.514809 -0.552063 0.586461 -0.293704
1649658866.953000 -104.853345 -145.179694 -8.470421 0.458784 0.419960 -0.556843 0.550524
1649658867.988000 -104.842660 -146.307221 -8.640778 0.445160 0.476301 -0.480119 0.586903
1649658868.986000 -104.600503 -147.257874 -8.644104 -0.494315 -0.512707 0.613374 -0.341404
1649658869.986000 -104.038422 -148.165682 -8.618859 0.491920 0.662080 -0.366423 0.430579
1649658870.986000 -103.575208 -149.098099 -8.517341 0.621284 0.451544 -0.425361 0.478729
1649658871.963000 -103.355205 -150.071631 -8.560057 0.471994 0.455199 -0.501879 0.564033
1649658872.973000 -103.321107 -150.762625 -8.506867 0.485353 0.561367 -0.474458 0.473486
1649658873.992000 -103.234051 -151.614989 -8.431862 0.690490 0.547301 -0.400004 0.252355
1649658874.997000 -102.321044 -152.911165 -8.304230 0.567216 0.602392 -0.353638 0.436269
1649658875.991000 -101.690063 -154.434932 -8.161448 0.497503 0.517563 -0.434373 0.544003
1649658876.973000 -102.144578 -155.048793 -7.992700 0.491599 0.498201 -0.497349 0.512611
1649658877.976000 -101.976509 -156.226562 -7.812919 0.486602 0.444288 -0.536426 0.527327
1649658878.977000 -101.701672 -157.681248 -7.689100 0.700562 0.350339 -0.531539 0.322402
1649658880.009000 -101.301897 -159.146044 -7.627882 0.672515 0.465583 -0.435753 0.375600
1649658880.973000 -100.841536 -160.524693 -7.503563 0.627746 0.485485 -0.392507 0.464950
1649658881.987000 -100.415990 -161.763523 -7.377324 0.635314 0.498988 -0.355298 0.470266
1649658882.993000 -100.149492 -162.883769 -7.462169 -0.579418 -0.342711 0.605234 -0.424871
1649658883.994000 -100.340117 -163.796352 -7.355368 0.562093 0.486600 -0.520165 0.420357
1649658884.987000 -100.130858 -165.045801 -7.259870 0.608847 0.310638 -0.446425 0.577507
1649658885.996000 -100.042791 -166.188605 -7.020463 0.590056 0.510948 -0.477669 0.403235
1649658886.985000 -100.164324 -167.105702 -6.711700 0.683283 0.344925 -0.371034 0.525818
1649658887.981000 -100.020146 -167.973321 -6.573306 0.616578 0.410441 -0.534246 0.407371
1649658889.002000 -99.695389 -169.418398 -6.468269 0.649371 0.373430 -0.372209 0.548022
1649658889.988000 -99.415510 -170.888481 -6.362922 0.667924 0.397380 -0.326290 0.538053
1649658890.996000 -99.237565 -172.345458 -6.195086 0.689959 0.336911 -0.376371 0.518452
1649658891.996000 -98.844994 -173.954273 -6.213857 0.694439 0.304521 -0.355123 0.546726
1649658892.988000 -98.311715 -175.444818 -6.253437 0.704979 0.228121 -0.415186 0.527813
1649658893.988000 -98.183068 -176.515439 -6.194917 0.664262 0.268290 -0.549734 0.429615
1649658894.985000 -97.332297 -178.081779 -6.206994 0.663528 0.395426 -0.352315 0.528434
1649658895.979000 -96.541169 -179.189805 -6.094216 0.676665 0.373933 -0.324521 0.544963
1649658896.989000 -96.214093 -180.205268 -5.892355 0.678727 0.340996 -0.337892 0.555770
1649658897.975000 -95.789706 -181.376340 -5.850326 0.715385 0.302300 -0.289540 0.559469
1649658898.986000 -95.323553 -182.602449 -5.845737 0.748933 0.212523 -0.365667 0.510119
1649658899.996000 -95.039991 -183.689403 -5.810514 0.692992 0.250191 -0.571140 0.361891
1649658901.000000 -95.054568 -184.779998 -5.687165 0.715109 0.279752 -0.356465 0.532251
1649658901.995000 -95.403542 -185.138652 -5.621958 0.732369 0.282177 -0.305764 0.538999
1649658902.985000 -95.660730 -185.799267 -5.508814 0.716977 0.293755 -0.315056 0.548080
1649658903.986000 -94.679406 -187.711122 -5.532294 0.758511 0.175145 -0.342291 0.526140
1649658904.974000 -94.747516 -188.700343 -5.309045 0.693088 0.126464 -0.674693 0.220056
1649658905.986000 -94.488827 -189.873663 -5.264392 0.742399 0.155097 -0.319826 0.567890
1649658906.992000 -94.725517 -191.048682 -5.069291 0.675879 0.281479 -0.295580 0.613669
1649658907.978000 -94.811666 -192.375212 -5.032180 0.699994 -0.000908 -0.440449 0.562150
1649658908.987000 -94.736611 -193.541053 -4.924276 0.717236 0.080233 -0.412712 0.555702
1649658909.983000 -94.359939 -195.157646 -4.860174 0.745113 0.143905 -0.286933 0.584608
1649658910.968000 -93.991246 -196.546316 -4.685932 0.762613 0.067225 -0.459294 0.450501
1649658911.983000 -93.838721 -197.758913 -4.452457 0.717846 0.172494 -0.550633 0.389546
1649658912.973000 -93.776438 -198.969620 -4.401091 0.765962 -0.057447 -0.393045 0.505488
1649658913.975000 -93.735774 -200.069809 -4.489978 0.766541 0.053544 -0.249360 0.589379
1649658914.964000 -93.476426 -201.591416 -4.523882 0.786552 -0.038060 -0.291004 0.543326
1649658915.994000 -93.109222 -203.018615 -4.450246 0.803690 0.020969 -0.254994 0.537234
1649658916.974000 -92.665221 -204.488884 -4.493974 0.784235 -0.091631 -0.466944 0.398175
1649658917.988000 -92.360252 -205.908248 -4.442037 0.825316 0.181017 -0.380422 0.375985
1649658918.985000 -92.307032 -207.133877 -4.432089 0.791311 -0.104211 -0.341089 0.496614
1649658919.974000 -92.312879 -208.203892 -4.395728 0.887663 0.189790 -0.225194 0.354007
1649658920.973000 -92.167241 -209.961513 -4.346442 0.774081 0.204734 -0.038082 0.597857
1649658921.985000 -91.646184 -210.992340 -4.278875 0.790305 -0.084827 -0.137717 0.590980
1649658922.985000 -92.149293 -212.008808 -4.115472 0.690316 -0.097519 -0.486570 0.526501
1649658923.976000 -92.053746 -212.892920 -4.107558 0.863327 -0.047816 -0.375893 0.333293
1649658924.989000 -91.563334 -214.758054 -4.168598 0.843092 -0.064897 -0.193950 0.497361
1649658925.973000 -91.357514 -215.770283 -4.153245 0.616870 -0.172462 -0.278904 0.715501
1649658926.993000 -90.621444 -217.337996 -4.166357 0.795732 0.240873 -0.334068 0.444060
1649658927.994000 -90.214866 -218.765882 -4.058137 0.763861 0.246851 -0.333404 0.494391
1649658928.997000 -90.053963 -220.049298 -3.797935 0.800670 -0.258017 -0.225974 0.491212
1649658929.975000 -90.268218 -221.655493 -3.464243 0.806636 -0.070313 -0.076338 0.581866
1649658931.012000 -90.180456 -222.599810 -3.262856 0.907172 0.012876 -0.223275 0.356401
1649658931.994000 -89.813191 -224.008937 -3.231480 0.826343 -0.127603 -0.109860 0.537406
1649658932.974000 -89.458060 -225.300003 -3.180202 0.696634 -0.046792 0.022804 0.715536
1649658933.974000 -89.164284 -226.405062 -3.148678 0.908301 0.118594 -0.246523 0.316467
1649658934.986000 -88.794790 -227.679911 -3.071328 0.842805 0.161544 -0.250531 0.448127
1649658935.965000 -88.438178 -228.868446 -3.064601 0.669045 -0.135225 -0.162235 0.712582
1649658936.974000 -88.171565 -230.083823 -2.867424 0.739656 -0.199150 -0.040784 0.641549
1649658937.975000 -87.795783 -231.403322 -2.823442 0.902057 0.130561 -0.093945 0.400527
1649658938.997000 -87.516313 -232.559713 -2.805546 0.886809 -0.208760 -0.032937 0.410979
1649658939.996000 -87.164955 -233.630129 -2.900082 0.899462 0.107135 0.038434 0.421916
1649658940.973000 -86.630457 -234.454453 -2.926176 0.627924 0.027038 0.168347 0.759368
1649658941.995000 -86.127942 -235.341571 -2.978810 0.723177 -0.124156 0.204195 0.648001
1649658942.984000 -85.608111 -236.407469 -2.793163 0.878042 -0.003833 0.098462 0.468330
1649658943.985000 -85.198408 -237.444247 -2.793887 0.787927 -0.036062 0.356474 0.500796
1649658944.990000 -84.857394 -238.280323 -2.880842 0.704442 -0.054957 0.559087 0.433777
1649658945.985000 -84.236383 -238.753013 -2.925472 0.746775 -0.140900 0.582369 0.288654
1649658946.988000 -83.677588 -238.487843 -3.054838 0.646275 -0.064817 0.695749 0.306692
1649658947.976000 -82.974004 -237.962653 -3.234543 0.660290 -0.044682 0.665385 0.345375
1649658948.987000 -81.789673 -237.384095 -3.210948 0.641176 0.269822 0.615106 0.371125
1649658949.986000 -80.773609 -236.875476 -3.199570 0.762445 -0.079407 0.612092 0.194204
1649658950.974000 -79.472047 -236.462284 -3.204260 0.678088 0.273624 0.586203 0.348846
1649658951.989000 -78.179264 -236.310602 -3.281644 0.698829 0.090685 0.664516 0.248663
1649658952.995000 -76.901962 -236.366568 -3.330040 0.620295 -0.199035 0.664107 0.366852
1649658953.996000 -75.313413 -236.069149 -3.382422 0.682993 -0.159645 0.591082 0.398316
1649658954.985000 -73.968559 -235.861652 -3.455102 0.682420 -0.156241 0.579386 0.417378
1649658955.990000 -72.791386 -235.619889 -3.640411 0.710745 -0.007922 0.625706 0.321356
1649658956.987000 -71.581682 -235.349992 -3.773668 0.647936 -0.032527 0.694049 0.312117
1649658957.973000 -70.391536 -235.153948 -3.836264 0.710730 0.209778 0.657255 0.137374
1649658958.991000 -68.516888 -234.990911 -4.085456 0.676700 0.115470 0.658692 0.308006
1649658959.986000 -66.793134 -234.379044 -4.484874 0.579000 0.210020 0.739937 0.270450
1649658960.973000 -65.023975 -234.334145 -4.738411 0.726152 -0.017077 0.670126 0.152785
1649658961.996000 -63.280394 -234.145392 -4.802099 0.671984 -0.276588 0.674776 0.128897
1649658962.985000 -61.711709 -234.047740 -4.835461 0.663575 0.003139 0.690105 0.288814
1649658963.994000 -60.398511 -234.359306 -4.818693 0.629717 0.127637 0.685543 0.342339
1649658964.993000 -58.925899 -234.479643 -4.792794 0.635603 -0.131894 0.733947 0.199837
1649658965.973000 -57.820874 -234.573638 -4.904646 0.636666 -0.131181 0.729338 0.213337
1649658966.967000 -56.732609 -234.186916 -5.061810 0.607404 0.197234 0.691673 0.337264
1649658967.993000 -55.638382 -233.775338 -4.957725 0.695227 0.060219 0.707726 0.110258
1649658968.974000 -54.396717 -233.454214 -4.957332 0.699869 -0.238423 0.672790 0.026278
1649658969.993000 -53.070207 -233.199655 -4.936836 0.599374 -0.174690 0.764341 0.161298
1649658971.000000 -51.882777 -232.949266 -4.951883 0.615902 -0.141915 0.769799 0.089078
1649658971.990000 -50.652639 -232.755389 -5.100468 0.762063 -0.079834 0.640573 0.050525
1649658973.004000 -49.518204 -232.878729 -5.141249 0.584485 0.280534 0.720717 0.245448
1649658973.975000 -48.389853 -232.870153 -5.105039 0.644066 0.075988 0.761081 -0.012643
1649658974.968000 -47.174257 -232.779069 -5.153100 0.655914 -0.138244 0.732631 -0.117969
1649658975.989000 -45.908813 -232.562210 -5.173300 0.674622 -0.185026 0.700373 -0.141877
1649658976.988000 -44.723085 -232.322217 -5.182394 0.662115 -0.063239 0.744142 0.062116
1649658977.975000 -43.584251 -232.067443 -5.145380 0.666100 -0.336726 0.659468 -0.089606
1649658978.973000 -42.557450 -231.758793 -5.221396 0.527331 -0.256524 0.787691 -0.188840
1649658979.964000 -41.396833 -231.389323 -5.230899 0.523752 -0.222086 0.814286 -0.115321
1649658980.976000 -39.696344 -231.487765 -5.397584 0.613090 -0.140722 0.777356 0.006030
1649658981.984000 -38.272647 -231.546255 -5.314050 0.697186 -0.024707 0.713038 0.069988
1649658982.986000 -36.871691 -231.530257 -5.234188 0.668735 -0.187146 0.717227 -0.057927
1649658983.979000 -35.320942 -231.158976 -5.188780 0.355826 -0.273724 0.889099 -0.089250
1649658984.973000 -35.074662 -230.615193 -5.037174 0.394608 -0.228357 0.878314 -0.143882
1649658985.985000 -34.159845 -230.136293 -5.003704 0.533852 -0.165535 0.829212 -0.002779
1649658986.986000 -32.843315 -229.650324 -4.800059 0.592781 -0.064037 0.758824 -0.262100
1649658987.995000 -31.538966 -229.337807 -4.674873 0.551289 -0.360272 0.641584 -0.393262
1649658988.973000 -30.362669 -229.094362 -4.604852 0.524721 -0.223307 0.794263 -0.209638
1649658989.975000 -29.207249 -228.952841 -4.461014 0.470631 0.175956 0.861901 -0.068351
1649658990.978000 -27.824901 -228.915510 -4.354405 0.559480 0.039523 0.819899 -0.114832
1649658991.988000 -26.403335 -228.942434 -4.306091 0.511899 -0.327086 0.756657 -0.241753
1649658992.985000 -25.282868 -228.913847 -4.281497 0.515939 -0.371971 0.652615 -0.411750
1649658993.988000 -23.465274 -229.054073 -4.278205 0.504572 -0.166278 0.766372 -0.361154
1649658994.985000 -22.364627 -228.986814 -4.080604 0.715529 -0.195101 0.589184 -0.320650
1649658995.976000 -20.743880 -228.952480 -4.042010 0.704129 -0.173192 0.631766 -0.274004
1649658996.995000 -19.805707 -228.392194 -3.984996 0.394636 -0.277005 0.812808 -0.326915
1649658998.007000 -18.856785 -228.117122 -3.955827 0.594602 -0.301574 0.620394 -0.413052
1649658998.983000 -17.661217 -227.946099 -3.942085 0.688601 -0.053707 0.642534 -0.331804
1649658999.963000 -15.906282 -227.696229 -4.094979 0.430897 -0.150218 0.763417 -0.457119
1649659000.974000 -14.331324 -227.394683 -4.328213 -0.460694 0.355367 -0.641330 0.500172
1649659001.994000 -12.675869 -227.208565 -4.532699 0.611784 -0.262741 0.676472 -0.314758
1649659002.986000 -11.091556 -226.906491 -4.693657 0.584754 -0.170430 0.701083 -0.370807
1649659003.992000 -9.764207 -226.715394 -4.628505 -0.489393 0.199366 -0.681858 0.505784
1649659004.974000 -8.247090 -226.697854 -4.786548 0.479779 -0.396068 0.641765 -0.448420
1649659005.974000 -6.364277 -226.332921 -4.869219 0.508335 -0.254339 0.689717 -0.448550
1649659006.984000 -4.733359 -225.926588 -4.945775 0.483960 -0.169463 0.790634 -0.334609
1649659007.984000 -3.291624 -225.693091 -4.860207 0.498020 -0.261575 0.721611 -0.403525
1649659008.974000 -2.264105 -225.423195 -4.841717 -0.303853 0.376870 -0.717977 0.500151
1649659009.989000 -1.242598 -225.069981 -4.861187 -0.374530 0.409987 -0.648336 0.520863
1649659010.990000 -0.331216 -224.352236 -4.967148 0.537604 -0.242004 0.704853 -0.394459
1649659011.995000 -0.011176 -223.356088 -5.126771 -0.280100 0.146599 -0.791241 0.523441
1649659012.974000 1.126498 -222.650894 -5.610034 0.218651 -0.055942 0.891757 -0.392214
1649659013.999000 1.975636 -221.799344 -6.000867 -0.222919 0.361900 -0.727761 0.538237
1649659014.983000 2.715900 -221.005295 -6.599032 -0.136245 0.459469 -0.672820 0.563594
1649659015.979000 3.339306 -220.383146 -6.922199 0.072322 -0.285034 0.842315 -0.451697
1649659016.974000 4.176426 -219.776253 -7.241628 0.237650 -0.325542 0.844552 -0.352529
1649659017.996000 4.899344 -219.217607 -7.459909 -0.052023 0.448633 -0.729960 0.513011
1649659018.985000 5.594602 -217.929343 -7.066696 -0.003532 0.233966 -0.680703 0.694184
1649659019.988000 6.706809 -216.154815 -6.667028 0.018945 0.245012 -0.638033 0.729743
1649659020.977000 7.405974 -215.066254 -6.375301 -0.046761 0.313374 -0.557586 0.767273
1649659021.975000 7.818554 -214.143817 -6.010877 0.322083 0.095306 -0.500770 0.797752
1649659022.986000 8.423299 -212.959006 -5.885666 0.201983 0.345116 -0.719887 0.567327
1649659024.009000 8.817403 -211.850996 -5.917833 0.151452 0.275782 -0.532189 0.785991
1649659024.973000 9.890872 -210.920382 -6.369718 0.315259 0.292621 -0.609673 0.665796
1649659025.990000 9.961956 -210.462670 -6.353867 0.362504 0.289220 -0.525828 0.713055
1649659026.965000 9.847655 -209.959441 -6.824357 0.342595 0.469414 -0.489412 0.650196
1649659027.989000 9.484950 -208.680023 -6.593808 0.297742 0.460594 -0.544869 0.634288
1649659028.974000 9.541289 -207.334796 -6.771766 0.395590 0.404560 -0.418264 0.710559
1649659029.993000 9.330596 -205.999664 -6.676729 0.384546 0.331756 -0.459046 0.728930
1649659030.988000 9.270271 -204.902418 -6.600987 -0.311190 -0.538196 0.623377 -0.474244
1649659031.993000 9.322575 -203.792982 -6.537607 0.328524 0.546440 -0.458545 0.619042
1649659032.977000 9.125524 -202.441717 -6.624481 0.516641 0.431484 -0.414248 0.612619
1649659033.999000 8.994403 -201.105423 -6.733912 0.562129 0.283356 -0.517753 0.579355
1649659034.981000 8.964692 -199.907353 -6.953067 0.457696 0.320053 -0.335866 0.758468
1649659036.007000 8.617317 -198.931144 -6.944979 0.465356 0.420804 -0.262975 0.732948
1649659036.988000 8.620565 -197.859245 -6.929968 0.438912 0.373751 -0.384373 0.721058
1649659037.986000 8.626951 -196.655495 -6.703385 0.485443 0.395224 -0.463606 0.627067
1649659038.985000 7.602023 -194.614630 -6.626678 0.424174 0.377218 -0.507264 0.648434
1649659040.003000 6.905694 -193.134419 -6.615823 0.461731 0.392511 -0.448638 0.656859
1649659040.993000 6.479124 -191.343658 -6.708442 0.600463 0.295817 -0.479534 0.567436
1649659041.990000 5.764168 -189.960850 -6.666508 0.634110 0.208847 -0.231158 0.707710
1649659042.967000 5.459495 -188.542545 -6.754648 0.613054 0.311061 -0.206687 0.696194
1649659044.007000 5.632210 -187.108362 -6.871131 0.575186 0.401661 -0.440103 0.560481
1649659044.974000 5.565550 -185.977891 -6.992935 -0.469975 -0.317647 0.701481 -0.431449
1649659045.990000 5.379897 -184.543059 -7.063210 0.569850 0.136552 -0.364645 0.723642
1649659046.986000 5.689039 -183.349404 -7.240030 0.550702 0.133285 -0.343077 0.749174
1649659047.963000 6.060941 -182.273324 -7.274950 0.467562 0.393763 -0.565534 0.553632
1649659048.973000 6.552695 -180.871910 -7.252340 0.381009 0.217294 -0.356888 0.824771
1649659049.994000 6.952107 -179.579408 -7.358766 0.165095 0.000534 -0.432645 0.886319
1649659050.979000 7.354024 -178.484888 -7.533259 0.391036 0.031947 -0.286037 0.874216
1649659051.993000 7.833679 -177.339683 -7.517549 0.584862 0.259594 -0.401375 0.655321
1649659052.973000 8.068525 -176.090726 -7.668443 0.526759 0.278899 -0.496087 0.631378
1649659053.975000 8.044405 -174.953321 -7.731899 0.542457 0.106555 -0.319245 0.769720
1649659054.998000 8.041184 -173.667451 -7.764104 0.489671 0.170563 -0.298968 0.801092
1649659055.986000 8.108276 -172.264649 -7.782113 0.407436 0.187910 -0.374532 0.811425
1649659056.976000 8.526719 -171.782076 -7.753721 0.426593 0.220239 -0.439368 0.759256
1649659057.989000 8.620130 -170.545738 -7.635518 0.474270 0.192123 -0.371152 0.774857
1649659058.985000 8.395535 -168.804584 -7.251883 0.443522 0.115697 -0.377793 0.804472
1649659059.994000 8.467631 -167.633287 -7.200238 0.385078 0.057235 -0.393474 0.832837
1649659060.985000 9.245153 -166.680752 -6.978377 0.484710 0.042399 -0.288140 0.824763
1649659061.999000 9.454067 -165.118607 -6.841935 0.401063 0.284511 -0.302111 0.816659
1649659062.989000 9.989951 -163.534885 -7.093230 0.398304 0.162858 -0.377710 0.819857
1649659063.963000 10.257884 -160.942140 -6.906767 0.491043 0.013539 -0.269952 0.828142
1649659064.984000 10.538042 -159.543377 -7.002800 0.296008 -0.028696 -0.134238 0.945270
1649659065.997000 10.599713 -158.094880 -6.939156 0.301152 0.077699 -0.532385 0.787297
1649659066.968000 11.005091 -156.883590 -6.896772 0.119974 -0.233334 -0.516855 0.814876
1649659067.995000 11.241618 -155.727083 -6.901834 0.462286 -0.006070 -0.210607 0.861336
1649659068.982000 11.977092 -154.867289 -6.759555 0.475739 0.098520 -0.141952 0.862448
1649659069.988000 12.317852 -154.007182 -6.702751 0.501226 0.099638 -0.111413 0.852310
1649659071.009000 12.804267 -153.761906 -6.268672 0.570841 -0.046155 -0.157098 0.804568
1649659071.991000 13.145773 -152.444053 -6.423972 0.492083 -0.064917 -0.060284 0.866029
1649659072.986000 13.529594 -151.224905 -6.453144 0.419063 -0.029052 -0.171686 0.891104
1649659073.974000 13.940472 -149.901959 -6.575238 0.376140 -0.011102 -0.225956 0.898520
1649659074.978000 14.337001 -148.579566 -6.516442 0.371889 -0.048100 -0.254807 0.891324
1649659075.987000 14.678440 -147.404265 -6.513423 0.404565 0.012596 -0.327597 0.853726
1649659076.973000 14.226312 -146.929927 -6.513376 0.287541 0.017239 -0.445164 0.847851
1649659077.998000 14.263074 -145.479884 -6.503737 0.272960 -0.265070 -0.397998 0.834762
1649659078.978000 14.147760 -144.257449 -6.372033 0.543819 -0.098552 -0.271289 0.788004
1649659079.964000 14.419694 -143.386245 -6.539452 0.522665 -0.036237 -0.131760 0.841515
1649659080.997000 15.128336 -142.758211 -6.807221 0.458587 -0.076724 -0.124342 0.876556
1649659081.977000 15.522302 -141.935306 -6.834691 0.450539 -0.037680 -0.122512 0.883508
1649659082.986000 15.784070 -140.761120 -6.704217 0.439743 -0.052644 -0.170352 0.880247
1649659083.964000 16.249103 -139.616230 -6.847558 0.472930 -0.059037 -0.163893 0.863708
1649659084.965000 16.651082 -138.390304 -6.914130 0.401046 -0.252086 -0.023038 0.880388
1649659085.975000 17.144754 -137.429406 -6.941851 0.209831 -0.375602 -0.316066 0.845575
1649659086.985000 17.778587 -136.599697 -7.080350 0.234239 -0.372544 -0.244294 0.864097
1649659087.975000 18.233822 -135.648361 -7.169826 0.599462 -0.095257 -0.013260 0.794604
1649659088.978000 18.743637 -134.622204 -7.313226 0.406521 -0.154108 0.048463 0.899246
1649659089.976000 19.347244 -133.679747 -7.341451 0.254227 -0.231867 -0.241501 0.907350
1649659090.975000 20.444473 -132.929188 -7.504084 0.309436 -0.179375 -0.206810 0.910661
1649659091.980000 21.996644 -132.215024 -7.631310 0.371738 -0.195200 -0.109576 0.900944
1649659092.966000 22.430778 -131.069215 -7.680259 0.387621 -0.306523 -0.030073 0.868844
1649659093.985000 23.417284 -130.235951 -7.901038 0.484569 -0.167894 -0.362141 0.778369
1649659094.975000 24.058051 -128.642877 -7.895390 0.564361 -0.219800 -0.097994 0.789672
1649659095.983000 24.579298 -127.589920 -7.885268 0.346611 -0.299540 -0.015645 0.888759
1649659096.990000 25.248119 -126.376062 -7.966814 0.269187 -0.277495 -0.045230 0.921135
1649659097.993000 26.097946 -125.116312 -8.126704 0.277049 -0.245886 -0.125363 0.920363
1649659099.021000 26.938639 -124.238754 -8.171919 0.320003 -0.257431 -0.165518 0.896622
1649659099.985000 27.777172 -123.361990 -8.222616 0.326521 -0.288841 -0.140899 0.888877
1649659100.995000 28.472063 -122.301270 -8.364179 0.325458 -0.286625 -0.108050 0.894566
1649659101.974000 29.075050 -120.906092 -8.578676 0.306035 -0.322975 -0.109612 0.888828
1649659103.011000 29.848211 -119.675678 -8.657534 0.237113 -0.345929 -0.072417 0.904912
1649659103.974000 29.440536 -118.767491 -8.778536 0.417608 -0.261479 0.002396 0.870188
1649659104.992000 29.816956 -117.225210 -9.038802 0.329654 -0.306770 0.069848 0.890136
1649659105.974000 30.774721 -116.114917 -9.526544 0.331135 -0.325516 -0.091461 0.880922
1649659106.953000 31.638353 -115.153518 -9.771963 0.425040 -0.365284 0.019925 0.827956
1649659107.963000 32.564104 -114.331115 -9.881348 0.207577 -0.316005 0.100765 0.920271
1649659108.990000 33.401587 -113.317388 -9.937073 0.322824 -0.330559 -0.075475 0.883639
1649659109.974000 34.050295 -112.253188 -9.955967 0.568731 -0.202723 -0.143794 0.784074
1649659110.973000 34.754712 -111.371079 -9.921629 0.460867 -0.059960 -0.259409 0.846589
1649659111.964000 35.702133 -110.878831 -9.984089 0.410178 -0.252624 -0.075158 0.873090
1649659112.982000 36.500947 -110.068681 -10.196720 0.495118 -0.518557 -0.043917 0.695721
1649659113.996000 37.501494 -109.099709 -10.462243 0.438543 -0.529930 0.063612 0.723054
1649659114.967000 38.503967 -108.237774 -10.595055 0.168078 -0.540849 0.119303 0.815474
1649659115.965000 39.304341 -107.549616 -10.710887 0.510188 -0.358071 -0.083844 0.777472
1649659116.987000 39.929405 -107.012199 -10.721035 0.267041 -0.646958 -0.101847 0.706938
1649659117.973000 40.441000 -106.572346 -10.830604 0.246075 -0.456169 0.101487 0.849151
1649659118.975000 41.180152 -106.128162 -11.139676 0.450420 -0.216298 0.225314 0.836403
1649659119.983000 42.148780 -105.309326 -11.230748 0.382548 -0.444325 0.166184 0.792852
1649659120.996000 43.074732 -104.601790 -11.294960 0.047063 -0.700096 -0.012558 0.712386
1649659121.975000 44.125068 -103.799252 -11.408096 0.088509 -0.650522 0.033825 0.753553
1649659122.966000 45.274622 -102.889044 -11.590317 0.058069 -0.570576 0.253702 0.778913
1649659123.964000 46.461964 -101.960609 -11.741212 0.349683 -0.447895 0.161394 0.806885
1649659124.986000 47.695647 -101.685519 -11.831750 0.223773 -0.655665 0.105006 0.713444
1649659125.974000 48.826832 -101.121073 -11.945823 0.117017 -0.725488 -0.005094 0.678194
1649659126.980000 49.688150 -100.087091 -12.137307 0.122406 -0.639248 0.165274 0.740988
1649659127.963000 50.329131 -99.143293 -12.218815 0.257776 -0.346813 0.319357 0.843376
1649659128.981000 51.037565 -98.194816 -12.322975 0.190291 -0.389729 0.445673 0.783119
1649659129.975000 51.431475 -96.449663 -11.971384 0.208718 -0.629258 0.332325 0.670844
1649659130.981000 51.757698 -94.988054 -11.950853 0.260022 -0.273330 0.221951 0.899120
1649659131.984000 52.138930 -93.840606 -11.912771 0.203520 0.051994 0.120684 0.970212
1649659132.990000 52.745674 -92.387432 -11.744150 -0.086375 -0.044932 0.375344 0.921758
1649659133.975000 52.945880 -90.753949 -11.621366 0.199102 -0.056516 0.587754 0.782119
1649659134.974000 52.745528 -88.695151 -11.183451 0.025071 -0.128518 0.444717 0.886048
1649659135.977000 52.998320 -87.388811 -10.964555 0.133699 -0.314262 0.204413 0.917376
1649659136.988000 52.057670 -84.928145 -10.596535 0.314868 -0.390967 0.244937 0.829463
1649659137.973000 52.323133 -83.758979 -10.576643 0.366268 -0.272577 0.453586 0.765381
1649659138.983000 52.652258 -82.423029 -10.568150 0.205472 -0.472335 0.393554 0.761444
1649659139.982000 52.874682 -80.863919 -10.486196 0.287024 -0.187663 0.256175 0.903755
1649659140.996000 52.889806 -79.566115 -10.428262 0.108842 -0.178033 0.376084 0.902784
1649659141.975000 52.842285 -77.592266 -10.284787 0.186755 -0.400913 0.370416 0.816813
1649659142.994000 53.262620 -76.019041 -10.372773 0.158001 -0.283827 0.353533 0.877207
1649659143.982000 53.564835 -74.583551 -10.434731 0.144166 -0.205168 0.380808 0.890004
1649659144.963000 53.610953 -73.194380 -10.429962 0.109896 -0.169071 0.405816 0.891432
1649659145.997000 53.544685 -71.880919 -10.582936 0.163286 -0.213976 0.385823 0.882436
1649659146.974000 53.732013 -70.749559 -10.917380 0.128727 -0.198878 0.417413 0.877293
1649659147.989000 53.643626 -69.282820 -11.149536 0.163141 -0.271777 0.544317 0.776686
1649659148.978000 53.378705 -67.937869 -11.562979 0.226604 -0.056542 0.572094 0.786233
1649659149.976000 52.656879 -66.132776 -11.729926 0.143224 -0.166896 0.470521 0.854543
1649659150.953000 51.811548 -64.408589 -11.769181 0.089325 -0.141169 0.481678 0.860279
1649659151.987000 50.707564 -62.613207 -11.701205 -0.007406 -0.208254 0.559559 0.802165
1649659152.978000 50.475701 -60.696343 -10.653863 0.263467 0.006031 0.522491 0.810896
1649659154.005000 49.668435 -59.002893 -9.808999 0.224686 -0.119854 0.653630 0.712685
1649659154.978000 49.159541 -57.279368 -9.055479 0.091018 -0.103513 0.581317 0.801917
1649659155.964000 48.309060 -55.808223 -9.038124 0.046453 -0.037798 0.566696 0.821747
1649659156.978000 47.643770 -54.376720 -8.840672 0.253803 -0.011107 0.653146 0.713344
1649659157.975000 46.534734 -53.058674 -8.737141 0.158702 -0.044970 0.732772 0.660180
1649659158.983000 45.692078 -51.758112 -8.805512 0.068290 -0.161087 0.691933 0.700441
1649659159.983000 44.893574 -50.696585 -8.637055 0.107239 -0.144049 0.650816 0.737691
1649659160.992000 44.331829 -49.713220 -8.428598 0.261600 -0.059063 0.677636 0.684753
1649659161.967000 43.601327 -48.925001 -8.275736 0.116252 0.010210 0.675161 0.728381
1649659162.985000 43.066921 -48.226472 -8.372176 0.052331 -0.000737 0.650634 0.757586
1649659163.983000 42.548300 -47.374983 -8.559184 0.042629 -0.072846 0.779916 0.620167
1649659164.964000 41.984363 -45.854878 -8.153615 0.177307 0.016986 0.576868 0.797181
1649659165.974000 41.459493 -44.321569 -7.924543 0.197294 0.259402 0.540501 0.775658
1649659166.985000 40.942966 -42.844965 -7.810377 0.212158 0.124466 0.661131 0.708804
1649659167.963000 40.342730 -41.353463 -7.662283 0.053438 0.069518 0.735482 0.671847
1649659168.976000 39.519577 -39.914739 -7.326281 0.000182 0.047602 0.712772 0.699779
1649659169.976000 39.068145 -38.546138 -6.931684 -0.025316 0.113947 0.773569 0.622870
1649659170.955000 38.569228 -37.426930 -6.705268 0.105146 0.047051 0.801942 0.586191
1649659171.965000 37.818179 -36.364607 -6.542910 0.217615 0.117246 0.789978 0.561099
1649659172.964000 36.945723 -35.497176 -6.457719 -0.104982 -0.033707 0.828410 0.549162
1649659173.975000 36.262520 -34.724256 -6.624573 0.176821 0.020391 0.692689 0.698928
1649659174.975000 35.612225 -33.860832 -6.325659 0.299064 -0.006231 0.752259 0.587051
1649659175.963000 34.912901 -32.945532 -6.077918 0.223434 -0.093708 0.773146 0.586124
1649659177.000000 34.571810 -33.082224 -5.900804 0.061030 -0.058112 0.802649 0.590468
1649659177.985000 33.740039 -32.377242 -5.724483 0.071089 -0.062471 0.811535 0.576589
1649659178.953000 32.842864 -31.556065 -5.477457 0.191656 -0.083920 0.770660 0.601921
1649659179.990000 32.060456 -30.572386 -5.329670 0.111415 0.102963 0.762642 0.628778
1649659180.968000 31.021347 -30.164976 -5.398116 0.101618 0.116703 0.472115 0.867849
1649659181.978000 29.774611 -29.574618 -5.279840 0.109897 0.057794 0.640836 0.757570
1649659182.972000 29.096463 -28.369445 -5.362410 0.027568 0.018683 0.845786 0.532481
1649659183.995000 28.270728 -27.283630 -5.182138 -0.080043 -0.007896 0.863725 0.497503
1649659184.989000 27.520650 -26.170901 -5.009378 0.209198 -0.044778 0.876043 0.432181
1649659185.974000 26.635211 -25.034907 -4.782534 -0.008289 0.023183 0.934841 0.354211
1649659186.976000 25.379138 -24.341208 -4.361474 -0.153230 -0.043740 0.877372 0.452577
1649659187.965000 23.130449 -24.244815 -4.083968 0.072362 -0.097177 0.862607 0.491151
1649659188.989000 21.461863 -23.581869 -3.847869 0.120185 0.119327 0.665218 0.727187
1649659189.988000 20.633820 -22.197648 -3.847695 0.130714 -0.018229 0.784646 0.605732
1649659190.976000 19.908288 -20.620118 -3.932572 0.134583 -0.047469 0.831414 0.537015
1649659191.986000 18.760505 -19.307359 -3.694987 0.155807 -0.079215 0.781613 0.598774
1649659192.990000 17.739442 -18.075627 -3.658334 0.095615 -0.098662 0.807232 0.574021
1649659193.989000 16.835922 -16.967647 -3.585149 0.084756 -0.071216 0.840808 0.529893
1649659194.953000 15.957691 -16.020480 -3.712672 0.050843 -0.054885 0.864163 0.497619
1649659195.984000 15.131622 -14.963909 -3.757732 0.282627 0.035024 0.739110 0.610419
1649659196.965000 14.392789 -13.983143 -3.805830 0.029831 -0.186710 0.850959 0.490019
1649659197.964000 13.537180 -12.947891 -3.716866 0.008337 -0.192893 0.856689 0.478336
1649659198.981000 12.571943 -12.054904 -3.842422 0.162776 -0.041659 0.762220 0.625131
1649659199.983000 11.559529 -10.986440 -3.951224 0.174118 -0.169600 0.868429 0.432145
1649659200.995000 10.614914 -9.743161 -4.031365 0.242185 -0.013946 0.775123 0.583383
1649659202.002000 9.650875 -8.694703 -4.142467 0.229895 0.085992 0.833866 0.494390
1649659202.985000 8.653048 -7.565349 -4.174872 0.124604 0.024471 0.903096 0.410235
1649659203.968000 7.804953 -6.638355 -4.168235 -0.036743 -0.177011 0.874047 0.450953
1649659204.975000 7.252467 -5.635639 -4.217522 0.122418 -0.231678 0.859459 0.438941
1649659205.973000 6.901923 -4.545685 -4.341427 0.163556 -0.063733 0.737096 0.652593
1649659206.982000 6.393078 -3.537892 -4.610581 -0.089774 -0.293796 0.843502 0.440600
1649659207.987000 5.576120 -2.655556 -4.736492 0.135123 -0.240560 0.830658 0.483611
1649659208.965000 4.644114 -1.854423 -5.021140 0.130372 -0.243708 0.823824 0.494898
1649659209.996000 3.519519 -0.948590 -5.201570 0.018849 -0.238645 0.852154 0.465324
1649659210.973000 2.306125 -0.009434 -5.409649 0.026557 -0.223235 0.857620 0.462547
1649659211.986000 1.073160 0.899815 -5.640210 -0.109059 -0.190871 0.883323 0.414023
1649659212.989000 -0.087892 1.515349 -5.918693 -0.223482 -0.132897 0.888909 0.377140
1649659213.976000 -1.600557 1.592706 -6.028889 -0.233398 -0.095682 0.887480 0.385679
1649659214.987000 -2.839845 1.052763 -6.208527 -0.236190 -0.078726 0.901444 0.354140
1649659216.001000 -4.017252 0.498377 -6.261418 -0.203932 -0.086578 0.913271 0.341835
1649659216.991000 -5.322379 0.152457 -6.201146 -0.304200 -0.087731 0.902739 0.291253
1649659217.976000 -6.661429 -0.065480 -6.076800 -0.339201 -0.012526 0.918559 0.202572
1649659218.975000 -7.901305 -0.439606 -6.136261 -0.309426 0.023119 0.918218 0.246163
1649659219.993000 -9.214283 -0.962352 -6.198789 -0.428290 -0.016948 0.835182 0.344603
1649659220.982000 -10.578313 -1.602400 -6.367317 -0.475762 0.184256 0.726965 0.459590
1649659221.966000 -11.796666 -2.396215 -6.623543 -0.348078 0.109509 0.906435 0.212661
1649659222.986000 -12.931502 -3.206836 -6.936073 -0.344350 0.099491 0.926080 0.117899
1649659224.000000 -14.087991 -3.930867 -7.109741 -0.457868 0.099445 0.846610 0.252426
1649659224.979000 -15.130473 -4.827004 -7.244535 -0.441335 0.093823 0.851035 0.268626
1649659225.999000 -16.294508 -5.642588 -7.244902 -0.316734 0.099374 0.933303 0.136928
1649659226.980000 -17.514674 -6.390183 -7.288481 -0.359431 0.232659 0.880421 0.203807
1649659228.015000 -18.700486 -6.840228 -7.270352 -0.329873 0.082069 0.930396 0.137154
1649659229.002000 -19.799055 -7.237529 -7.246832 -0.391042 0.072735 0.896163 0.196691
1649659230.012000 -21.019083 -7.876892 -7.111217 -0.390159 0.150811 0.903859 0.089838
1649659231.014000 -21.982557 -8.645217 -7.063527 -0.344254 0.244846 0.906313 -0.011700
1649659232.006000 -22.628532 -9.310950 -7.029088 -0.377514 0.280948 0.882040 -0.023584
1649659232.995000 -23.316385 -9.802791 -6.935267 -0.450566 0.228151 0.862164 0.040131
1649659233.979000 -24.146236 -10.194984 -6.837032 -0.423888 0.139184 0.883116 0.145092
1649659235.012000 -25.032152 -10.719485 -6.723640 -0.291632 0.166556 0.941893 -0.006892
1649659236.013000 -25.859041 -11.304287 -6.571543 -0.503585 0.257208 0.816938 0.113398
1649659237.023000 -26.667739 -12.017778 -6.403354 -0.395653 0.351794 0.832314 0.164176
1649659237.996000 -27.439505 -12.906207 -6.335671 -0.404103 0.218910 0.882527 0.099621
1649659239.042000 -28.136272 -13.649756 -6.326571 -0.352890 0.177275 0.918706 0.004566
1649659240.028000 -29.202643 -14.262673 -6.266997 -0.399612 0.194654 0.895660 -0.014606
1649659240.979000 -30.302016 -15.251010 -6.143360 -0.493872 0.201687 0.836634 0.124319
1649659241.991000 -31.274253 -16.138255 -6.150987 -0.453943 0.358900 0.753757 0.311412
1649659242.996000 -32.148776 -17.333095 -6.157798 -0.430195 0.185043 0.882800 -0.036827
1649659243.992000 -32.997108 -18.218593 -6.248637 -0.381622 0.174407 0.907419 -0.023172
1649659244.981000 -33.825803 -18.880892 -6.369408 -0.388526 0.292145 0.852076 0.194075
1649659246.020000 -34.770146 -19.718321 -6.400096 -0.378521 0.191970 0.902578 0.072268
1649659247.007000 -35.498300 -20.353920 -6.387756 -0.358236 0.154826 0.918094 0.069280
1649659247.996000 -36.217329 -20.773478 -6.381235 -0.187383 0.090693 0.955901 0.207162
1649659249.009000 -36.573062 -20.987371 -6.329548 0.195898 0.038089 0.902562 0.381518
1649659250.033000 -36.831241 -21.344215 -6.180403 0.496011 -0.052455 0.737508 0.455306
1649659250.994000 -36.972733 -21.285444 -5.958213 0.499830 -0.069545 0.726096 0.467031
1649659251.996000 -36.972733 -21.285444 -5.958213 0.507306 -0.061197 0.735583 0.444762
